Sample	percent	start	end
TCGA-04-1331-01	0	0.845176433987108	0.845041086828113
TCGA-04-1332-01	0	0.798878546197121	0.79885489731482
TCGA-04-1336-01	0.0598162254153503	0.647223775168368	0.707039974709668
TCGA-04-1338-01	1	2.5874050679775e-08	1
TCGA-04-1343-01	0	0.171101241770726	0.00177695217706975
TCGA-04-1346-01	0	0.00165503365036723	0.00138100157984367
TCGA-04-1347-01	1	2.5874050679775e-08	1
TCGA-04-1348-01	0	0.992491479869174	0.151133771144695
TCGA-04-1349-01	1	2.5874050679775e-08	1
TCGA-04-1350-01	0.812827039914682	2.5874050679775e-08	0.812827039914682
TCGA-04-1356-01	0	0.344114213648401	0.156074550488177
TCGA-04-1360-01	0	0.656794483010723	0.0516875560383423
TCGA-04-1361-01	0.330734069327604	0.183125094230058	0.513859137683612
TCGA-04-1362-01	0.000179022556505757	0.0812288393928075	0.0814078360752626
TCGA-04-1367-01	0	0.502299362196889	0.000602347899328559
TCGA-04-1371-01	0	0.155978454264032	0.0669955758737001
TCGA-04-1516-01	0.297211830412882	2.5874050679775e-08	0.297211830412882
TCGA-04-1517-01	0	0.65635819476852	0.655073134168518
TCGA-04-1519-01	1	2.5874050679775e-08	1
TCGA-04-1525-01	0	0.831100898680814	0.115800193439577
TCGA-04-1536-01	0	0.061130860055255	0.00178016055935148
TCGA-04-1542-01	1	2.5874050679775e-08	1
TCGA-04-1638-01	1	2.5874050679775e-08	1
TCGA-04-1644-01	0.00134974572664826	0.998650280147402	1
TCGA-04-1646-01	0	0.976786267482158	0.73551623039093
TCGA-04-1649-01	1	2.5874050679775e-08	1
TCGA-04-1651-01	0	0.782844448752186	0.781245432421495
TCGA-04-1652-01	0	0.194738739490252	0.107371824933793
TCGA-04-1654-01	0.608246173790668	0.391753852083382	1
TCGA-04-1655-01	1	2.5874050679775e-08	1
TCGA-09-0365-01	1	2.5874050679775e-08	1
TCGA-09-0367-01	0	0.901389568478017	0.364325443705686
TCGA-09-1661-01	0	0.333150524540748	0.330151049344117
TCGA-09-1665-01	0	0.859860708083242	0.473538776572941
TCGA-09-1666-01	0	0.689393535797952	0.242466427319624
TCGA-09-1667-01	1	2.5874050679775e-08	1
TCGA-09-1668-01	1	2.5874050679775e-08	1
TCGA-09-1669-01	0	0.911766822227496	0.351393670808749
TCGA-09-1670-01	0	0.770286840501821	0.767125600740474
TCGA-09-1672-01	0	0.104362983330824	0.104064215667871
TCGA-09-1673-01	0	0.983525681457162	0.0550933314524623
TCGA-09-1674-01	0	0.845315351765093	0.641143321515533
TCGA-09-1675-01	0	0.793783712756018	0.732883519862383
TCGA-09-2043-01	0	0.830294715010398	0.0872008290252824
TCGA-09-2044-01	0	0.868129563066718	0.69392622961445
TCGA-09-2049-01	0	0.50457739123901	0.0618436384027938
TCGA-09-2050-01	0	0.845176459861158	0.108983079690446
TCGA-09-2051-01	0.968811807447074	2.5874050679775e-08	0.968811807447074
TCGA-10-0927-01	0	0.845176433987108	0.845176304616854
TCGA-10-0928-01	0	0.0324948062371262	0.0320237691448892
TCGA-10-0930-01	0.00520443591969223	0.242085095561019	0.247289505606661
TCGA-10-0933-01	0	0.002912926497178	0.00284412739647721
TCGA-10-0935-01	0	0.577340370626629	0.576927679518627
TCGA-13-0717-01	0	0.537067255532461	0.0604063348887174
TCGA-13-0723-01	0	0.852304320958698	0.480941989317588
TCGA-13-0724-01	0	0.969470819517345	0.0893526703223423
TCGA-13-0726-01	0	0.839948400933215	0.839922604504708
TCGA-13-0727-01	1	2.5874050679775e-08	1
TCGA-13-0730-01	0	0.331876977893289	0.331862203810363
TCGA-13-0751-01	0.999667880685748	2.5874050679775e-08	0.999667880685748
TCGA-13-0755-01	0.0596831292987633	0.655185738036984	0.714868841461697
TCGA-13-0757-01	0	0.974086776028862	0.372386090203513
TCGA-13-0758-01	0	0.893808885619904	0.338003539104397
TCGA-13-0760-01	0	0.858133485831538	0.208712874392015
TCGA-13-0764-01	0	0.511411090254614	0.511324929665921
TCGA-13-0766-01	0.0687388659108632	0.802524329305149	0.871263169341962
TCGA-13-0768-01	0.85576753676528	0.144232489108771	1
TCGA-13-0791-01	0	0.983525681457162	0.0966632022175303
TCGA-13-0791-02	0	0.70415532854986	0.0179541589961966
TCGA-13-0792-01	0	0.720895813451821	0.717770797361395
TCGA-13-0793-01	1	2.5874050679775e-08	1
TCGA-13-0794-01	0.0201042408578117	0.85203600705337	0.872140222037131
TCGA-13-0797-01	0.00302871287387453	0.578610527773452	0.581639214773276
TCGA-13-0799-01	4.02341487738766e-05	0.831123641971343	0.831163850246066
TCGA-13-0801-01	0	0.893619875679844	0.223794134047402
TCGA-13-0802-01	1	2.5874050679775e-08	1
TCGA-13-0804-01	0.183825867018091	0.092397890840537	0.276223731984578
TCGA-13-0807-01	0	0.91998452421282	0.373962518487979
TCGA-13-0884-01	0	0.432132585052338	0.0528358722806146
TCGA-13-0885-01	0	0.983525681457162	0.641072374868628
TCGA-13-0887-01	0	0.189703338743511	0.188479832510025
TCGA-13-0888-01	1	2.5874050679775e-08	1
TCGA-13-0889-01	0.0157672842345451	0.830294715010398	0.846061973370893
TCGA-13-0890-01	0	0.606639343496678	0.605815073864852
TCGA-13-0891-01	0	0.811046646488874	0.0280708610555459
TCGA-13-0893-01	0	0.85711971465269	0.289955659898127
TCGA-13-0899-01	0	0.531991413644541	0.169076545558602
TCGA-13-0900-01	0	0.822762209634612	0.0771227569235661
TCGA-13-0901-01	0.130446510303396	2.5874050679775e-08	0.130446510303396
TCGA-13-0904-01	0	0.845315351765093	0.845041086828113
TCGA-13-0911-01	0	0.560642862522811	0.560521668469527
TCGA-13-0913-01	1	2.5874050679775e-08	1
TCGA-13-0916-01	0	0.839924803799014	0.344765075392714
TCGA-13-0919-01	0	0.854148804407986	0.677801262503603
TCGA-13-0920-01	0	0.79456340139856	0.145552764291719
TCGA-13-1405-01	0	0.499561991133429	0.364995917980398
TCGA-13-1407-01	1	2.5874050679775e-08	1
TCGA-13-1408-01	0	0.114169584893032	0.114156673741753
TCGA-13-1409-01	1	2.5874050679775e-08	1
TCGA-13-1410-01	0.196056504890286	0.803943520983765	1
TCGA-13-1411-01	0.970349088292895	2.5874050679775e-08	0.970349088292895
TCGA-13-1412-01	0.7196198346436	0.000876224725548158	0.720496033495097
TCGA-13-1477-01	1	2.5874050679775e-08	1
TCGA-13-1484-01	0	0.0317166700376242	0.0294237892904251
TCGA-13-1487-01	0	0.855163998659621	0.682587366772249
TCGA-13-1488-01	0	0.849294961874716	0.563745730425873
TCGA-13-1489-01	0	0.85393599034132	0.139345450168506
TCGA-13-1489-02	0	0.85393599034132	0.139345450168506
TCGA-13-1491-01	0	0.998113497092442	0.0804440794363369
TCGA-13-1492-01	0	0.00917229921031626	0.00855121849831098
TCGA-13-1494-01	0	0.969115517053703	0.222215609964832
TCGA-13-1495-01	0	0.873394052657988	0.186336270909176
TCGA-13-1496-01	0	0.257183742578449	0.256956982398478
TCGA-13-1497-01	0	0.829891079820127	0.133647156243896
TCGA-13-1498-01	0.0332132768758098	0.960795327953721	0.994008578955481
TCGA-13-1499-01	0.881259531191699	0.00198611800259263	0.88324562332024
TCGA-13-1500-01	0.000775678164689419	0.0305737097238382	0.031349362014477
TCGA-13-1501-01	0	0.344765075392714	0.271419722872876
TCGA-13-1504-01	0	0.500493431083082	0.500442588573538
TCGA-13-1505-01	0	0.950420532239054	0.0136687693558921
TCGA-13-1506-01	0.00621072949790033	0.70442961936089	0.710640322984739
TCGA-13-1507-01	0.265105393676139	2.5874050679775e-08	0.265105393676139
TCGA-13-1509-01	0	0.920984633892921	0.78967579322918
TCGA-13-1510-01	0	0.591806448853561	0.109481388032077
TCGA-13-1511-01	0	0.697760531055575	0.212562467397079
TCGA-13-1512-01	0	0.974298244644893	0.508384059194032
TCGA-13-1817-01	0.206645822358963	2.5874050679775e-08	0.206645822358963
TCGA-13-1817-02	0.206645822358963	2.5874050679775e-08	0.206645822358963
TCGA-13-1819-01	0	0.608639097123967	0.484767881692249
TCGA-13-1819-02	0	0.988618858959023	0.243390156802181
TCGA-13-2059-01	0	0.684271249989101	0.11164280272788
TCGA-13-2060-01	0	0.301624132271666	0.197624731100694
TCGA-13-2061-01	0	0.878005274218234	0.877756107110394
TCGA-13-2071-01	0.00315187335500872	0.502156925548014	0.505308773028972
TCGA-13-A5FT-01	0	0.845318637769526	0.150088485372144
TCGA-13-A5FU-01	0.006466572110811	0.706132520004975	0.712599066241735
TCGA-20-0987-01	0	0.983525681457162	0.160923269959417
TCGA-20-0990-01	0.00121434681955264	0.0024765865068741	0.00369090745237599
TCGA-20-1682-01	0	0.999748995834562	0.431417167551633
TCGA-20-1683-01	0	0.925152218980577	0.0025520869866954
TCGA-20-1684-01	0	0.34882730134609	0.302518520580776
TCGA-20-1685-01	1	2.5874050679775e-08	1
TCGA-20-1686-01	1	2.5874050679775e-08	1
TCGA-20-1687-01	0	0.169278932382852	0.169199421425178
TCGA-23-1021-01	0	0.94217881913472	0.283500524117707
TCGA-23-1022-01	0	0.845315351765093	0.019724849653007
TCGA-23-1024-01	0	0.654910877996839	0.649645456939745
TCGA-23-1028-01	0	0.926339087558331	0.452387050648273
TCGA-23-1029-01	0.0131240170933293	0.695657410595905	0.708781401815184
TCGA-23-1030-01	0	0.861038494869215	0.710657580976529
TCGA-23-1031-01	0	0.704553116204683	0.297800387443209
TCGA-23-1032-01	0	0.922013334398999	0.743356481725249
TCGA-23-1110-01	0	0.995402543434704	0.290318672828865
TCGA-23-1113-01	0	0.538364658054627	0.367013369458338
TCGA-23-1114-01	0.59417674476033	0.154738336890023	0.748915055776303
TCGA-23-1116-01	0.819269471536229	0.0966632022175303	0.915932647879708
TCGA-23-1117-01	0	0.845315351765093	0.0237193373417585
TCGA-23-1118-01	0	0.973077377564574	0.370126017752548
TCGA-23-1119-01	0	0.754879464311935	0.00386364261457184
TCGA-23-1121-01	0	0.901172614563246	0.0335224976552289
TCGA-23-1122-01	0.684450919396873	0.315549106477178	1
TCGA-23-1123-01	0	0.808852035386076	0.80813265915562
TCGA-23-1124-01	0	0.845315351765093	0.00309971126888131
TCGA-23-1809-01	0	0.853093427755679	0.85303099367144
TCGA-23-2072-01	0.0249169953986365	0.229491910490999	0.254408880015584
TCGA-23-2077-01	0.00130125775571434	2.5874050679775e-08	0.00130125775571432
TCGA-23-2641-01	0.868129563066718	2.5874050679775e-08	0.868129563066718
TCGA-23-2643-01	0	0.0403376708505611	0.0402080677308129
TCGA-23-2645-01	0.31370894399435	2.5874050679775e-08	0.31370894399435
TCGA-24-0970-01	0	0.802176789056705	0.699450339430027
TCGA-24-0975-01	0.367460550675868	0.535303757861733	0.90276428266355
TCGA-24-0979-01	0	0.831158804806188	0.00386364261457184
TCGA-24-0982-01	0	0.66442913913851	0.194745544365575
TCGA-24-1103-01	0.000583640960702466	0.265045805737472	0.265629420824124
TCGA-24-1105-01	0	0.983525681457162	0.976786267482158
TCGA-24-1413-01	1	2.5874050679775e-08	1
TCGA-24-1417-01	0.687109245235572	0.312890780638479	1
TCGA-24-1418-01	1	2.5874050679775e-08	1
TCGA-24-1422-01	0	0.886606403760265	0.737528843421397
TCGA-24-1423-01	0	0.619806156269796	0.232996317786229
TCGA-24-1424-01	0	0.990901985189124	0.0451930917009216
TCGA-24-1425-01	0.114695992453678	0.193176930044407	0.307872896624034
TCGA-24-1426-01	0.0139252846941199	0.695606723330665	0.709531982150734
TCGA-24-1427-01	0	0.974298244644893	0.572746562302476
TCGA-24-1430-01	0.00089469879771825	0.372990818515502	0.373885491439169
TCGA-24-1431-01	0	0.695654564450333	0.376627390461495
TCGA-24-1434-01	0	0.26328916469017	0.257934012425392
TCGA-24-1435-01	0	0.0635151796974811	0.0408613875099385
TCGA-24-1436-01	0	0.845315351765093	0.845176356364956
TCGA-24-1466-01	0	0.875754438803355	0.408211119626836
TCGA-24-1469-01	0.998223073696981	0.00177695217706975	1
TCGA-24-1470-01	0.0124176813844045	0.13767082986179	0.150088485372144
TCGA-24-1474-01	0	0.888772294666833	0.14947413191331
TCGA-24-1544-01	0	0.826616589339048	0.333456174701176
TCGA-24-1548-01	0	0.9447932108354	0.452516550271819
TCGA-24-1550-01	0	0.828516831367505	0.553338799140288
TCGA-24-1551-01	0	0.831168248834678	0.124381684577159
TCGA-24-1552-01	0	0.864867543878056	0.637538807518306
TCGA-24-1553-01	0	0.955260609777374	0.15370707485293
TCGA-24-1556-01	0	0.845315351765093	0.0500928606741106
TCGA-24-1557-01	0	0.705345871242806	0.350080924974542
TCGA-24-1558-01	0	0.853093427755679	1.19020633027045e-06
TCGA-24-1563-01	0	0.791184612619277	0.443722270941622
TCGA-24-1564-01	0	0.99345606447772	0.845041086828113
TCGA-24-1565-01	0.99999055597151	9.46990254102609e-06	1
TCGA-24-1567-01	0	0.861359591837886	0.636830712373936
TCGA-24-1604-01	0	0.76290743188378	0.160923269959417
TCGA-24-1614-01	1	2.5874050679775e-08	1
TCGA-24-1616-01	1	2.5874050679775e-08	1
TCGA-24-1842-01	0	0.90337294383124	0.413258888169792
TCGA-24-1843-01	0	0.0858702818442226	0.0292694505782475
TCGA-24-1844-01	0.000121168179233482	0.00165477490986066	0.00177591721504344
TCGA-24-1846-01	0	0.987142356258199	0.986306003444716
TCGA-24-1847-01	0	0.702862945593521	0.354430430512378
TCGA-24-1850-01	0	0.846879826238155	0.37762726727514
TCGA-24-1852-01	0.999618694115447	2.5874050679775e-08	0.999618694115447
TCGA-24-1852-02	0	0.0181969610875754	0.0179541589961966
TCGA-24-1920-01	0	0.926482843783789	0.000469277656792166
TCGA-24-1924-01	0	0.45924879713479	0.0408613875099385
TCGA-24-1928-01	0.99999055597151	9.46990254102609e-06	1
TCGA-24-2020-01	0	0.991497890449839	0.094012328105421
TCGA-24-2023-01	0	0.989556948539696	0.0667463828918086
TCGA-24-2024-01	0.430603790895134	2.5874050679775e-08	0.430603790895134
TCGA-24-2026-01	0.018507346199274	0.945320705106174	0.963828025431397
TCGA-24-2027-01	0	0.882599289534793	0.153299765547465
TCGA-24-2030-01	0	0.941306372020567	0.00391422638360905
TCGA-24-2033-01	0.0263251388576208	0.695046808874416	0.721371921857987
TCGA-24-2254-01	0	0.924706124473175	0.735162299251973
TCGA-24-2260-01	0	0.721338932443397	0.712533993004329
TCGA-24-2261-01	1	2.5874050679775e-08	1
TCGA-24-2267-01	0.144029351937052	2.5874050679775e-08	0.144029351937052
TCGA-24-2280-01	0.0028263260496242	0.705890571757268	0.708716871932841
TCGA-24-2288-01	0	0.865102480258035	0.115920844137798
TCGA-24-2289-01	0	0.77088804994292	0.014542898283337
TCGA-24-2293-01	0	0.840693858206735	0.324209823957875
TCGA-24-2295-01	0	0.845315351765093	0.393213019170265
TCGA-24-2297-01	0.0263848561665405	0.97361516970751	1
TCGA-24-2298-01	0	0.723390744660611	0.170301759479431
TCGA-25-1312-01	0	0.419017287514081	0.308818489679398
TCGA-25-1313-01	0.372471603940939	2.5874050679775e-08	0.372471603940939
TCGA-25-1314-01	0	0.201655183719861	0.011627462003245
TCGA-25-1315-01	0.000655312081026349	0.684413117408861	0.685068403615837
TCGA-25-1317-01	1	2.5874050679775e-08	1
TCGA-25-1318-01	0.522575122136516	2.5874050679775e-08	0.522575122136516
TCGA-25-1320-01	1	2.5874050679775e-08	1
TCGA-25-1321-01	1	2.5874050679775e-08	1
TCGA-25-1322-01	0	0.790417395269152	0.00391422638360905
TCGA-25-1323-01	0	0.706280519574741	0.451429374411252
TCGA-25-1329-01	0.758907070785529	0.241092955088521	1
TCGA-25-1623-01	1	2.5874050679775e-08	1
TCGA-25-1627-01	0	0.00178016055935148	0.00138100157984367
TCGA-25-1628-01	0	0.284495174373119	0.261191814143796
TCGA-25-1630-01	0.00724020622549841	0.265593999248773	0.272834179600221
TCGA-25-1631-01	0	0.805441499146635	0.775269302940914
TCGA-25-1633-01	0	0.538364658054627	0.538164108287973
TCGA-25-1634-01	1	2.5874050679775e-08	1
TCGA-25-1635-01	0	0.943390630297308	0.111936913061715
TCGA-25-1870-01	0.00251922694235916	0.0431529745546048	0.0456721756229133
TCGA-25-1871-01	0.828898784103325	0.171101241770726	1
TCGA-25-1877-01	1	2.5874050679775e-08	1
TCGA-25-1878-01	0	0.640966161890675	0.495728181299266
TCGA-25-2042-01	0.00412812716040237	0.0607635261580571	0.0648916274444089
TCGA-25-2391-01	0	0.98363287764904	0.64114673689022
TCGA-25-2392-01	0	0.966879817958459	0.149626530071688
TCGA-25-2393-01	0	0.678825072814107	0.466133778518799
TCGA-25-2397-01	0	0.875905724377555	0.302798503682951
TCGA-25-2398-01	1	2.5874050679775e-08	1
TCGA-25-2400-01	0	0.925152218980577	0.0966632022175303
TCGA-25-2401-01	0	0.845315351765093	0.720316389961375
TCGA-29-1688-01	0.000464051098559149	0.339205388757482	0.33966941398199
TCGA-29-1690-01	0.00134620098170806	0.603888647297128	0.605234822404785
TCGA-29-1691-01	0	0.00178016055935148	0.00177695217706975
TCGA-29-1692-01	0.000390749913043784	0.0447664027315132	0.0451571267705063
TCGA-29-1693-01	0.729264775137293	0.0285931287680865	0.757857878031329
TCGA-29-1694-01	0.00502285183217128	0.368862665481049	0.373885491439169
TCGA-29-1695-01	0.541681944215495	0.458318081658556	1
TCGA-29-1697-01	0	0.163050634404554	0.0781939943689268
TCGA-29-1698-01	0.11389798498327	0.849930066322178	0.963828025431397
TCGA-29-1701-01	0.99999055597151	9.46990254102609e-06	1
TCGA-29-1702-01	0	0.957249392807185	0.0125512691079541
TCGA-29-1703-01	0.987166393251261	2.5874050679775e-08	0.987166393251261
TCGA-29-1704-01	0	0.64154245462099	0.640603925181457
TCGA-29-1704-02	0	0.64143831156709	0.640603925181457
TCGA-29-1705-01	0.000178427453340613	0.642120946645612	0.642299348224902
TCGA-29-1707-01	0	0.845315351765093	0.845041086828113
TCGA-29-1710-02	0.0045387742184025	0.60908441540985	0.613623163754202
TCGA-29-1711-01	0	0.431578078272677	0.107857506738702
TCGA-29-1762-01	1	2.5874050679775e-08	1
TCGA-29-1763-01	0	0.531559782731457	0.0610685812153202
TCGA-29-1766-01	1	2.5874050679775e-08	1
TCGA-29-1769-01	0.219373009137343	0.780627016736707	1
TCGA-29-1774-01	0	0.536406484026745	0.515613346570153
TCGA-29-1775-01	0	0.845176459861158	0.0758615004501697
TCGA-29-1776-01	0.00045075183652071	0.80637105029059	0.80682177625306
TCGA-29-1777-01	0	0.94836558926171	0.502671249927003
TCGA-29-1778-01	0	0.845315351765093	0.0691163941840205
TCGA-29-1781-01	0	0.999434367378556	0.372142615386817
TCGA-29-1783-01	1	2.5874050679775e-08	1
TCGA-29-1784-01	0.0394001763730537	0.825528223272151	0.864928373771154
TCGA-29-1785-01	0	0.845315351765093	0.27675394303067
TCGA-29-2428-01	0	0.976723936894122	0.97668023562256
TCGA-29-2429-01	0.354305588217951	0.6456944376561	1
TCGA-29-2431-01	3.10488607901299e-06	0.641143657878192	0.64114673689022
TCGA-29-2432-01	0	0.757551322279128	0.345235051648874
TCGA-29-2434-01	0	0.860684460234055	0.373868285195481
TCGA-29-A5NZ-01	1	2.5874050679775e-08	1
TCGA-30-1718-01	0	0.899184271392296	0.373962518487979
TCGA-30-1853-01	1	2.5874050679775e-08	1
TCGA-30-1856-01	0	0.845315351765093	0.845041086828113
TCGA-30-1860-01	0	0.963692005547086	0.479053235367623
TCGA-30-1861-01	0	0.845176459861158	0.845176304616854
TCGA-30-1862-01	0	0.169524994604614	0.0292689848453357
TCGA-30-1867-01	0.016380964968062	0.983619060905989	1
TCGA-30-1887-01	0	0.845176408113057	0.496924830268168
TCGA-30-1891-01	0	0.948801592889356	0.00165480078391134
TCGA-31-1944-01	0	0.941296048274355	0.096511036925608
TCGA-31-1946-01	0.00443972835248198	0.390744298374791	0.395184000853223
TCGA-31-1950-01	0	0.723743278600833	0.723279382746578
TCGA-31-1951-01	0	0.831158804806188	0.342020588965323
TCGA-31-1953-01	0	0.924968694339257	0.36629709811396
TCGA-36-1568-01	0.0219270677266989	0.377283323519737	0.399210365372385
TCGA-36-1570-01	0.0275365877834997	0.640091981215129	0.667628543124578
TCGA-36-1571-01	0.63783801504012	0.362162010833931	1
TCGA-36-1574-01	0.00191837973796883	0.446311176702404	0.448229530566323
TCGA-36-1577-01	0	0.983554453401494	0.714018309668452
TCGA-36-1578-01	0	0.986954614146622	0.652011199013598
TCGA-36-1580-01	0	0.87592712221745	0.00138100157984367
TCGA-36-1581-01	0	0.949962354549994	0.00309929728407077
TCGA-36-2529-01	0.0164743444168883	0.983525681457162	1
TCGA-36-2530-01	0	0.72484502155192	0.268726622310092
TCGA-36-2532-01	0	0.870910687149842	0.479372314160343
TCGA-36-2533-01	0	0.307609033055419	0.307440981096393
TCGA-36-2542-01	0.425383727048844	0.574616298825207	1
TCGA-36-2543-01	0	0.877778177675605	0.877589529972254
TCGA-36-2544-01	0.000433209230174287	0.307127180610007	0.307560363966131
TCGA-36-2548-01	0	0.899147400870108	0.020681154565343
TCGA-36-2549-01	0.000112138135553686	0.473679195045864	0.473791307307368
TCGA-36-2551-01	0	0.631386993233755	0.293215867903243
TCGA-36-2552-01	0	0.919995805298907	0.845176356364956
TCGA-3P-A9WA-01	0	0.0704857006929666	0.070139557643258
TCGA-42-2587-01	0	0.838659045240803	0.0206892013950978
TCGA-42-2588-01	0	0.958767863218177	0.0602616213233848
TCGA-42-2589-01	0	0.902007777170399	0.185942493732205
TCGA-42-2591-01	0	0.506282335933098	0.338849853427384
TCGA-42-2593-01	0	0.962694198657494	0.473393079793683
TCGA-57-1582-01	0	0.915659754267414	0.0152233340675526
TCGA-57-1583-01	0	0.182038435850505	0.0690205567003817
TCGA-57-1585-01	0	0.882594787449978	0.132471723996534
TCGA-57-1586-01	0	0.373198328401782	0.0610685812153202
TCGA-57-1992-01	0	0.324257276966783	0.27219322761731
TCGA-57-1993-01	0.2446150084863	0.0561134935218234	0.300728476134073
TCGA-57-1994-01	0	0.848242146753424	0.00284412739647721
TCGA-59-2348-01	0	0.845176459861158	0.667220612841897
TCGA-59-2350-01	0	0.966879817958459	0.256956982398478
TCGA-59-2352-01	0	0.876161515242364	0.87612912093094
TCGA-59-2354-01	5.07131392905454e-06	0.831158804806188	0.831163850246066
TCGA-59-2363-01	0	0.928686691922673	0.0851778405005015
TCGA-59-2372-01	1	2.5874050679775e-08	1
TCGA-59-A5PD-01	0.0359205822924052	0.964079443581645	1
TCGA-5X-AA5U-01	0.0251050221247713	2.5874050679775e-08	0.0251050221247714
TCGA-61-1722-01	3.0531379776961e-06	0.720988701293684	0.720991728557612
TCGA-61-1724-01	0	0.992415798270998	0.598543042557043
TCGA-61-1725-01	0	0.221682526899116	0.169587687429359
TCGA-61-1727-01	0	0.849559627538901	0.0381217395300201
TCGA-61-1728-01	1	2.5874050679775e-08	1
TCGA-61-1730-01	0	0.764661252659561	0.764642649217138
TCGA-61-1734-01	0	0.730810490923629	0.66284751016986
TCGA-61-1736-01	0.00680195155544572	0.300394881998934	0.307196807680329
TCGA-61-1738-01	0	0.681731996531532	0.101595417250245
TCGA-61-1740-01	0	0.847961516799982	0.847259838420176
TCGA-61-1741-01	0	0.453965755849198	0.453699925852733
TCGA-61-1895-01	0	0.0849917802022165	0.0849468628502735
TCGA-61-1903-01	0.0167177157373816	0.220002421293661	0.236720111156992
TCGA-61-1906-01	0.376724418151464	0.623275607722586	1
TCGA-61-1907-01	0.700683134447699	2.5874050679775e-08	0.700683134447699
TCGA-61-1910-01	0	0.572614371777662	0.107241135103917
TCGA-61-1911-01	1	2.5874050679775e-08	1
TCGA-61-1913-01	1	2.5874050679775e-08	1
TCGA-61-1914-01	0.00298420950674201	0.34882730134609	0.351811484978781
TCGA-61-1915-01	0.178209878448626	2.5874050679775e-08	0.178209878448626
TCGA-61-1916-02	0	0.885077221492301	0.318343426326138
TCGA-61-1917-01	0	0.845315351765093	0.326658181875481
TCGA-61-1918-01	0	0.35715333798152	0.110008959925002
TCGA-61-1919-01	0	0.538356999335632	0.538164108287973
TCGA-61-1995-01	1	2.5874050679775e-08	1
TCGA-61-2000-01	0	0.117993847202502	0.107754890253791
TCGA-61-2003-01	0	0.941296048274355	0.0233299070052984
TCGA-61-2008-01	0	0.845176433987108	0.151661575904076
TCGA-61-2008-02	0	0.854503718760868	0.269456788019673
TCGA-61-2012-01	1	2.5874050679775e-08	1
TCGA-61-2016-01	0	0.471996243294837	0.267396851350552
TCGA-61-2018-01	0	0.860365148574879	0.284773579158204
TCGA-61-2088-01	0	0.914722182167754	0.1456011228924
TCGA-61-2092-01	0.00188652878160829	0.998113497092442	1
TCGA-61-2094-01	0.00747004541749734	0.688205684006274	0.69567570354972
TCGA-61-2095-02	0.000304434080047223	0.885398085594516	0.885702493800513
TCGA-61-2097-01	0.00202099622288021	0.336101253025938	0.338122223374767
TCGA-61-2098-01	1	2.5874050679775e-08	1
TCGA-61-2101-01	0	0.796834936053966	0.796773148820993
TCGA-61-2102-01	0.4078285459138	0.59217147996025	1
TCGA-61-2109-01	0	0.960795327953721	0.321539414937519
TCGA-61-2110-01	0	0.999434367378556	0.9565348032761
TCGA-61-2113-01	1	2.5874050679775e-08	1
TCGA-61-2610-02	0	0.593430873501999	0.38979404799031
TCGA-61-2611-02	0	0.156059750531201	0.141714788735401
TCGA-61-2612-01	0	0.827916449896026	0.332978306859565
TCGA-61-2613-01	0	0.990408463546865	0.989797163226009
TCGA-72-4231-01	0	0.735319147747065	0.377002383077688
TCGA-72-4233-01	0.99999055597151	9.46990254102609e-06	1
TCGA-72-4234-01	0	0.963622067988156	0.15144757163108
TCGA-72-4235-01	0	0.853093427755679	1.19020633027045e-06
TCGA-72-4236-01	0.000881114921122568	0.372990818515502	0.373871907562574
TCGA-72-4240-01	0.00151451168124122	0.86489955007872	0.866414035885911
TCGA-72-4241-01	0	0.757385935347319	0.160923269959417
TCGA-OY-A56P-01	0	0.973077015327865	0.0963893253913107
TCGA-OY-A56Q-01	1	2.5874050679775e-08	1
TCGA-VG-A8LO-01	0	0.743763221801599	0.146980494407052
TCGA-WR-A838-01	0.183733367286988	0.816266658587063	1
