Sample	percent	start	end
TCGA-04-1331-01	0	0.539505514248939	0.290163559291048
TCGA-04-1332-01	2.6008614616681e-07	0.588936067552521	0.588936316801745
TCGA-04-1335-01	0	0.407403675090936	0.052853514562516
TCGA-04-1336-01	0	0.488494341576641	0.0760119968202735
TCGA-04-1338-01	0	0.766647696994611	0.153084375695392
TCGA-04-1341-01	0	0.357872435938019	0.0335132052997147
TCGA-04-1342-01	0	0.794265172000712	0.129045025008258
TCGA-04-1343-01	0	0.593266642766195	0.0378662671281086
TCGA-04-1346-01	0	0.802430034713481	0.513735225237529
TCGA-04-1347-01	0	0.919526507102227	0.484002664669263
TCGA-04-1348-01	0	0.983874886513036	0.661125437402586
TCGA-04-1349-01	0.0475444302454266	0.486040862264467	0.533585281672971
TCGA-04-1351-01	0	0.853400666457745	0.0810195329247279
TCGA-04-1353-01	0	0.234051143643216	0.115384303614684
TCGA-04-1356-01	0	0.133775244259362	0.133705421966039
TCGA-04-1357-01	0	0.877407322148921	0.700268814203755
TCGA-04-1360-01	0	0.625791477362785	0.278793069805236
TCGA-04-1361-01	0	0.906478754570553	0.514345506542586
TCGA-04-1362-01	0	0.972570859874492	0.17736717785226
TCGA-04-1364-01	0.992801292298704	0.00719871853821874	1
TCGA-04-1365-01	0	0.993033126587243	0.192393015568605
TCGA-04-1367-01	0	0.637970195384732	0.0693378720388732
TCGA-04-1371-01	0	0.997980604465779	0.930107093288284
TCGA-04-1514-01	0	0.620902367150218	0.0921415100978772
TCGA-04-1516-01	0	0.555763954396582	0.0734711177260651
TCGA-04-1519-01	0	0.553105017865859	0.0367590912407992
TCGA-04-1525-01	0	0.849058387367495	0.216669293897974
TCGA-04-1530-01	0.307766883226674	1.08369228035698e-08	0.307766883226674
TCGA-04-1536-01	1.12920735127423e-05	0.993738729464871	0.993750010701461
TCGA-04-1638-01	0.000229905316288703	0.281670467861816	0.281900362341182
TCGA-04-1644-01	0	0.742509556919626	0.0641331256140878
TCGA-04-1646-01	0	0.829742417833205	0.127470788587047
TCGA-04-1648-01	0	0.414213055505266	0.414204234250142
TCGA-04-1649-01	0	0.924134941015388	0.0920328916210842
TCGA-04-1652-01	1.86069963736839e-05	0.493969415039598	0.493988011199049
TCGA-04-1654-01	0	0.671576023863251	0.206799176367862
TCGA-09-0364-01	0	0.979426232189003	0.11140218965226
TCGA-09-0366-01	0	0.650131693536419	0.428164574884101
TCGA-09-0367-01	0	0.764714433322462	0.161870378309821
TCGA-09-0369-01	0	0.133775244259362	0.0908288769920188
TCGA-09-1661-01	7.09818440580253e-06	0.251564033458435	0.251571120805919
TCGA-09-1664-01	0	0.136419063282839	0.0472861538653602
TCGA-09-1665-01	0	0.993738729464871	0.0789492255273946
TCGA-09-1666-01	0	0.914177271986323	0.0936656582621057
TCGA-09-1667-01	0.0015212113581614	0.806561979969942	0.808083180491181
TCGA-09-1668-01	0	0.800719058000923	0.192548308671712
TCGA-09-1669-01	0	0.76254440456192	0.637666393092164
TCGA-09-1670-01	5.0066583137111e-06	0.292766750691108	0.2927717465125
TCGA-09-1672-01	0	0.523582531045237	0.129818943846946
TCGA-09-1673-01	0	0.854691040524261	0.0542581423056581
TCGA-09-1674-01	0	0.46786148002585	0.0148127404672521
TCGA-09-1675-01	0	0.858595085295143	0.511737915351886
TCGA-09-2043-01	0	0.99305406352201	0.115384303614684
TCGA-09-2044-01	0	0.879335579162756	0.151208775289233
TCGA-09-2049-01	1.22565596381109e-05	0.0672894877362772	0.0673017334589925
TCGA-09-2050-01	0	0.91196243255018	0.279217367841939
TCGA-09-2051-01	0	0.411165723662934	0.411092368532793
TCGA-09-2053-01	0	0.721398797912176	0.374253517540502
TCGA-09-2054-01	0.000566532647887854	0.337131378550422	0.337697900361388
TCGA-09-2055-01	6.56609149843626e-05	0.355501198032648	0.355566848110709
TCGA-10-0925-01	0	0.281665905517335	0.0804681828056225
TCGA-10-0926-01	3.14920975316979e-05	0.587122779452215	0.587154260712824
TCGA-10-0928-01	0	0.710108772577835	0.327509318182217
TCGA-10-0930-01	0	0.571438078506093	0.137964332609521
TCGA-10-0931-01	0.3064967200211	0.117150917088676	0.423647626272853
TCGA-10-0933-01	0	0.91196243255018	0.744563392194368
TCGA-10-0934-01	6.00473889962623e-05	0.113252875973001	0.113312912525075
TCGA-10-0935-01	0	0.667208809013736	0.149734921283519
TCGA-10-0936-01	0	0.688965806235951	0.205760153887771
TCGA-10-0937-01	0	0.319675675176591	0.309981408392057
TCGA-10-0938-01	0	0.734660438788303	0.307696865868741
TCGA-13-0714-01	0	0.856592508665041	0.388570598834697
TCGA-13-0717-01	6.91395671893437e-06	0.509089924113148	0.509096827232944
TCGA-13-0720-01	0	0.80513592763051	0.464344692689687
TCGA-13-0723-01	0	0.863615820771516	0.271095018377145
TCGA-13-0724-01	0	0.965680592668705	0.0672780764566141
TCGA-13-0725-01	0	0.91196243255018	0.493561708331636
TCGA-13-0726-01	0	0.481352755295197	0.332834332775759
TCGA-13-0730-01	2.60844730759797e-05	0.0537485793607034	0.0537746529968567
TCGA-13-0751-01	0	0.799267744794544	0.0363558168342448
TCGA-13-0755-01	0	0.531011523355118	0.507814970987716
TCGA-13-0757-01	0	0.988302983194599	0.115858603212987
TCGA-13-0758-01	0	0.912451372831128	0.478173332201381
TCGA-13-0760-01	0	0.91877381779522	0.153528570322276
TCGA-13-0761-01	0	0.301267514661652	0.251571120805919
TCGA-13-0762-01	0	0.859397364360686	0.0150674840104997
TCGA-13-0764-01	0	0.930107093288284	0.307537443898064
TCGA-13-0766-01	0	0.251231264071338	0.0547213774058266
TCGA-13-0768-01	0	0.554767239262934	0.173632709248679
TCGA-13-0791-01	0	0.361163793606991	0.361082050698636
TCGA-13-0791-02	0	0.642980776664482	0.390400705839123
TCGA-13-0792-01	0	0.914452746562804	0.0922653544511436
TCGA-13-0794-01	0.382479858116072	1.08369228035698e-08	0.382479858116072
TCGA-13-0795-01	0.0005744002538094	0.712569014129808	0.713143403546695
TCGA-13-0797-01	0.00107135985759763	0.484693442636559	0.485764791657234
TCGA-13-0799-01	0	0.720812412021797	0.380520542481615
TCGA-13-0800-01	0	0.797339997116078	0.504839975604786
TCGA-13-0801-01	0	0.494797182547465	0.0673017334589925
TCGA-13-0802-01	0	0.881749286968412	0.0537907241533052
TCGA-13-0804-01	5.04675492791181e-05	0.867853144264865	0.867903600977222
TCGA-13-0805-01	0	0.69941908025346	0.215215553220897
TCGA-13-0807-01	0	0.998786253814299	0.0461565780587122
TCGA-13-0884-01	0.234898699372037	1.08369228035698e-08	0.234898699372037
TCGA-13-0885-01	0	0.413460496241333	0.229347897492854
TCGA-13-0886-01	0	0.834475324641153	0.816783603926599
TCGA-13-0887-01	0	0.793074150842032	0.33636864341602
TCGA-13-0888-01	0.0684626604831763	0.615611640580279	0.684074290226533
TCGA-13-0890-01	0	0.993738729464871	0.597254283559224
TCGA-13-0891-01	0	0.746574930959591	0.597254283559224
TCGA-13-0893-01	0	0.786948168450601	0.00160919633402512
TCGA-13-0897-01	0	0.399390886915216	0.108357415323699
TCGA-13-0899-01	0	0.860980411200098	0.0148127404672521
TCGA-13-0900-01	0	0.436073296090587	0.232527385608207
TCGA-13-0901-01	0	0.728332152722845	0.224904325685594
TCGA-13-0903-01	0	0.771653239105278	0.155670542289801
TCGA-13-0904-01	0	0.783525510625505	0.110992629830507
TCGA-13-0905-01	0	0.551862510487161	0.492755018638532
TCGA-13-0908-01	1.78809225489682e-06	0.597242568845724	0.597244346101056
TCGA-13-0910-01	0	0.888896551797381	0.499123488013572
TCGA-13-0911-01	0	0.756595226565268	0.0760833796304735
TCGA-13-0912-01	0.004458060772986	0.648052564883962	0.652510614820025
TCGA-13-0913-01	0	0.778929647542742	0.347833024000598
TCGA-13-0913-02	0	0.97773076311291	0.0922778602600051
TCGA-13-0916-01	0	0.99287556856728	0.305350780461089
TCGA-13-0920-01	0	0.99305406352201	0.288865881138594
TCGA-13-0921-01	0	0.0514858515628978	0.0509845138423157
TCGA-13-0923-01	0	0.714068183187082	0.133706397289087
TCGA-13-0924-01	0	0.494249625351325	0.19326668828127
TCGA-13-1404-01	0.246396154244869	0.165803216784469	0.412199360192415
TCGA-13-1405-01	0	0.883334577050835	0.334367031272043
TCGA-13-1407-01	0	0.706301772450241	0.689423547016282
TCGA-13-1408-01	0	0.885149718264933	0.424420894896176
TCGA-13-1409-01	0	0.381555197681835	0.0673017334589925
TCGA-13-1410-01	0	0.965680592668705	0.337330106039939
TCGA-13-1411-01	0.00146264862758284	0.852935979209927	0.854398617000587
TCGA-13-1412-01	0	0.929644551751172	0.251571120805919
TCGA-13-1477-01	0	0.35857923087715	0.10822892193057
TCGA-13-1481-01	0	0.685279616123252	0.374253517540502
TCGA-13-1483-01	0	0.896056474152129	0.162255630913831
TCGA-13-1484-01	0	0.543617378687531	0.108357415323699
TCGA-13-1485-01	5.75440598394068e-06	0.914125233083244	0.914130976652305
TCGA-13-1487-01	0	0.149733945960471	0.0863317166017257
TCGA-13-1488-01	0	0.824229588531363	0.479110682672166
TCGA-13-1489-01	0	0.91196243255018	0.0610275994965512
TCGA-13-1489-02	0	0.91196243255018	0.856159584437823
TCGA-13-1491-01	0	0.554878946262713	0.0673017334589925
TCGA-13-1492-01	0	0.874659837122351	0.104313715129248
TCGA-13-1494-01	0	0.672117653262643	0.00780314790498771
TCGA-13-1495-01	0	0.80513592763051	0.381559803374007
TCGA-13-1496-01	0	0.742663419548929	0.044195149224318
TCGA-13-1497-01	0	0.640308218121853	0.229199713411076
TCGA-13-1498-01	0	0.820471267860793	0.0414404034595012
TCGA-13-1499-01	0	0.467511003106967	0.467457273643939
TCGA-13-1500-01	0	0.431520054625026	0.15531440849724
TCGA-13-1501-01	0	0.744762520650027	0.473023041313449
TCGA-13-1504-01	6.3179259673021e-06	0.060729855043804	0.0607361621328486
TCGA-13-1505-01	0	0.793107940367188	0.10822892193057
TCGA-13-1506-01	0	0.990008801531925	0.432169673959692
TCGA-13-1507-01	0	0.914130976652305	0.396004446085973
TCGA-13-1509-01	0	0.623755999835192	0.481590983368163
TCGA-13-1510-01	0	0.689088512712328	0.410237953031866
TCGA-13-1511-01	1.19206150326455e-07	0.597254175189997	0.597254283559224
TCGA-13-1512-01	0	0.75070144691775	0.189911024312658
TCGA-13-1817-01	1.20614950284858e-05	0.604408895821822	0.604420946479928
TCGA-13-1817-02	1.30043073083405e-06	0.554555052315353	0.554556341909161
TCGA-13-1819-01	0	0.739400031977592	0.239625526666318
TCGA-13-1819-02	0	0.601185518169304	0.466722833714854
TCGA-13-2057-01	0	0.573103951946137	0.0871790555920916
TCGA-13-2059-01	0	0.86305432729271	0.277448251038789
TCGA-13-2060-01	0	0.74144410318493	0.279844554746497
TCGA-13-2061-01	0	0.857101443068476	0.0777351217232424
TCGA-13-2065-01	2.05901532382058e-07	0.229952619456537	0.229952814521147
TCGA-13-2071-01	4.59485524894698e-05	0.915596096098277	0.915642033813843
TCGA-13-A5FT-01	8.96646988910078e-05	0.0991671087950536	0.0992567626570219
TCGA-13-A5FU-01	0.233355586592984	0.766644424243939	1
TCGA-20-0987-01	0	0.851961804875614	0.236991460873323
TCGA-20-0991-01	1.43264118846885e-05	0.0906780812118558	0.0906923967868177
TCGA-20-0996-01	4.65987678548868e-07	0.607113000646596	0.607113455797352
TCGA-20-1682-01	0	0.499133707231732	0.138045371117897
TCGA-20-1683-01	0	0.988977462430069	0.456819999514939
TCGA-20-1684-01	0	0.980984332432229	0.0673017334589925
TCGA-20-1686-01	0	0.712716905614672	0.00992826845762562
TCGA-20-1687-01	0	0.290350550393219	0.0537746529968567
TCGA-23-1021-01	0.505977223952746	1.08369228035698e-08	0.505977223952746
TCGA-23-1022-01	0	0.673628027698048	0.220748885980596
TCGA-23-1023-01	0.1296725370205	0.437098393124935	0.566770919308512
TCGA-23-1024-01	0	0.604118607171932	0.0386173525705473
TCGA-23-1026-01	0	0.399742783470979	0.0913399679430821
TCGA-23-1027-01	0	0.273159603879263	0.234225282154997
TCGA-23-1028-01	3.07226760159545e-05	0.749812710882453	0.749843422721546
TCGA-23-1030-01	0.0011446716400484	0.878029068918255	0.879173729721381
TCGA-23-1031-01	0	0.649447731993537	0.251571120805919
TCGA-23-1032-01	0	0.493969415039598	0.0718217272455345
TCGA-23-1109-01	0	0.251570080461334	0.105926541832397
TCGA-23-1110-01	0	0.597254175189997	0.0673017334589925
TCGA-23-1111-01	0	0.607521747699142	0.00160919633402512
TCGA-23-1113-01	0	0.22878122396497	0.0673017334589925
TCGA-23-1114-01	0	0.940722693571769	0.0553833291585895
TCGA-23-1117-01	0	0.793107940367188	0.0247402503402848
TCGA-23-1119-01	0	0.164656356086023	0.164622013877807
TCGA-23-1120-01	0	0.623883409536045	0.0620911892805321
TCGA-23-1121-01	0	0.939449344310905	0.025035231377729
TCGA-23-1122-01	0	0.760851991498044	0.0673017334589925
TCGA-23-1123-01	0	0.919073978881742	0.0956415002037666
TCGA-23-1124-01	0	0.737330689066384	0.190111312319052
TCGA-23-1809-01	0	0.835183246620251	0.058075979356009
TCGA-23-2072-01	0	0.510218231999833	0.129878015912894
TCGA-23-2077-01	0	0.473057816998576	0.00781186079088425
TCGA-23-2078-01	0.00975328466586917	1.08369228035698e-08	0.00975328466586922
TCGA-23-2079-01	0	0.730969718841891	0.190165822040519
TCGA-23-2081-01	0	0.251176136645273	0.215530354990064
TCGA-23-2084-01	0	0.301148915379	0.279140490711901
TCGA-23-2641-01	0	0.782985019103002	0.502758517013936
TCGA-23-2643-01	0	0.821980872874682	0.177433824927215
TCGA-23-2645-01	0	0.777947247984056	0.0738340679430409
TCGA-24-0968-01	0	0.498909415441432	0.491357532427486
TCGA-24-0970-01	0	0.482697346486265	0.480559340832469
TCGA-24-0975-01	0	0.977639169441768	0.238430929323129
TCGA-24-0979-01	0	0.691455426685519	0.691454039559406
TCGA-24-0982-01	2.23240608793179e-06	0.977639169441768	0.977641391010933
TCGA-24-1103-01	0	0.493173768170783	0.0537746529968567
TCGA-24-1104-01	0	0.395051913086406	0.387801307362027
TCGA-24-1105-01	9.33059049373432e-06	0.0105847258905507	0.0105940456441217
TCGA-24-1413-01	7.61835669813615e-05	0.045670227802303	0.0457464005323617
TCGA-24-1416-01	0	0.808636004431781	0.475774969478349
TCGA-24-1417-01	0	0.82131149782983	0.77839521386006
TCGA-24-1418-01	0	0.918453478358524	0.553790539925618
TCGA-24-1419-01	0.000151413484760111	0.627242465461481	0.627393868109318
TCGA-24-1422-01	0	0.67002671236438	0.354245177011272
TCGA-24-1423-01	0	0.863901352012316	0.140123242687315
TCGA-24-1424-01	6.07951366664919e-06	0.436306907634458	0.436312976311202
TCGA-24-1425-01	0	0.914118015692688	0.409469810273008
TCGA-24-1426-01	5.65687367912812e-06	0.533895618629962	0.533901264666718
TCGA-24-1427-01	0	0.636769832798636	0.0740900252216373
TCGA-24-1428-01	0	0.79973796970989	0.177870184458947
TCGA-24-1430-01	0	0.702444445653363	0.473023041313449
TCGA-24-1431-01	0	0.875939450124569	0.168780227835031
TCGA-24-1434-01	0	0.906478754570553	0.563848504674799
TCGA-24-1435-01	0	0.877118583178985	0.0408189276132356
TCGA-24-1436-01	0	0.762545759177264	0.0673017334589925
TCGA-24-1463-01	0	0.216662813418165	0.0818518085924617
TCGA-24-1464-01	6.64736841911339e-05	0.192481845824444	0.192548308671712
TCGA-24-1466-01	0	0.720636333700842	0.0656385692496378
TCGA-24-1467-01	0	0.53974313545423	0.0826645994730785
TCGA-24-1469-01	0	0.853159068101802	0.612588128294167
TCGA-24-1470-01	0	0.352161724426634	0.133122818161703
TCGA-24-1471-01	1	1.08369228035698e-08	1
TCGA-24-1474-01	0	0.90646152386337	0.153417123408644
TCGA-24-1544-01	0	0.668827162547491	0.5370995765169
TCGA-24-1546-01	0	0.940758878056855	0.0409253136839406
TCGA-24-1549-01	0	0.628192852750343	0.296466855412628
TCGA-24-1550-01	0	0.77386653969839	0.356608276387652
TCGA-24-1551-01	0	0.62537967429802	0.159314587609899
TCGA-24-1552-01	0	0.914145454781108	0.241735540548633
TCGA-24-1555-01	0	0.859573616072405	0.0406137521546782
TCGA-24-1556-01	0	0.47915916706458	0.0443126214670033
TCGA-24-1557-01	0	0.712190859710205	0.393519973174715
TCGA-24-1558-01	0	0.400347657151581	0.161882786586378
TCGA-24-1563-01	0	0.893936782897793	0.55360155482966
TCGA-24-1565-01	0	0.17363299100867	0.0242960665503229
TCGA-24-1567-01	0	0.80513592763051	0.000503667658974805
TCGA-24-1603-01	1.65479810498633e-05	0.738999033324816	0.739015570468943
TCGA-24-1604-01	0	0.376356433238411	0.340556214596992
TCGA-24-1614-01	0	0.530871813746936	0.521502784688182
TCGA-24-1616-01	4.44313833034968e-07	0.262212751377866	0.262213184854776
TCGA-24-1842-01	7.39294870479158e-05	0.896056474152129	0.896130392802255
TCGA-24-1843-01	8.35526744560878e-06	0.467471925163506	0.467480269594029
TCGA-24-1844-01	0	0.597254175189997	0.543362125808914
TCGA-24-1845-01	0	0.456913901450628	0.277915203203464
TCGA-24-1847-01	0	0.819871314143123	0.512226422155924
TCGA-24-1849-01	0	0.6488729849582	0.469669804815534
TCGA-24-1850-01	0	0.94078240501616	0.630467316935494
TCGA-24-1852-01	8.53949513247694e-06	0.238422400664919	0.238430929323129
TCGA-24-1852-02	0	0.67614470794374	0.331392090073728
TCGA-24-1920-01	0	0.772991479859612	0.131269368425659
TCGA-24-1923-01	0	0.977639169441768	0.00780314790498771
TCGA-24-1924-01	0	0.7458664888082	0.176438117627384
TCGA-24-1927-01	0	0.562718896357383	0.493342488221186
TCGA-24-1928-01	0	0.776293804494414	0.223535719873696
TCGA-24-1930-01	4.99582139095415e-06	0.745853582033197	0.745858567017665
TCGA-24-2019-01	0	0.737398051378241	0.281665905517335
TCGA-24-2020-01	0	0.734485129888864	0.160367903991106
TCGA-24-2023-01	0	0.993738729464871	0.22880009104749
TCGA-24-2024-01	0	0.616660405453928	0.0537744796060926
TCGA-24-2026-01	0	0.89268482572245	0.129573487546501
TCGA-24-2027-01	0	0.533975768510672	0.0676957206227442
TCGA-24-2029-01	0.00627416647320953	0.245480304228834	0.251754459865121
TCGA-24-2030-01	0	0.98186722736616	0.22920602050012
TCGA-24-2033-01	0	0.881748951023806	0.332996052174061
TCGA-24-2035-01	0	0.355575441790456	0.0473312246271064
TCGA-24-2038-01	6.3612736583299e-06	0.273517189819474	0.27352354025621
TCGA-24-2254-01	0	0.875502895528228	0.00769109412368085
TCGA-24-2260-01	0.000105941756871947	0.816400312805608	0.816506243725557
TCGA-24-2261-01	7.59668285262225e-06	0.615674874024566	0.615682459870496
TCGA-24-2262-01	0	0.54501975235074	0.163920193086221
TCGA-24-2267-01	0	0.63979280323861	0.594083204895931
TCGA-24-2271-01	0.000279115782528015	0.419889338113052	0.420168443058657
TCGA-24-2280-01	0	0.477163298489665	0.0340497305084886
TCGA-24-2281-01	0	0.645360283141916	0.317955714655068
TCGA-24-2288-01	0	0.647247544076962	0.0926141516469988
TCGA-24-2289-01	0	0.874356273242084	0.0908288769920188
TCGA-24-2290-01	0	0.511304503463144	0.511226325902376
TCGA-24-2293-01	0	0.79397912058762	0.208281244761025
TCGA-24-2295-01	1.43264118846885e-05	0.0906780812118558	0.0906923967868177
TCGA-24-2297-01	0	0.816096391306889	0.264924290331651
TCGA-24-2298-01	0	0.644866823864178	0.0161255144531064
TCGA-25-1312-01	0	0.627419042280883	0.617893929023661
TCGA-25-1313-01	0	0.881083119652697	0.342481870749366
TCGA-25-1314-01	0	0.716312889182343	0.352877784934722
TCGA-25-1315-01	0	0.593368683230874	0.111437561368139
TCGA-25-1318-01	0	0.000552314605230753	0.000377406671933533
TCGA-25-1320-01	0	0.805467288217649	0.201247225774867
TCGA-25-1321-01	0.000118219990355572	0.74771194089525	0.747830150048683
TCGA-25-1323-01	0	0.993033657596459	0.0769196649596273
TCGA-25-1329-01	0.627125264141865	1.08369228035698e-08	0.627125264141865
TCGA-25-1623-01	1.21807011788123e-05	0.490119392328659	0.490131562192915
TCGA-25-1625-01	0	0.216756054301566	0.216655585190686
TCGA-25-1628-01	0.0106725699864185	0.930109845866664	0.94078240501616
TCGA-25-1630-01	0	0.605688042836362	0.0792092033043338
TCGA-25-1633-01	0.0046831328217251	0.756669708735377	0.761352830720179
TCGA-25-1634-01	4.55150755791918e-07	0.132781010781026	0.132781455094859
TCGA-25-1635-01	0	0.965680592668705	0.0936534125393903
TCGA-25-1870-01	0	0.617714144475123	0.0673017334589925
TCGA-25-1871-01	4.31309525726627e-06	0.111433259109804	0.111437561368139
TCGA-25-1877-01	0	0.632785031279369	0.5370995765169
TCGA-25-1878-01	0	0.693228032977796	0.0673017334589925
TCGA-25-2042-01	0	0.875374347950485	0.059015388842118
TCGA-25-2391-01	0	0.869738660455347	0.176438117627384
TCGA-25-2392-01	4.17221526142592e-06	0.0786935066610988	0.0786976680394375
TCGA-25-2393-01	0	0.8576565644367	0.298410685084465
TCGA-25-2396-01	0	0.867853144264865	0.515149931318835
TCGA-25-2397-01	0	0.886064126970242	0.507370635480835
TCGA-25-2398-01	0	0.906669191814161	0.00781186079088425
TCGA-25-2399-01	0	0.993738729464871	0.315900015429611
TCGA-25-2400-01	0	0.813344874945054	0.093665289806732
TCGA-25-2404-01	0	0.251564033458435	0.124629553341707
TCGA-25-2408-01	0	0.672376634042689	0.169742297326624
TCGA-29-1688-01	0	0.892081035734124	0.343999039935339
TCGA-29-1690-01	0	0.915642033813843	0.378548753549065
TCGA-29-1691-01	0	0.99440734592513	0.00321801337575367
TCGA-29-1692-01	0	0.0672894877362772	0.0543650593855781
TCGA-29-1692-02	0	0.558790804454903	0.0544006803506802
TCGA-29-1693-01	0	0.149772146113189	0.149722534680808
TCGA-29-1694-01	0	0.662728857656781	0.169742297326624
TCGA-29-1695-01	0.000457740780330829	0.0908903765286645	0.0913481064720725
TCGA-29-1696-01	0	0.690314981445346	0.690287802443072
TCGA-29-1697-01	0	0.965680592668705	0.00781186079088425
TCGA-29-1698-01	2.78075437943348e-05	0.097902862549305	0.0979306592561766
TCGA-29-1702-01	0	0.965680592668705	0.700108579463871
TCGA-29-1703-01	0	0.997300056553565	0.445942232396118
TCGA-29-1704-01	0	0.745853582033197	0.245567368066263
TCGA-29-1704-02	0	0.745853582033197	0.173601563932675
TCGA-29-1705-01	0.000197546264936449	0.0950231453912551	0.0952206808192687
TCGA-29-1705-02	0	0.0952383666772081	0.0949689824513158
TCGA-29-1707-01	0	0.849058387367495	0.08186945110271
TCGA-29-1707-02	0	0.849058387367495	0.0608101674783558
TCGA-29-1710-02	0	0.618382305784626	0.226024906846354
TCGA-29-1711-01	0	0.868227039773826	0.0369045660918885
TCGA-29-1761-01	0	0.99190396258366	0.0936656582621057
TCGA-29-1762-01	8.23606129528233e-07	0.831545681779962	0.831546494549169
TCGA-29-1763-01	0	0.786297248685205	0.251555710701758
TCGA-29-1764-01	0.528812224066209	1.08369228035698e-08	0.528812224066209
TCGA-29-1766-01	0	0.965680592668705	0.0427457433163442
TCGA-29-1768-01	0.000395926972925184	0.309009683202286	0.309405599338289
TCGA-29-1769-01	0	0.768888685925367	0.358864296130271
TCGA-29-1770-01	0	0.394627539191243	0.0922596542297734
TCGA-29-1770-02	0	0.144810363496615	0.000778004358567008
TCGA-29-1771-01	1.18881042643746e-05	0.456423335631267	0.456435212898608
TCGA-29-1774-01	0	0.40478210426988	0.312753818340967
TCGA-29-1775-01	0	0.610260509002893	0.424504209158331
TCGA-29-1776-01	0	0.310254119553235	0.285052335509655
TCGA-29-1777-01	0	0.523457776390459	0.0537746529968567
TCGA-29-1778-01	0	0.938160259838197	0.139910112927454
TCGA-29-1781-01	0	0.793074150842032	0.308860187852854
TCGA-29-1783-01	0	0.215214610408617	0.093665289806732
TCGA-29-1784-01	4.99582139095415e-06	0.745853582033197	0.745858567017665
TCGA-29-1785-01	0	0.649658293402705	0.227657846878139
TCGA-29-2425-01	5.45530691584885e-05	0.272624151525842	0.272678693758078
TCGA-29-2427-01	0.406965267380804	1.08369228035698e-08	0.406965267380804
TCGA-29-2428-01	0	0.976724132194939	0.650084661291654
TCGA-29-2429-01	0	0.980446409260419	0.0250320561593612
TCGA-29-2431-01	0.00309307449328879	0.821210432688199	0.824303496344565
TCGA-29-2434-01	0	0.68171625169308	0.0922778602600051
TCGA-29-2436-01	0	0.490119392328659	0.0936656582621057
TCGA-29-A5NZ-01	9.39561203027602e-06	0.0577820169893039	0.0577914017644114
TCGA-30-1714-01	0	0.670680113785088	0.169742297326624
TCGA-30-1718-01	0	0.640273258209039	0.164646841267843
TCGA-30-1853-01	0	0.788214907188584	0.225775018244501
TCGA-30-1855-01	0	0.893704656012339	0.0731385975881909
TCGA-30-1856-01	0	0.993061595183326	0.629371899109376
TCGA-30-1857-01	0.0517961776829658	1.08369228035698e-08	0.0517961776829657
TCGA-30-1859-01	0	0.993751950510635	0.750247314832698
TCGA-30-1860-01	0	0.785156998509641	0.0152671001276828
TCGA-30-1861-01	0	0.778285685081756	0.153000747162476
TCGA-30-1862-01	0	0.893425323491356	0.718523101252469
TCGA-30-1866-01	0	0.993032779805715	0.0162246072747959
TCGA-30-1867-01	0.0126474149311859	0.987352595905737	1
TCGA-30-1887-01	8.12769206771282e-07	0.124628751409423	0.124629553341707
TCGA-30-1891-01	0.000219317642755163	0.10039742463565	0.100616731441483
TCGA-31-1944-01	0	0.914145454781108	0.394909645964452
TCGA-31-1946-01	0	0.372482341722029	0.196732563754321
TCGA-31-1950-01	0	0.611683104363966	0.539543150881674
TCGA-31-1951-01	0	0.798107511333416	0.462464053114446
TCGA-31-1953-01	0	0.709297726441782	0.0904589477967875
TCGA-31-1956-01	2.23240608793179e-06	0.977639169441768	0.977641391010933
TCGA-31-1959-01	0	0.71570510036952	0.0160001529306539
TCGA-36-1568-01	2.48165531134165e-06	0.263015615637237	0.263018086455626
TCGA-36-1569-01	0.000234792768452088	0.260850398470399	0.261085180401928
TCGA-36-1570-01	0	0.915642033813843	0.420265314311182
TCGA-36-1571-01	0	0.849058387367495	0.598990651181802
TCGA-36-1574-01	0.567674783687978	1.08369228035698e-08	0.567674783687978
TCGA-36-1575-01	0	0.742846823629667	0.27417286699396
TCGA-36-1576-01	1.40879995840356e-06	0.175448598210447	0.175449996173483
TCGA-36-1577-01	0	0.879483297256856	0.831382997895535
TCGA-36-1578-01	0	0.477772008440922	0.0404136375390484
TCGA-36-1581-01	0	0.596244347379813	0.493808367530507
TCGA-36-2530-01	0	0.730935224916756	0.551174192501331
TCGA-36-2532-01	0	0.891989171139914	0.067217931535313
TCGA-36-2533-01	0	0.832931204028284	0.0985973467441842
TCGA-36-2534-01	0	0.914539084326409	0.430280635769314
TCGA-36-2537-01	0	0.697679916704811	0.192064851873679
TCGA-36-2538-01	0	0.885862386816199	0.317119050033617
TCGA-36-2540-01	2.64962761407438e-05	0.169715811887406	0.169742297326624
TCGA-36-2542-01	0	0.628536068930978	0.105839510505736
TCGA-36-2543-01	0	0.836830599759303	0.688519693473739
TCGA-36-2544-01	0	0.849362243844677	0.0226990617543994
TCGA-36-2545-01	0	0.0936656582621057	0.093665289806732
TCGA-36-2547-01	0	0.754152909283534	0.0673017334589925
TCGA-36-2548-01	8.7887443558868e-05	0.550749710236941	0.550837586843577
TCGA-36-2549-01	0	0.888163715732865	0.136232169712973
TCGA-36-2551-01	0	0.986469126614899	0.0936656582621057
TCGA-36-2552-01	1.30043073083405e-07	0.99305406352201	0.99305418272816
TCGA-3P-A9WA-01	0	0.757907339498834	0.0129921266071616
TCGA-42-2582-01	0	0.381555197681835	0.295807916324392
TCGA-42-2587-01	0	0.856891217603913	0.077043856094422
TCGA-42-2589-01	0	0.404086774795026	0.0226436742421886
TCGA-42-2590-01	0	0.828169308451961	0.162353434141712
TCGA-42-2591-01	0	0.788630221416321	0.0433612371812478
TCGA-42-2593-01	0	0.888337572484654	0.292715600415696
TCGA-57-1582-01	0.000244708552774698	0.169970512082963	0.170215209798815
TCGA-57-1583-01	0	0.785141881002395	0.161882786586378
TCGA-57-1584-01	1.76425102483153e-05	0.255868361645191	0.255885993318517
TCGA-57-1585-01	0	0.420279391473843	0.230057477521134
TCGA-57-1586-01	1	1.08369228035698e-08	1
TCGA-57-1992-01	0	0.850053216876583	0.0769196649596273
TCGA-57-1993-01	0	0.851961804875614	0.251571120805919
TCGA-57-1994-01	0	0.673623042713579	0.0807412840960204
TCGA-59-2348-01	0	0.835743168745257	0.0533615061536707
TCGA-59-2349-01	3.14920975316979e-05	0.587122779452215	0.587154260712824
TCGA-59-2350-01	0.00169065748238908	0.117404880373485	0.119095527018952
TCGA-59-2351-01	0.0513351749888851	1.08369228035698e-08	0.0513351749888851
TCGA-59-2363-01	1.28309165442293e-05	0.229197925318821	0.229210745398442
TCGA-59-2372-01	7.76248777080359e-05	0.98896088193825	0.989038495979036
TCGA-59-A5PD-01	0	0.818108948742851	0.408887325674822
TCGA-5X-AA5U-01	0	0.812030063617722	0.550028859808994
TCGA-61-1721-01	7.09818440580253e-06	0.251564033458435	0.251571120805919
TCGA-61-1722-01	0	0.887262528073319	0.148601444184679
TCGA-61-1724-01	0	0.817245245999122	0.0636882916087604
TCGA-61-1727-01	0	0.993164632644899	0.433007953282633
TCGA-61-1728-01	0	0.922034756222014	0.251571120805919
TCGA-61-1730-01	0.000822468252638753	0.358102568829685	0.358925026245401
TCGA-61-1733-01	4.65987678548868e-07	0.695496710246196	0.695497165396951
TCGA-61-1734-01	0	0.885381238282713	0.16755323892972
TCGA-61-1736-01	0	0.636651732014431	0.169742297326624
TCGA-61-1737-01	0	0.745853582033197	0.304692556609755
TCGA-61-1738-01	0	0.879480241244639	0.0549843028257558
TCGA-61-1740-01	0	0.744214259053908	0.327051739955728
TCGA-61-1743-01	0	1	0.0922653544511436
TCGA-61-1895-01	0	0.566040684105457	0.467848096426245
TCGA-61-1900-01	0	0.140193509294471	0.0718916145603941
TCGA-61-1901-01	0.164976554642723	0.365315906376703	0.530292450182503
TCGA-61-1903-01	0	0.673782388825798	0.378539899783173
TCGA-61-1907-01	0	0.669668627925723	0.196075228530653
TCGA-61-1910-01	0.181129302282718	0.190734792996027	0.371864084441822
TCGA-61-1911-01	0	0.745853582033197	0.271106028690666
TCGA-61-1913-01	0	0.255814317911403	0.0778940777062413
TCGA-61-1914-01	0	0.459087798992595	0.0982603076095203
TCGA-61-1915-01	0.206257926260766	0.086228928389376	0.292486843813219
TCGA-61-1916-02	0	0.976425260702225	0.467875242917751
TCGA-61-1917-01	0	0.886981786752378	0.313720493524733
TCGA-61-1918-01	0	0.721428588612835	0.07743515570133
TCGA-61-1919-01	0	0.843596459091841	0.161882786586378
TCGA-61-1998-01	0.00247079671473918	0.978141244073097	0.980612029950914
TCGA-61-2000-01	0	0.675924371630245	0.0769020766339928
TCGA-61-2002-01	0	0.87902246795354	0.0537746529968567
TCGA-61-2008-01	0	0.745853582033197	0.133775244259362
TCGA-61-2008-02	0	0.80601126922928	0.418364182115007
TCGA-61-2009-01	1.86395071419547e-06	0.867966325086139	0.86796817819993
TCGA-61-2012-01	0	0.663234497635698	0.0672780764566141
TCGA-61-2016-01	0	0.981269419359196	0.119743813412118
TCGA-61-2017-01	6.4479690403855e-06	0.459087798992595	0.459094236124713
TCGA-61-2018-01	0.00456191100376585	0.62181364398485	0.626375544151693
TCGA-61-2087-01	0	0.645299444657559	0.0158168897299111
TCGA-61-2088-01	0.940745418598791	1.08369228035698e-08	0.940745418598791
TCGA-61-2092-01	0	0.0652983765704517	0.0537746529968567
TCGA-61-2094-01	0	0.791617213272742	0.493140087014855
TCGA-61-2095-01	2.79592607129321e-06	0.204905088171479	0.204907873260628
TCGA-61-2095-02	0	0.894448860008827	0.191358761334527
TCGA-61-2096-01	0	0.745853582033197	0.242841318472907
TCGA-61-2097-01	0	0.319600770366495	0.096508085568949
TCGA-61-2098-01	5.14753830955145e-06	0.892652531692635	0.892657668394022
TCGA-61-2102-01	0	0.673138523897116	0.187906518710305
TCGA-61-2104-01	0	0.204194110180164	0.204167873990169
TCGA-61-2109-01	0	0.885364311009366	0.133706397289087
TCGA-61-2111-01	0	0.378121778792441	0.259875053748428
TCGA-61-2113-01	0	0.636292997360407	0.0367248682387328
TCGA-61-2610-02	0	0.920367073015869	0.0140721018183511
TCGA-61-2612-01	0	0.849170527844183	0.819482127736152
TCGA-61-2613-01	6.07951366664919e-06	0.436306907634458	0.436312976311202
TCGA-61-2614-01	0	0.857163462777414	0.849450380537459
TCGA-72-4231-01	0	0.879480241244639	0.0507035882936873
TCGA-72-4232-01	5.20172292333621e-06	0.0800303819631645	0.0800355728491651
TCGA-72-4233-01	0	0.55377502145223	0.149734921283519
TCGA-72-4234-01	0	0.995194940960336	0.906455162589712
TCGA-72-4235-01	0	0.432116117887427	0.161882786586378
TCGA-72-4236-01	0	0.731474708605442	0.22880009104749
TCGA-72-4237-01	0	0.98174745769585	0.361010667888436
TCGA-72-4240-01	0	0.816326567546247	0.241708751675578
TCGA-72-4241-01	0	0.689923280872296	0.340556214596992
TCGA-OY-A56P-01	0	0.91196243255018	0.672117653262643
TCGA-OY-A56Q-01	2.77967068715778e-05	0.85287407870714	0.852901864577088
TCGA-VG-A8LO-01	0	0.811577123594172	0.251571120805919
TCGA-WR-A838-01	8.12769206771282e-07	0.280781926891128	0.280782728823412
