Sample	percent	start	end
TCGA-04-1331-01	1	2.01616110473424e-08	1
TCGA-04-1335-01	1.1895350512733e-06	0.363542416027545	0.363543585400986
TCGA-04-1336-01	4.05853230205618e-05	0.812610426403759	0.812650991565168
TCGA-04-1337-01	0.000104336337124395	0.498345649087039	0.498449965262552
TCGA-04-1338-01	1	2.01616110473424e-08	1
TCGA-04-1341-01	0.947169643484853	0.052830376676758	1
TCGA-04-1342-01	0.00102828248618713	0.887824788180602	0.888853050505178
TCGA-04-1343-01	0.00392978025396412	0.720044619258157	0.72397437935051
TCGA-04-1346-01	5.33476228079515e-05	0.018114905093954	0.0181682325551509
TCGA-04-1347-01	1	2.01616110473424e-08	1
TCGA-04-1349-01	0.671154990751768	0.328845029409843	1
TCGA-04-1350-01	0.000298593459480636	0.339091825472788	0.339390398770658
TCGA-04-1351-01	1	2.01616110473424e-08	1
TCGA-04-1353-01	0.000341416721326474	0.122568038431095	0.122909434990811
TCGA-04-1356-01	0.237921183867219	0.625202021862807	0.863123185568416
TCGA-04-1357-01	0.620354243135037	0.379645777026574	1
TCGA-04-1360-01	0.982011447722424	2.01616110473424e-08	0.982011447722424
TCGA-04-1361-01	0.645134113121275	0.354865907040336	1
TCGA-04-1362-01	0.475705409910654	0.524294610250957	1
TCGA-04-1364-01	0.0127773403492245	0.440573399443794	0.453350719631407
TCGA-04-1365-01	0.62217548178337	0.377824538378242	1
TCGA-04-1367-01	1	2.01616110473424e-08	1
TCGA-04-1371-01	8.75013919072221e-05	0.209630451581175	0.209717932811472
TCGA-04-1514-01	1	2.01616110473424e-08	1
TCGA-04-1516-01	2.62100943500896e-07	0.053650329236084	0.0536505711754165
TCGA-04-1517-01	1	2.01616110473424e-08	1
TCGA-04-1519-01	5.38315014728763e-06	0.161274238818033	0.161279601806569
TCGA-04-1525-01	0.855791476199087	0.144208543962524	1
TCGA-04-1530-01	0.300540587228293	0.699459432933318	1
TCGA-04-1536-01	0.995325268379773	0.00467475178183785	1
TCGA-04-1542-01	1	2.01616110473424e-08	1
TCGA-04-1638-01	2.4173771635198e-05	0.328845029409843	0.328869183019867
TCGA-04-1644-01	0.855936861576286	0.144063158585325	1
TCGA-04-1646-01	1.21776130672724e-05	0.112169163336086	0.112181320787542
TCGA-04-1648-01	0.966073049024913	0.0339269711366981	1
TCGA-04-1649-01	1	2.01616110473424e-08	1
TCGA-04-1651-01	0.321445960098035	0.678554060063576	1
TCGA-04-1654-01	0.627388891327324	0.372611128834287	1
TCGA-04-1655-01	2.62100943500896e-07	0.053650329236084	0.0536505711754165
TCGA-09-0364-01	0.000376961641587403	0.640603234595808	0.640980176075785
TCGA-09-0365-01	2.41939332462365e-05	0.731572060692659	0.731596234464294
TCGA-09-0366-01	1	2.01616110473424e-08	1
TCGA-09-0367-01	0.459433880913952	0.540566139247659	1
TCGA-09-0369-01	0.775114668658741	0.22488535150287	1
TCGA-09-1659-01	0.912086041046096	0.0791951710683463	0.991281191952832
TCGA-09-1661-01	0.998428140318603	0.001571879843008	1
TCGA-09-1662-01	1.31856936191989e-05	0.853635574969126	0.853648740501134
TCGA-09-1665-01	0.0181277077169635	0.208264825019091	0.226392512574444
TCGA-09-1666-01	0.485952165650377	0.514047854511234	1
TCGA-09-1667-01	0.982589904504731	0.0174101156568801	1
TCGA-09-1668-01	0.0601976309663474	0.939802389195264	1
TCGA-09-1669-01	8.66949274656809e-07	0.181490003943813	0.181490850731476
TCGA-09-1672-01	3.02424165577956e-07	0.658276277822242	0.658276560084797
TCGA-09-1674-01	1	2.01616110473424e-08	1
TCGA-09-1675-01	0.171886161656886	0.828113858504725	1
TCGA-09-2043-01	0.0603501333922429	0.939649886769368	1
TCGA-09-2044-01	0.000215265521058389	0.553101540264421	0.553316785623868
TCGA-09-2049-01	0.000777129297480156	0.494439034524158	0.495216143660027
TCGA-09-2050-01	0.00526784589375827	0.460440308213774	0.465708133945921
TCGA-09-2051-01	0.267092313222483	0.732907706939129	1
TCGA-09-2053-01	1	2.01616110473424e-08	1
TCGA-09-2054-01	0.00111154993977626	0.553387774656335	0.5544993044345
TCGA-09-2055-01	3.80449600297069e-05	0.326892135441429	0.326930160239847
TCGA-10-0926-01	1	2.01616110473424e-08	1
TCGA-10-0927-01	1.10284012380761e-05	0.916278063374839	0.916289071614466
TCGA-10-0928-01	1	2.01616110473424e-08	1
TCGA-10-0930-01	0.677938364785682	0.322061655375929	1
TCGA-10-0933-01	1	2.01616110473424e-08	1
TCGA-10-0935-01	0.262803898231365	0.0424917646371431	0.305295642706897
TCGA-10-0936-01	6.73397808686916e-05	0.446790554793301	0.446857874412559
TCGA-10-0937-01	0.570545104034014	0.429454916127597	1
TCGA-10-0938-01	2.41939332462365e-07	0.760455806444179	0.760456028221901
TCGA-13-0714-01	0.316583685171927	0.683416334989684	1
TCGA-13-0720-01	9.0082078120154e-05	0.0452496714111037	0.0453397333276128
TCGA-13-0723-01	1	2.01616110473424e-08	1
TCGA-13-0724-01	6.97591741933153e-06	0.299751098863246	0.299758054619054
TCGA-13-0725-01	0.96383829573418	0.0361617244274309	1
TCGA-13-0726-01	0.273860384593618	0.726139635567993	1
TCGA-13-0727-01	3.02424165577956e-07	0.4602014536078	0.460201735870355
TCGA-13-0730-01	9.29248652765868e-05	2.01616110473424e-08	9.29248652765668e-05
TCGA-13-0751-01	1	2.01616110473424e-08	1
TCGA-13-0755-01	4.95975631547849e-05	0.182914663703017	0.182964241104561
TCGA-13-0757-01	0.16593733718869	0.0595827824761164	0.225520099503196
TCGA-13-0758-01	1	2.01616110473424e-08	1
TCGA-13-0760-01	0.473680942223053	0.526319077938558	1
TCGA-13-0761-01	0.612549280269801	0.221124626357464	0.833673886465654
TCGA-13-0762-01	0.00386778330002064	0.721048909427208	0.724916672565618
TCGA-13-0764-01	0.0105916805813705	0.440669751782947	0.451261412202706
TCGA-13-0766-01	7.71786470554945e-05	0.147783782286375	0.14786094077182
TCGA-13-0768-01	0.946560541053768	0.0534394791078431	1
TCGA-13-0791-01	0.207873911542665	0.519291909703967	0.727165801085021
TCGA-13-0791-02	0.208135326991391	0.519030494255241	0.727165801085021
TCGA-13-0792-01	0.384228793478187	0.615771226683424	1
TCGA-13-0793-01	0.595834780516972	0.404165239644639	1
TCGA-13-0794-01	0.00126556448649959	0.211660645166311	0.2129261894912
TCGA-13-0795-01	0.533351347060743	0.466648673100868	1
TCGA-13-0797-01	0.363084646648915	0.636915373512696	1
TCGA-13-0799-01	7.08277395783574e-05	0.279042906549461	0.279113714127428
TCGA-13-0801-01	0.456310807040862	0.543689213120749	1
TCGA-13-0802-01	0.858989672234907	0.141010347926704	1
TCGA-13-0804-01	0.884355620092424	0.115644400069187	1
TCGA-13-0805-01	0.000276294717672021	0.0985821326875542	0.0988584072436153
TCGA-13-0807-01	0.0912894763588074	0.310812343365704	0.4021017995629
TCGA-13-0883-01	0.284497590092713	0.715502430068898	1
TCGA-13-0885-01	0.0702555328954729	0.929744487266138	1
TCGA-13-0890-01	0.240718425944316	0.759281594217295	1
TCGA-13-0891-01	1.03630680738046e-05	0.543498947997378	0.543509290903841
TCGA-13-0893-01	3.14521132201075e-06	0.0644314886379946	0.0644346136877056
TCGA-13-0897-01	0.354346221354207	0.576500481025797	0.930846682218393
TCGA-13-0899-01	1	2.01616110473424e-08	1
TCGA-13-0900-01	0.814751105617386	0.185248914544225	1
TCGA-13-0901-01	0.865307978386995	0.134692041774616	1
TCGA-13-0903-01	0.00173520905403112	0.454947620033714	0.456682808926134
TCGA-13-0904-01	0.714920404681437	0.285079615480174	1
TCGA-13-0905-01	0.000176938298474143	0.00419748612533377	0.00437440426219682
TCGA-13-0906-01	1.88309447099874e-05	0.0122980182083945	0.0123168289914934
TCGA-13-0908-01	0.402530959615466	0.597469060546145	1
TCGA-13-0913-01	0.988130012793954	0.0118700073676575	1
TCGA-13-0913-02	0.988130012793954	0.0118700073676575	1
TCGA-13-0916-01	0.461184574085261	0.53881544607635	1
TCGA-13-0920-01	0.984779173200961	0.0152208469606503	1
TCGA-13-0921-01	0.99991866806107	8.13521005404994e-05	1
TCGA-13-0923-01	1	2.01616110473424e-08	1
TCGA-13-0924-01	0.350325754173791	0.64967426598782	1
TCGA-13-1403-01	0.335545640030443	0.664454380131168	1
TCGA-13-1404-01	1	2.01616110473424e-08	1
TCGA-13-1405-01	4.61700892782347e-06	0.424758510775504	0.424763107622821
TCGA-13-1407-01	0.000437970676589997	0.0587388375996546	0.0591767881146336
TCGA-13-1408-01	0.325723286203081	0.018114905093954	0.343838171135424
TCGA-13-1409-01	1	2.01616110473424e-08	1
TCGA-13-1410-01	4.55047561139632e-05	0.878478974191747	0.87852445878625
TCGA-13-1411-01	1	2.01616110473424e-08	1
TCGA-13-1412-01	0.280133367444091	0.71986665271752	1
TCGA-13-1477-01	1	2.01616110473424e-08	1
TCGA-13-1482-01	1	2.01616110473424e-08	1
TCGA-13-1483-01	0.0756027550518898	0.924397265109721	1
TCGA-13-1484-01	1	2.01616110473424e-08	1
TCGA-13-1487-01	0.0124916704824196	0.051191540123491	0.0636831904442996
TCGA-13-1488-01	0.00266157459641848	0.367481813369975	0.370143367804782
TCGA-13-1489-01	0.00436242826523995	0.533109931930167	0.537472340033796
TCGA-13-1489-02	0.0044292236826106	0.533043136512797	0.537472340033796
TCGA-13-1492-01	7.31060016257113e-05	0.630133753538942	0.630206839378957
TCGA-13-1494-01	0.411583321355656	0.588416698805955	1
TCGA-13-1495-01	3.14521132201075e-06	0.0644314886379946	0.0644346136877056
TCGA-13-1496-01	3.02424165577956e-07	0.0953176452746396	0.095317927537194
TCGA-13-1497-01	0.101644963666862	0.89835505649475	1
TCGA-13-1498-01	0.00328722971016616	0.0980746850993255	0.101361894647881
TCGA-13-1500-01	1	2.01616110473424e-08	1
TCGA-13-1501-01	0.0368309286210218	0.963169091540589	1
TCGA-13-1505-01	0.961565033766364	0.0384349863952473	1
TCGA-13-1506-01	0.00215963112800323	0.440573399443794	0.442733010410186
TCGA-13-1507-01	1	2.01616110473424e-08	1
TCGA-13-1509-01	7.8831899160654e-06	0.850525848082543	0.850533711110848
TCGA-13-1510-01	0.0006011789179469	0.657381727302073	0.657982886058409
TCGA-13-1511-01	0.000350408799849659	0.0174808022651812	0.0178311909034198
TCGA-13-1512-01	0.451687689144894	0.503787025967006	0.955474694950289
TCGA-13-1817-01	0.125019629848547	0.874980390313064	1
TCGA-13-1817-02	0.125019629848547	0.874980390313064	1
TCGA-13-1819-01	0.567826955957021	0.43217306420459	1
TCGA-13-1819-02	0.788075399021972	0.211924621139639	1
TCGA-13-2057-01	1	2.01616110473424e-08	1
TCGA-13-2059-01	1	2.01616110473424e-08	1
TCGA-13-2065-01	0.735836261588919	2.01616110473424e-08	0.735836261588919
TCGA-13-2071-01	0.137222525576062	0.862777494585549	1
TCGA-13-A5FT-01	0.295992248747667	0.704007771413945	1
TCGA-13-A5FU-01	0.999070610215957	2.01616110473424e-08	0.999070610215957
TCGA-20-0987-01	0.427616600594715	0.498952170831911	0.926568751265015
TCGA-20-0990-01	0.960786412509667	0.0392136076519443	1
TCGA-20-0991-01	1.34477945626998e-05	0.810167101246832	0.810180528879784
TCGA-20-1682-01	0.00078763349683123	0.302299224074351	0.303086837409571
TCGA-20-1683-01	1	2.01616110473424e-08	1
TCGA-20-1685-01	0.644396339288542	0.355603680873069	1
TCGA-20-1686-01	0.963471273766835	0.0365287463947763	1
TCGA-20-1687-01	1	2.01616110473424e-08	1
TCGA-23-1021-01	0.3989412654165	0.601058754745111	1
TCGA-23-1022-01	1	2.01616110473424e-08	1
TCGA-23-1023-01	0.0760794158600628	0.923920604301548	1
TCGA-23-1026-01	1.41534509490484e-05	0.176550872956427	0.176565006245765
TCGA-23-1027-01	0.9783823778971	0.021617642264511	1
TCGA-23-1028-01	0.368488260831407	0.631511759330204	1
TCGA-23-1029-01	0.0822775184871388	0.917722501674472	1
TCGA-23-1030-01	2.2883428528732e-05	0.0384349863952473	0.038457849662165
TCGA-23-1031-01	1	2.01616110473424e-08	1
TCGA-23-1109-01	9.62112078758672e-05	0.630110648332692	0.630206839378957
TCGA-23-1110-01	0.935568531523616	0.0644314886379946	1
TCGA-23-1113-01	1	2.01616110473424e-08	1
TCGA-23-1114-01	1	2.01616110473424e-08	1
TCGA-23-1117-01	0.445116637036827	0.554883383124784	1
TCGA-23-1118-01	0.127335352169211	0.774268364873788	0.901603696881388
TCGA-23-1119-01	0.202482737074185	0.797517283087427	1
TCGA-23-1120-01	0.380252923781388	0.619747096380223	1
TCGA-23-1121-01	2.2883428528732e-05	0.0384349863952473	0.038457849662165
TCGA-23-1122-01	1	2.01616110473424e-08	1
TCGA-23-1123-01	6.85494775310035e-06	0.580591110612626	0.580597945398769
TCGA-23-1124-01	0.0963704846030716	0.17982523955875	0.276195704000211
TCGA-23-1809-01	4.31055244003781e-05	0.908273440075488	0.908316525438278
TCGA-23-2072-01	2.62100943500896e-07	0.053650329236084	0.0536505711754165
TCGA-23-2077-01	0.951604835004331	0.04839518515728	1
TCGA-23-2078-01	0.0072811238872328	2.01616110473424e-08	0.00728112388723279
TCGA-23-2079-01	2.92141743948306e-05	0.328845029409843	0.328874223422627
TCGA-23-2081-01	0.000357888757544954	0.0653293456623736	0.0656872142583075
TCGA-23-2641-01	0.228509138986102	0.771490881175509	1
TCGA-23-2643-01	1	2.01616110473424e-08	1
TCGA-23-2645-01	1.85688437664865e-05	0.20961190289902	0.209630451581175
TCGA-24-0966-01	2.16535702553817e-05	0.163530121477134	0.163551754885778
TCGA-24-0968-01	1	2.01616110473424e-08	1
TCGA-24-0970-01	0.963296795184907	0.0367032249767038	1
TCGA-24-0975-01	0.537666839095485	0.462333181066126	1
TCGA-24-0979-01	0.211855950692441	8.13521005404994e-05	0.211937282631371
TCGA-24-0980-01	1.0907431571845e-05	0.404010358148641	0.404021245418602
TCGA-24-0982-01	2.01616110385304e-08	2.01616110473424e-08	2.01616110473424e-08
TCGA-24-1103-01	1.20566434010412e-05	0.122965302814998	0.122977339296788
TCGA-24-1104-01	0.201237475330001	0.79876254483161	1
TCGA-24-1105-01	0.986688921321752	0.0133110988398586	1
TCGA-24-1413-01	0.578207242046653	0.421792778114958	1
TCGA-24-1417-01	0.382297956312249	0.617702063849362	1
TCGA-24-1418-01	0.933709449531364	2.01616110473424e-08	0.933709449531364
TCGA-24-1422-01	2.01616110385304e-08	2.01616110473424e-08	2.01616110473424e-08
TCGA-24-1423-01	9.59289453213278e-05	0.588416698805955	0.588512607589665
TCGA-24-1424-01	0.518544962338211	0.267899382512355	0.786444324688955
TCGA-24-1425-01	0.401018979918854	0.598981040242757	1
TCGA-24-1427-01	0.98372441851948	0.0162756016421309	1
TCGA-24-1428-01	0.966111577863608	0.0338884422980035	1
TCGA-24-1430-01	0.299083447113705	0.621556621132542	0.920640048084636
TCGA-24-1431-01	0.000876888948898804	0.177899684734904	0.178776553522192
TCGA-24-1434-01	0.0392918548643848	2.01616110473424e-08	0.0392918548643848
TCGA-24-1435-01	0.961565033766364	0.0384349863952473	1
TCGA-24-1436-01	0.966111577863608	0.0338884422980035	1
TCGA-24-1463-01	0.997995774569882	0.00200424559172929	1
TCGA-24-1464-01	3.48795870966576e-06	0.850525848082543	0.850529315879642
TCGA-24-1466-01	0.908037508903115	0.0919625112584956	1
TCGA-24-1469-01	0.63667551082617	0.363324509335441	1
TCGA-24-1470-01	0.719021115073786	0.280978905087825	1
TCGA-24-1474-01	0.916240058738031	0.0837599614235799	1
TCGA-24-1544-01	1	2.01616110473424e-08	1
TCGA-24-1545-01	1	2.01616110473424e-08	1
TCGA-24-1548-01	0.000631280203227426	0.5399837509512	0.540615010992816
TCGA-24-1549-01	0.99991866806107	8.13521005404994e-05	1
TCGA-24-1550-01	0.458274346339904	0.485274412933706	0.943548739111999
TCGA-24-1551-01	4.65733214990053e-06	0.85791558256844	0.857920219738979
TCGA-24-1552-01	0.0143767407913001	0.199861122790844	0.214237843420533
TCGA-24-1553-01	2.2883428528732e-05	0.0384349863952473	0.038457849662165
TCGA-24-1555-01	4.67749376093906e-06	0.657187510502939	0.657192167835089
TCGA-24-1556-01	0.177907104207767	0.822092915953844	1
TCGA-24-1558-01	0.833953669142035	0.166046351019576	1
TCGA-24-1562-01	0.893993394370729	0.106006625790882	1
TCGA-24-1563-01	0.983015596760198	0.0169844234014126	1
TCGA-24-1564-01	0.0727920651802304	0.927207954981381	1
TCGA-24-1565-01	0.00129606900400089	0.948977898055677	0.950273946898067
TCGA-24-1567-01	0.227592168754459	0.772407851407152	1
TCGA-24-1603-01	0.00113288092425502	0.538617479217563	0.539750339980207
TCGA-24-1614-01	0.0664333349980104	0.933566685163601	1
TCGA-24-1616-01	9.77838135368726e-06	0.866653947378316	0.866663705598059
TCGA-24-1843-01	0.00351636641961905	0.551438650909185	0.554954997167193
TCGA-24-1845-01	0.981701825861706	0.0182981942999053	1
TCGA-24-1846-01	1	2.01616110473424e-08	1
TCGA-24-1847-01	1.05848457952285e-05	0.270609728045876	0.27062029273006
TCGA-24-1849-01	0.571643165856005	0.428356854305606	1
TCGA-24-1850-01	0.725635313029475	2.01616110473424e-08	0.725635313029475
TCGA-24-1852-01	1	2.01616110473424e-08	1
TCGA-24-1852-02	2.29842365839247e-06	0.276591053031065	0.276593331293113
TCGA-24-1920-01	0.845176488795356	0.154823531366255	1
TCGA-24-1923-01	1.8548682155448e-06	0.300371955513567	0.300373790220171
TCGA-24-1924-01	0.591792276695692	0.408207743465919	1
TCGA-24-1927-01	0.946349690925527	0.053650329236084	1
TCGA-24-1928-01	7.8831899160654e-06	0.850525848082543	0.850533711110848
TCGA-24-1930-01	1	2.01616110473424e-08	1
TCGA-24-2019-01	1	2.01616110473424e-08	1
TCGA-24-2020-01	7.21180826848233e-05	0.317675738833829	0.317747836754903
TCGA-24-2024-01	0.000615513823395296	0.168164529875284	0.168780023537068
TCGA-24-2026-01	1	2.01616110473424e-08	1
TCGA-24-2027-01	0.841172755752103	2.01616110473424e-08	0.841172755752103
TCGA-24-2029-01	0.260380533069367	0.739619487092244	1
TCGA-24-2030-01	0.000135143278791269	0.0717124310707281	0.0718475541879083
TCGA-24-2033-01	0.00343479254135716	0.19855819883909	0.201992971218837
TCGA-24-2254-01	0.99991866806107	8.13521005404994e-05	1
TCGA-24-2260-01	1	2.01616110473424e-08	1
TCGA-24-2261-01	2.92141743948306e-05	0.328845029409843	0.328874223422627
TCGA-24-2262-01	9.25417946668547e-06	0.865309873578433	0.865319107596288
TCGA-24-2267-01	0.714860323080543	2.01616110473424e-08	0.714860323080543
TCGA-24-2271-01	0.000138691722334051	0.466648673100868	0.466787344661591
TCGA-24-2280-01	0.686911209131936	8.13521005404994e-05	0.686992541070865
TCGA-24-2281-01	0.345869372801112	0.053650329236084	0.399519681875585
TCGA-24-2288-01	0.726630671604837	0.000163329211023133	0.726793980654249
TCGA-24-2289-01	0.642033176697105	0.357966843464506	1
TCGA-24-2290-01	0.00271800694571533	0.0441182421228434	0.0468362289069477
TCGA-24-2293-01	3.64925159797401e-06	0.173130717744683	0.17313434683467
TCGA-24-2295-01	1	2.01616110473424e-08	1
TCGA-24-2297-01	1.34477945626998e-05	0.810167101246832	0.810180528879784
TCGA-24-2298-01	0.813585683852915	0.0152069959338668	0.82879265962517
TCGA-25-1313-01	0.423112032971654	0.576887987189957	1
TCGA-25-1314-01	0.857920219738979	2.01616110473424e-08	0.857920219738979
TCGA-25-1315-01	0.191354011659581	0.80864600850203	1
TCGA-25-1318-01	0.99991866806107	8.13521005404994e-05	1
TCGA-25-1319-01	7.05656386348565e-07	0.618633127047122	0.618633812541897
TCGA-25-1320-01	8.13521005404703e-05	2.01616110473424e-08	8.13521005404994e-05
TCGA-25-1323-01	1	2.01616110473424e-08	1
TCGA-25-1329-01	1	2.01616110473424e-08	1
TCGA-25-1623-01	2.62100943500896e-07	0.053650329236084	0.0536505711754165
TCGA-25-1625-01	0.000285286796195206	0.386330278519955	0.386615545154539
TCGA-25-1627-01	0.585777584244233	0.414222435917378	1
TCGA-25-1628-01	4.3750695953611e-06	0.597878542866337	0.597882897774321
TCGA-25-1630-01	0.561893918030269	0.306782319581656	0.868676217450314
TCGA-25-1631-01	1	2.01616110473424e-08	1
TCGA-25-1633-01	9.21385624460841e-06	0.29882047922093	0.298829672915563
TCGA-25-1634-01	1	2.01616110473424e-08	1
TCGA-25-1870-01	1	2.01616110473424e-08	1
TCGA-25-1871-01	7.8831899160654e-06	0.850525848082543	0.850533711110848
TCGA-25-1877-01	1	2.01616110473424e-08	1
TCGA-25-1878-01	2.81052857877114e-05	0.200841279511483	0.200869364635659
TCGA-25-2042-01	0.232639809532454	0.767360210629157	1
TCGA-25-2391-01	0.000264863084213174	0.152808237211677	0.153073080134279
TCGA-25-2392-01	1	2.01616110473424e-08	1
TCGA-25-2393-01	1	2.01616110473424e-08	1
TCGA-25-2396-01	4.61700892782347e-06	0.424758510775504	0.424763107622821
TCGA-25-2397-01	0.977961423620227	8.13521005404994e-05	0.978042755559156
TCGA-25-2398-01	0.00545470370486337	0.292955204468878	0.29840988801213
TCGA-25-2399-01	0.00868447282356971	0.437645530288778	0.446329982950737
TCGA-25-2400-01	0.400622038120727	0.599377982040884	1
TCGA-25-2401-01	0.313180506036679	0.686819514124932	1
TCGA-25-2408-01	1.6532521051595e-06	0.265390895028552	0.265392528119046
TCGA-29-1688-01	0.966111577863608	0.0338884422980035	1
TCGA-29-1691-01	0.384516902899927	0.615483117261684	1
TCGA-29-1692-01	1	2.01616110473424e-08	1
TCGA-29-1692-02	1.78228641580609e-05	0.00421625658521063	0.00423405928775766
TCGA-29-1693-01	0.229076547205559	0.770923472956052	1
TCGA-29-1694-01	0.0556078200518149	0.944392200109796	1
TCGA-29-1695-01	0.905042904815562	0.0758737069426366	0.980916591596588
TCGA-29-1697-01	0.679486131341888	0.320513888819723	1
TCGA-29-1698-01	7.64528290581074e-05	0.63090306013134	0.630979492798787
TCGA-29-1702-01	1	2.01616110473424e-08	1
TCGA-29-1703-01	1	2.01616110473424e-08	1
TCGA-29-1704-01	0.397328880896916	0.602671139264695	1
TCGA-29-1704-02	0.809445174440376	0.190554845721235	1
TCGA-29-1705-01	5.68557431286558e-06	0.784371751397416	0.784377416810118
TCGA-29-1705-02	0.0809560055300073	0.919044014631604	1
TCGA-29-1710-02	0.000703357962690173	0.93134866601003	0.932052003811109
TCGA-29-1711-01	0.639702131552052	0.360297888609559	1
TCGA-29-1762-01	0.985058935715731	0.0149410844458796	1
TCGA-29-1763-01	1	2.01616110473424e-08	1
TCGA-29-1764-01	0.000150687880901976	0.0351310830327523	0.0352817507520432
TCGA-29-1766-01	0.00218126453664757	0.548431707915676	0.550612952290713
TCGA-29-1768-01	2.13713077008423e-05	0.169155089987218	0.169176441133308
TCGA-29-1769-01	0.937242207340758	0.0627578128208531	1
TCGA-29-1770-01	2.5202013798163e-06	0.588492687917959	0.588495187957728
TCGA-29-1770-02	0.756983452821457	0.243016567340154	1
TCGA-29-1775-01	0.233978984060855	0.766021036100756	1
TCGA-29-1776-01	0.219067113789371	0.78093290637224	1
TCGA-29-1777-01	0.966111577863608	0.0338884422980035	1
TCGA-29-1781-01	0.189832918914779	0.810167101246832	1
TCGA-29-1783-01	0.862246538558849	0.137753481602762	1
TCGA-29-1784-01	0.372129790532353	0.627870229629258	1
TCGA-29-2425-01	0.235513222176054	0.764486797985557	1
TCGA-29-2427-01	1.34477945626998e-05	0.810167101246832	0.810180528879784
TCGA-29-2428-01	0.194844551055459	2.01616110473424e-08	0.194844551055459
TCGA-29-2429-01	6.8569639142042e-05	0.107743790521184	0.107812339998715
TCGA-29-2431-01	0.856478684711335	0.143521335450276	1
TCGA-29-2432-01	1.66534907178261e-05	0.359057828561023	0.35907446189013
TCGA-29-2434-01	0.22872341658822	0.124400527258387	0.353123923684996
TCGA-30-1718-01	0.225152351717853	0.774847668443758	1
TCGA-30-1853-01	1	2.01616110473424e-08	1
TCGA-30-1856-01	4.637170538862e-06	0.111419433668007	0.111424050676935
TCGA-30-1857-01	0.44689847989719	0.553101540264421	1
TCGA-30-1859-01	2.29842365839247e-06	0.276591053031065	0.276593331293113
TCGA-30-1860-01	0.560950153017555	0.439049867144056	1
TCGA-30-1861-01	1	2.01616110473424e-08	1
TCGA-30-1862-01	0.660704179346724	0.339295840814887	1
TCGA-30-1866-01	0.508402421965946	0.48970565277742	0.998108054581755
TCGA-30-1867-01	1.25001988438889e-06	0.900872798158019	0.900874028016292
TCGA-30-1887-01	0.960237714265253	0.0397623058963579	1
TCGA-30-1891-01	0.0682265086837772	0.931773511477834	1
TCGA-30-1892-01	4.71781698301612e-06	0.552906396031179	0.552911093686551
TCGA-31-1944-01	0.00144879320761776	0.0391091503451537	0.0405579233911604
TCGA-31-1946-01	7.86302830502687e-07	0.748179804715039	0.748180570856258
TCGA-31-1950-01	0.729729168474071	2.01616110473424e-08	0.729729168474071
TCGA-31-1953-01	1	2.01616110473424e-08	1
TCGA-31-1955-01	0.0001012516106355	0.234318666883632	0.234419898332657
TCGA-31-1956-01	0.87303314159574	0.126966878565871	1
TCGA-31-1959-01	0.576854236653079	0.423145783508532	1
TCGA-36-1568-01	0.427966505354289	0.572033514807322	1
TCGA-36-1569-01	1	2.01616110473424e-08	1
TCGA-36-1570-01	3.38715065447311e-06	0.934464824450534	0.934468191439577
TCGA-36-1574-01	2.40931251910439e-05	0.156374644749893	0.156398717713473
TCGA-36-1575-01	2.29842365839247e-06	0.276591053031065	0.276593331293113
TCGA-36-1576-01	0.000104900862233474	0.139929746059872	0.140034626760494
TCGA-36-1577-01	1	2.01616110473424e-08	1
TCGA-36-1578-01	0.000140828853104135	0.527022355254804	0.527163163946297
TCGA-36-1580-01	8.13521005404703e-05	2.01616110473424e-08	8.13521005404994e-05
TCGA-36-1581-01	1	2.01616110473424e-08	1
TCGA-36-2529-01	0.188706388898001	0.800951531265286	0.989657900001675
TCGA-36-2530-01	4.54241096698091e-05	0.170862838927014	0.170908242875073
TCGA-36-2532-01	2.64721952935905e-05	0.171623133279277	0.17164958531296
TCGA-36-2533-01	0.283816369578944	0.00728112388723279	0.291097473304565
TCGA-36-2534-01	1.42945822263181e-05	0.0779458165171216	0.0779600909377369
TCGA-36-2537-01	0.837882017921616	0.162118002239995	1
TCGA-36-2538-01	1	2.01616110473424e-08	1
TCGA-36-2540-01	2.62100943500896e-07	0.053650329236084	0.0536505711754165
TCGA-36-2542-01	1.25405220659659e-05	0.423145783508532	0.423158303868987
TCGA-36-2543-01	0.00324785408380791	0.36523322921407	0.368481063136266
TCGA-36-2544-01	0.614003013072123	0.36914857375453	0.983151566665042
TCGA-36-2545-01	0.341441903178661	0.65855811698295	1
TCGA-36-2547-01	0.361850635083691	0.63814938507792	1
TCGA-36-2548-01	2.81859322318655e-05	0.166046351019576	0.166074516790196
TCGA-36-2549-01	0.587905299541962	0.412094720619649	1
TCGA-36-2551-01	0.481676976676101	0.091272520443924	0.572949476958414
TCGA-36-2552-01	1	2.01616110473424e-08	1
TCGA-3P-A9WA-01	0.853351880940203	0.146648139221408	1
TCGA-42-2582-01	0.288042102121342	0.562491629151117	0.850533711110848
TCGA-42-2587-01	0.981520673786525	0.0184793463750865	1
TCGA-42-2588-01	0.426515857278455	0.573484162883156	1
TCGA-42-2589-01	0.235864316470679	0.0462442638452455	0.282108560154314
TCGA-42-2590-01	0.44851193298216	0.551488087179451	1
TCGA-42-2591-01	0.922204427808338	0.0395062332745575	0.961710640921284
TCGA-42-2593-01	1.43953902815107e-05	0.180063731255725	0.180078106484395
TCGA-57-1582-01	1	2.01616110473424e-08	1
TCGA-57-1583-01	0.00982336190791422	0.0403205607444038	0.050143902490707
TCGA-57-1584-01	0.261914609891678	0.738085410269933	1
TCGA-57-1585-01	1	2.01616110473424e-08	1
TCGA-57-1586-01	1	2.01616110473424e-08	1
TCGA-57-1992-01	1	2.01616110473424e-08	1
TCGA-57-1993-01	0.947111114328008	0.0528889058336028	1
TCGA-57-1994-01	0.000160526747088779	0.115476756273401	0.115637262858879
TCGA-59-2348-01	1.17340576244247e-05	0.207011720408214	0.207023434304227
TCGA-59-2350-01	0.526671785162066	0.473328234999545	1
TCGA-59-2352-01	0.00152722187455764	0.572773728194991	0.574300929907937
TCGA-59-2354-01	0.000314823556366653	0.125890309021246	0.126205112416002
TCGA-59-2355-01	4.20167974042974e-05	0.732344089102546	0.73238608573834
TCGA-59-2363-01	0.0760794158600628	0.923920604301548	1
TCGA-59-2372-01	0.990239784257858	0.00976023590375263	1
TCGA-59-A5PD-01	0.785987502906044	0.214012517255567	1
TCGA-61-1722-01	0.962149155961372	0.037850864200239	1
TCGA-61-1724-01	0.443497175791768	0.556502844369843	1
TCGA-61-1725-01	1	2.01616110473424e-08	1
TCGA-61-1727-01	0.784671615038392	0.0338884422980035	0.818560037174785
TCGA-61-1728-01	2.2883428528732e-05	0.0384349863952473	0.038457849662165
TCGA-61-1730-01	0.46810492610457	0.531895094057041	1
TCGA-61-1733-01	0.625429444835322	2.01616110473424e-08	0.625429444835322
TCGA-61-1734-01	0.519594475000822	0.480405545160789	1
TCGA-61-1736-01	4.81862503820877e-06	0.658201236305957	0.658206034769384
TCGA-61-1737-01	0.497341520210876	0.502658499950735	1
TCGA-61-1738-01	1.10082396270376e-05	0.638511427127339	0.638522415205355
TCGA-61-1740-01	0.188496083133258	0.746512217704431	0.935008280676078
TCGA-61-1741-01	2.41334484131209e-05	0.200148385424921	0.200172498711723
TCGA-61-1743-01	1	2.01616110473424e-08	1
TCGA-61-1895-01	0.109131917441187	0.890868102720424	1
TCGA-61-1899-01	8.46787663618278e-05	0.852827638729979	0.85291229733473
TCGA-61-1900-01	1	2.01616110473424e-08	1
TCGA-61-1901-01	0.999785722397883	0.000214297763728499	1
TCGA-61-1903-01	0.00141357087313345	0.185319238243528	0.18673278895505
TCGA-61-1904-01	1	2.01616110473424e-08	1
TCGA-61-1906-01	0.99991866806107	8.13521005404994e-05	1
TCGA-61-1910-01	0.263522619341667	0.736477400819945	1
TCGA-61-1911-01	2.62100943500896e-07	0.053650329236084	0.0536505711754165
TCGA-61-1913-01	0.000253310481088096	0.1198075106477	0.120060800967177
TCGA-61-1914-01	0.211929157502122	0.788070862659489	1
TCGA-61-1916-02	1	2.01616110473424e-08	1
TCGA-61-1917-01	0.850337962029275	2.01616110473424e-08	0.850337962029275
TCGA-61-1918-01	4.61902508892732e-05	0.928686143817893	0.928732313907171
TCGA-61-1919-01	0.966111577863608	0.0338884422980035	1
TCGA-61-1998-01	6.57268519856092e-06	0.858212542937427	0.858219095461014
TCGA-61-2000-01	0.29888183100332	0.429297292652498	0.728179103494207
TCGA-61-2002-01	0.99262070922862	0.00737931093299049	1
TCGA-61-2009-01	0.578880276946341	0.42111974321527	1
TCGA-61-2012-01	0.0728894860847686	2.01616110473424e-08	0.0728894860847685
TCGA-61-2016-01	0.00411137588458816	0.774319797143547	0.778431152866524
TCGA-61-2018-01	0.576736936400057	0.423263083761554	1
TCGA-61-2087-01	0.328611537792406	0.671388482369205	1
TCGA-61-2088-01	0.871155047204279	0.128844972957332	1
TCGA-61-2092-01	9.19369463356988e-06	0.810569345548662	0.810578519081685
TCGA-61-2094-01	1	2.01616110473424e-08	1
TCGA-61-2095-01	2.62100943500896e-07	0.053650329236084	0.0536505711754165
TCGA-61-2095-02	4.37910191756881e-05	0.0184793463750865	0.0185231172326511
TCGA-61-2096-01	0.13914578197625	0.811951645763075	0.951097407577713
TCGA-61-2097-01	0.000212704996456496	0.327230910991709	0.327443595826555
TCGA-61-2098-01	2.42947413014292e-05	0.280955154710022	0.280979429289712
TCGA-61-2102-01	1	2.01616110473424e-08	1
TCGA-61-2109-01	0.946349690925527	0.053650329236084	1
TCGA-61-2110-01	0.000372687380047235	0.902269776025268	0.902642443243704
TCGA-61-2111-01	1	2.01616110473424e-08	1
TCGA-61-2113-01	9.87918940887991e-07	0.092354654593195	0.0923556223505249
TCGA-61-2610-02	0.370750837145373	0.629249183016238	1
TCGA-61-2611-02	0.000106554114338633	0.330215051203133	0.330321585155861
TCGA-61-2612-01	1	2.01616110473424e-08	1
TCGA-61-2613-01	0.9783823778971	0.021617642264511	1
TCGA-61-2614-01	0.00282091180845599	0.0810949391916739	0.0839158308385188
TCGA-72-4231-01	0.372916637726354	0.424474978039469	0.797391595604212
TCGA-72-4233-01	0.933628117592435	8.13521005404994e-05	0.933709449531364
TCGA-72-4234-01	0.916240058738031	0.0837599614235799	1
TCGA-72-4235-01	0.57186204030544	0.428137979856172	1
TCGA-72-4236-01	0.299083447113705	0.621556621132542	0.920640048084636
TCGA-72-4237-01	1.59075111094005e-05	0.371437501294123	0.371453388643622
TCGA-72-4238-01	0.893972748881026	0.106027271280586	1
TCGA-72-4240-01	0.0143825473352792	0.199855316246865	0.214237843420533
TCGA-72-4241-01	1.47784608912428e-05	0.193852781246863	0.193867539546143
TCGA-OY-A56P-01	0.000353231425395053	0.567444349064343	0.567797560328127
TCGA-VG-A8LO-01	0.917178803509596	0.0828212166520149	1
TCGA-WR-A838-01	0.000123852776609692	0.496407594064349	0.496531426679348
