Sample	percent	start	end
TCGA-04-1331-01	1	1.27993884380118e-08	1
TCGA-04-1335-01	0.714426534985535	1.27993884380118e-08	0.714426534985535
TCGA-04-1338-01	1	1.27993884380118e-08	1
TCGA-04-1341-01	0.99933141114678	1.27993884380118e-08	0.99933141114678
TCGA-04-1342-01	0.639299910315965	1.27993884380118e-08	0.639299910315965
TCGA-04-1343-01	2.25397229979398e-05	0.976491964870338	0.976514491793947
TCGA-04-1346-01	8.81877861759258e-06	0.898575713495827	0.898584519475057
TCGA-04-1347-01	0.139629372973449	0.86037063982594	1
TCGA-04-1348-01	0.649058048848687	1.27993884380118e-08	0.649058048848687
TCGA-04-1351-01	0.0112148241287875	1.27993884380118e-08	0.0112148241287876
TCGA-04-1353-01	6.47905041542143e-05	0.00126100854598521	0.00132578625075108
TCGA-04-1356-01	0.405731141192319	1.27993884380118e-08	0.405731141192319
TCGA-04-1360-01	0.00339974795188346	0.365020945623168	0.368420680775663
TCGA-04-1361-01	0.0524589717844266	1.27993884380118e-08	0.0524589717844266
TCGA-04-1364-01	3.51983181398833e-06	0.417390641673403	0.417394148705829
TCGA-04-1365-01	0.373572025032071	0.27550689961912	0.649078911851802
TCGA-04-1367-01	6.65568197554157e-06	0.450981663813747	0.450988306696334
TCGA-04-1371-01	4.19819939995699e-06	0.0447888998788705	0.0447930852788819
TCGA-04-1514-01	0.523696538122537	1.27993884380118e-08	0.523696538122537
TCGA-04-1516-01	0.151347456255306	1.27993884380118e-08	0.151347456255306
TCGA-04-1517-01	0.860533243256357	0.139466769543031	1
TCGA-04-1519-01	5.9158773251833e-05	0.96743112421905	0.967490270192914
TCGA-04-1525-01	5.41414129933478e-06	0.425232686161697	0.425238087503608
TCGA-04-1530-01	0.098108464142123	1.27993884380118e-08	0.0981084641421229
TCGA-04-1536-01	0.794434539211074	1.27993884380118e-08	0.794434539211074
TCGA-04-1542-01	0.000784128932437699	0.36097379180589	0.36175790793894
TCGA-04-1638-01	4.17260062312799e-06	0.621325652369148	0.621329812170383
TCGA-04-1644-01	1.02267113431879e-05	0.181554537688458	0.181564751600413
TCGA-04-1648-01	0.00192478482916138	0.810806262530841	0.812731034560614
TCGA-04-1649-01	0.137182168306761	0.862817844492627	1
TCGA-04-1652-01	6.59808472767631e-05	0.719587145999155	0.719653114047043
TCGA-04-1654-01	0.197915138339694	0.390650568978253	0.588565694518558
TCGA-04-1655-01	1.54488618163051e-05	0.70004231349816	0.700057749560587
TCGA-09-0364-01	0.421450850866864	1.27993884380118e-08	0.421450850866864
TCGA-09-0366-01	1	1.27993884380118e-08	1
TCGA-09-0367-01	8.71510357143511e-05	0.0107796449226945	0.0108667831590203
TCGA-09-0369-01	0.818159139992709	1.27993884380118e-08	0.818159139992709
TCGA-09-1659-01	1.82135297138378e-05	0.98173441517348	0.981752615903806
TCGA-09-1665-01	1.80471376644493e-06	0.471525718969486	0.471527510883864
TCGA-09-1666-01	0.0960100428097305	1.27993884380118e-08	0.0960100428097305
TCGA-09-1667-01	0.401965228336674	0.144596290842192	0.546561506379478
TCGA-09-1668-01	6.23330215786297e-06	0.657913254525707	0.657919475028476
TCGA-09-1669-01	0.0449229094755703	1.27993884380118e-08	0.0449229094755703
TCGA-09-1672-01	0.00104281737168322	0.382602953512634	0.383645758084929
TCGA-09-1673-01	0.910440976945063	1.27993884380118e-08	0.910440976945063
TCGA-09-1674-01	8.95957189015212e-06	0.263180960582069	0.263189907354571
TCGA-09-1675-01	8.0636147011369e-07	0.36711831740571	0.367119110967792
TCGA-09-2044-01	0.857081888170387	1.27993884380118e-08	0.857081888170387
TCGA-09-2049-01	0.000216296864816687	0.0181471520855202	0.0183634361509485
TCGA-09-2050-01	1.93270765058996e-05	0.00541567722594449	0.00543499150306204
TCGA-09-2051-01	0.931617385885421	0.0307394975930302	0.962356870679063
TCGA-09-2053-01	1	1.27993884380118e-08	1
TCGA-09-2054-01	4.01900796215395e-06	0.485938726281405	0.485942732489979
TCGA-09-2055-01	0.0449229094755703	1.27993884380118e-08	0.0449229094755703
TCGA-10-0926-01	1	1.27993884380118e-08	1
TCGA-10-0927-01	0.988708801920543	3.04497450380747e-05	0.988739238866193
TCGA-10-0928-01	0.30887303650502	0.0559056294948492	0.364778653200481
TCGA-10-0930-01	0.327456583738533	1.27993884380118e-08	0.327456583738533
TCGA-10-0931-01	5.05575842372869e-05	0.00473188269928815	0.00478242748413693
TCGA-10-0933-01	1	1.27993884380118e-08	1
TCGA-10-0935-01	2.04790214632048e-07	0.644680888399918	0.644681080390744
TCGA-10-0937-01	0.111012513155691	1.27993884380118e-08	0.111012513155691
TCGA-10-0938-01	0.0332555885681648	1.27993884380118e-08	0.0332555885681648
TCGA-13-0714-01	1.02267113431879e-05	0.181554537688458	0.181564751600413
TCGA-13-0717-01	2.20149480729452e-06	0.0401601674508147	0.0401623561462336
TCGA-13-0720-01	0.22930452487947	1.27993884380118e-08	0.22930452487947
TCGA-13-0723-01	1	1.27993884380118e-08	1
TCGA-13-0724-01	0.981284529470099	1.27993884380118e-08	0.981284529470099
TCGA-13-0725-01	1.55128587583777e-05	0.950573190531581	0.950588690590951
TCGA-13-0730-01	0.99996956305435	3.04497450380747e-05	1
TCGA-13-0751-01	1.91990826217545e-07	0.262755739300162	0.2627559184916
TCGA-13-0755-01	3.13329028387034e-05	0.211325787146708	0.211357107250159
TCGA-13-0757-01	0.97550933022298	0.0244906825764089	1
TCGA-13-0758-01	1	1.27993884380118e-08	1
TCGA-13-0760-01	0.299003210508994	1.27993884380118e-08	0.299003210508994
TCGA-13-0761-01	2.92082043618959e-05	0.234147339878147	0.23417653528312
TCGA-13-0762-01	9.34355354258721e-07	0.349890622186334	0.3498915437423
TCGA-13-0764-01	0.000138335789983949	0.138533668528837	0.138671991519432
TCGA-13-0766-01	0.0934151587995162	0.260499642301892	0.353914788302019
TCGA-13-0768-01	0.979124043903285	1.27993884380118e-08	0.979124043903285
TCGA-13-0791-02	1.01115168474574e-06	0.76023119432898	0.760232192681276
TCGA-13-0792-01	0.39447749651847	0.0424550337965931	0.436932517515675
TCGA-13-0794-01	7.13181922456108e-05	0.860453400671428	0.860524706064285
TCGA-13-0797-01	1.88151009693194e-06	0.144737800880503	0.144739669591212
TCGA-13-0799-01	0.000168068769270839	0.335000466473711	0.335168522443593
TCGA-13-0800-01	1.79191437803042e-07	0.0605099278904215	0.060510094282471
TCGA-13-0801-01	0.240258228685214	1.27993884380118e-08	0.240258228685214
TCGA-13-0802-01	0.0718946383016348	0.54249796934503	0.614392594847276
TCGA-13-0803-01	7.32381005077863e-05	0.0429717195081097	0.0430449448092292
TCGA-13-0804-01	0.420436000158866	0.163510971053377	0.583946958412854
TCGA-13-0807-01	9.58802186130421e-05	0.445593390078398	0.445689257497623
TCGA-13-0885-01	0.127199477303696	1.27993884380118e-08	0.127199477303696
TCGA-13-0886-01	1.78679462266462e-05	0.597473160098475	0.597491015245313
TCGA-13-0887-01	7.08446148742742e-05	0.0784246174835576	0.0784954492990434
TCGA-13-0888-01	0.00141575315191659	0.896868313479498	0.898284053832026
TCGA-13-0889-01	0.405013492283306	1.27993884380118e-08	0.405013492283306
TCGA-13-0890-01	9.01076944381013e-06	0.207769041896532	0.207778039866588
TCGA-13-0891-01	0.638413975048079	1.27993884380118e-08	0.638413975048079
TCGA-13-0893-01	0.063621267223161	0.898809775911763	0.962431030335536
TCGA-13-0897-01	3.52879138587848e-05	0.0174703204261613	0.0175055955406317
TCGA-13-0899-01	1	1.27993884380118e-08	1
TCGA-13-0900-01	0.323872703784919	1.27993884380118e-08	0.323872703784919
TCGA-13-0901-01	1.95830642741896e-06	0.0686180332656873	0.0686199787727263
TCGA-13-0903-01	9.22067941380798e-05	0.0790114694423625	0.0791036634371122
TCGA-13-0904-01	0.00416611133320183	0.221629870792862	0.225795969326675
TCGA-13-0905-01	0.0012636068218334	0.202446147437205	0.20370974145965
TCGA-13-0906-01	0.997595058913857	1.27993884380118e-08	0.997595058913857
TCGA-13-0910-01	0.405402888077041	1.27993884380118e-08	0.405402888077041
TCGA-13-0913-01	3.96781040849594e-07	0.829623334605976	0.829623718587629
TCGA-13-0913-02	5.33734496884776e-06	0.20628213694442	0.20628746149
TCGA-13-0916-01	0.488202336520675	0.0962418909314707	0.584444214652758
TCGA-13-0920-01	0.225374229478417	3.04497450380747e-05	0.225404666424067
TCGA-13-0921-01	0.380889563382527	0.0922320729301984	0.473121623513337
TCGA-13-0923-01	0.0650236834123497	0.146960081894583	0.211983752507544
TCGA-13-0924-01	0.0112148241287875	1.27993884380118e-08	0.0112148241287876
TCGA-13-1403-01	0.000199465669051615	0.172130629585405	0.172330082455068
TCGA-13-1405-01	1.83799217632263e-05	0.578234437770801	0.578252804893175
TCGA-13-1408-01	1.94934685552881e-05	0.237644580771584	0.237664061440751
TCGA-13-1409-01	1	1.27993884380118e-08	1
TCGA-13-1410-01	3.53135126356138e-05	0.239162153058338	0.239197453771585
TCGA-13-1411-01	1	1.27993884380118e-08	1
TCGA-13-1412-01	4.35179206093103e-06	0.270189035319439	0.270193374312111
TCGA-13-1477-01	9.13876332795516e-06	0.161978628272392	0.161987754236332
TCGA-13-1481-01	4.223798176786e-06	0.425232686161697	0.425236897160485
TCGA-13-1482-01	1	1.27993884380118e-08	1
TCGA-13-1483-01	0.572943362591071	1.27993884380118e-08	0.572943362591071
TCGA-13-1484-01	8.39639879991398e-06	0.445680873898211	0.445689257497623
TCGA-13-1487-01	0.00117575181975625	0.0309192906020888	0.0320950296224566
TCGA-13-1488-01	5.21831065659288e-05	0.149861485658548	0.149913655965725
TCGA-13-1489-01	0.155020099967575	1.27993884380118e-08	0.155020099967575
TCGA-13-1489-02	0.155020099967575	1.27993884380118e-08	0.155020099967575
TCGA-13-1491-01	1.02395107316024e-07	0.482243581244304	0.482243670840023
TCGA-13-1492-01	0.367081903145671	0.060413446100553	0.427495336446836
TCGA-13-1494-01	0.65329422403407	1.27993884380118e-08	0.65329422403407
TCGA-13-1495-01	3.32784098777079e-07	0.95057287054687	0.950573190531581
TCGA-13-1496-01	1.45785034041189e-05	0.44324160485234	0.443256170556356
TCGA-13-1497-01	0.22829187566628	1.27993884380118e-08	0.22829187566628
TCGA-13-1498-01	9.07476638588264e-06	0.130013410047236	0.130022472014233
TCGA-13-1499-01	1.40793272559533e-07	0.170750433134504	0.170750561128388
TCGA-13-1500-01	3.99980887953219e-05	0.578252804893175	0.578292790182582
TCGA-13-1501-01	0.248253520250994	1.27993884380118e-08	0.248253520250994
TCGA-13-1506-01	1.58712416339837e-06	0.354125671025537	0.354127245350312
TCGA-13-1507-01	0.000157970051811796	1.27993884380118e-08	0.00015797005181184
TCGA-13-1509-01	0.000268646363432004	0.274295501502629	0.274564135066673
TCGA-13-1510-01	0.213182799214215	1.27993884380118e-08	0.213182799214215
TCGA-13-1512-01	0.97287598405058	1.27993884380118e-08	0.97287598405058
TCGA-13-1817-02	0.736898523619985	1.27993884380118e-08	0.736898523619985
TCGA-13-1819-01	1.63064208400769e-05	0.223448702284728	0.22346499590618
TCGA-13-1819-02	1.13274587468352e-05	0.117683874382041	0.117695189041399
TCGA-13-2057-01	8.99541017771272e-05	0.999910058697611	1
TCGA-13-2059-01	2.11573890491735e-05	0.48669236707064	0.4867135116603
TCGA-13-2060-01	0.698733268847455	1.27993884380118e-08	0.698733268847455
TCGA-13-2061-01	0.34713912485948	1.27993884380118e-08	0.34713912485948
TCGA-13-2065-01	0.531331859688548	1.27993884380118e-08	0.531331859688548
TCGA-13-2071-01	1.37593425455907e-05	0.0275203746104522	0.0275341211536094
TCGA-13-A5FT-01	4.05740612739746e-06	0.0412253197552813	0.0412293643620203
TCGA-13-A5FU-01	0.00635025016980629	1.27993884380118e-08	0.00635025016980628
TCGA-20-0987-01	0.516873235356319	0.321358289529666	0.838231512086597
TCGA-20-0991-01	0.955363016062221	0.0105807680255099	0.965943771288343
TCGA-20-0996-01	4.6461779944646e-06	0.826192266550643	0.826196899929249
TCGA-20-1683-01	0.995419930846696	1.27993884380118e-08	0.995419930846696
TCGA-20-1684-01	0.523696538122537	1.27993884380118e-08	0.523696538122537
TCGA-20-1687-01	0.294418149594209	0.70558186320518	1
TCGA-23-1021-01	3.68622386337687e-06	0.181554537688458	0.181558211112933
TCGA-23-1022-01	0.000286603905377552	0.0104930538167053	0.0107796449226945
TCGA-23-1023-01	3.83981652435091e-07	0.100711974940129	0.100712346122393
TCGA-23-1024-01	0.000103342262058697	0.314601364391766	0.314704693854436
TCGA-23-1026-01	0.000101230362970304	0.0366791433824992	0.0367803609460812
TCGA-23-1027-01	9.63793947612078e-06	0.0255045989290521	0.0255142240691398
TCGA-23-1028-01	0.0889496825706875	1.27993884380118e-08	0.0889496825706876
TCGA-23-1029-01	1.21594189937779e-06	0.41876861103072	0.418769814173231
TCGA-23-1030-01	8.31960246942696e-07	0.490725275168612	0.49072609432947
TCGA-23-1109-01	1.2850585968161e-05	0.222406435286747	0.222419273073326
TCGA-23-1110-01	0.000721565521867608	0.0773612186953038	0.078082771417783
TCGA-23-1113-01	1	1.27993884380118e-08	1
TCGA-23-1114-01	0.553795797507685	0.446204215291703	1
TCGA-23-1116-01	4.04588667782441e-05	0.275812113835252	0.275852559902642
TCGA-23-1117-01	0.079495542312199	0.737551074839522	0.817046604352332
TCGA-23-1120-01	0.000143980320274745	0.0403820192502033	0.0405259867710898
TCGA-23-1121-01	1.2850585968161e-05	0.222406435286747	0.222419273073326
TCGA-23-1122-01	1	1.27993884380118e-08	1
TCGA-23-1124-01	6.71711903993119e-05	0.137538221693676	0.137605380084687
TCGA-23-1809-01	6.73759806139439e-05	0.742290918758403	0.742358281939629
TCGA-23-2072-01	0.744644828682938	1.27993884380118e-08	0.744644828682938
TCGA-23-2078-01	4.47978594507606e-07	0.0922320729301984	0.0922325081094045
TCGA-23-2079-01	3.02833529887142e-05	0.425320502765609	0.425350773319209
TCGA-23-2081-01	0.190126672091303	0.217865212277281	0.407991871569196
TCGA-23-2084-01	0.0660925475394565	1.27993884380118e-08	0.0660925475394565
TCGA-23-2643-01	1	1.27993884380118e-08	1
TCGA-23-2645-01	0.0011404127083438	0.306983091611123	0.308123491520079
TCGA-24-0966-01	2.04790214632048e-07	0.243262641927138	0.243262833917965
TCGA-24-0968-01	0.00491696185576182	0.644320995196479	0.649237944252853
TCGA-24-0970-01	0.749610492211617	1.27993884380118e-08	0.749610492211617
TCGA-24-0979-01	0.643758526072604	1.27993884380118e-08	0.643758526072604
TCGA-24-0980-01	0.00223953458966242	0.635244718482764	0.637484240273038
TCGA-24-0982-01	1	1.27993884380118e-08	1
TCGA-24-1103-01	1.36569474382747e-05	0.0333178447934129	0.0333314889414628
TCGA-24-1104-01	1.63064208400769e-05	0.223448702284728	0.22346499590618
TCGA-24-1105-01	4.8880864354987e-05	0.289175737689231	0.289224605754198
TCGA-24-1418-01	0.700057749560587	1.27993884380118e-08	0.700057749560587
TCGA-24-1422-01	0.000157957252423382	0.578252804893175	0.57841074934621
TCGA-24-1423-01	2.44852300369443e-05	0.59621069242221	0.596235164852859
TCGA-24-1424-01	1.58200440803257e-05	0.670810007887879	0.670825815132571
TCGA-24-1425-01	6.52768809139654e-07	0.151346816285886	0.151347456255306
TCGA-24-1426-01	1.10074740364726e-05	0.0309624117416571	0.0309734064163053
TCGA-24-1427-01	0.221370145603155	1.27993884380118e-08	0.221370145603155
TCGA-24-1428-01	0.154603057494866	0.837421272401794	0.992024317097271
TCGA-24-1431-01	0.00836399074844846	0.686694048910277	0.695058026859337
TCGA-24-1434-01	7.16765751212169e-06	0.0958168744397788	0.0958240292979025
TCGA-24-1435-01	0.000293553973286627	0.494347502089916	0.494641043263814
TCGA-24-1436-01	0.000610146845719359	0.502412102343961	0.503022236390292
TCGA-24-1463-01	0.357065344960861	1.27993884380118e-08	0.357065344960861
TCGA-24-1464-01	0.0112148241287875	1.27993884380118e-08	0.0112148241287876
TCGA-24-1466-01	0.24873404769024	1.27993884380118e-08	0.24873404769024
TCGA-24-1469-01	0.00179968360679803	0.00934406551812383	0.0111437363255334
TCGA-24-1470-01	1.79191437803042e-07	0.0605099278904215	0.060510094282471
TCGA-24-1474-01	0.0020532138925125	0.614450307289637	0.616503508382761
TCGA-24-1544-01	1	1.27993884380118e-08	1
TCGA-24-1545-01	0.00718235121002154	0.366694747244909	0.373877085655542
TCGA-24-1546-01	0.456296110676721	1.27993884380118e-08	0.456296110676721
TCGA-24-1548-01	0.00300200695690278	0.150039013175857	0.153041007333371
TCGA-24-1549-01	0.002326352841278	0.21462092569708	0.21694726573897
TCGA-24-1550-01	0.000637959916744074	0.0217007102879807	0.0223386574053364
TCGA-24-1551-01	3.46991419917177e-05	0.429925991504304	0.429960677846907
TCGA-24-1552-01	3.66062508654786e-06	0.841358095490938	0.841361743316636
TCGA-24-1553-01	8.94677250173761e-06	0.764654330180934	0.764663264154047
TCGA-24-1555-01	0.000461033970690399	0.28234108186549	0.282802103036792
TCGA-24-1556-01	0.38655816932293	0.214180370747853	0.600738527271395
TCGA-24-1557-01	0.372242834144002	1.27993884380118e-08	0.372242834144002
TCGA-24-1558-01	3.1934474094185e-05	0.756754867636213	0.756786789310918
TCGA-24-1562-01	0.692857005629414	1.27993884380118e-08	0.692857005629414
TCGA-24-1563-01	2.32948869143955e-06	0.00831441871711913	0.00831673540642208
TCGA-24-1567-01	0.475584021054072	1.27993884380118e-08	0.475584021054072
TCGA-24-1603-01	3.57102936764634e-06	0.42534721508923	0.425350773319209
TCGA-24-1604-01	1.91990826217545e-07	0.246791766097116	0.246791945288553
TCGA-24-1616-01	2.25397229979398e-05	0.976491964870338	0.976514491793947
TCGA-24-1842-01	0.673456383837685	1.27993884380118e-08	0.673456383837685
TCGA-24-1843-01	0.00764206684370525	0.704669599595324	0.712311653639641
TCGA-24-1844-01	0.105068029197402	0.295265827490125	0.400333843888138
TCGA-24-1845-01	4.09580429264097e-07	0.0888114107776456	0.0888118075586866
TCGA-24-1846-01	3.77581958227839e-06	0.202061769003729	0.202065532023923
TCGA-24-1847-01	5.60741206439377e-05	0.381017186084408	0.381073247405663
TCGA-24-1849-01	5.76868435841651e-05	0.612073230472072	0.612130904516268
TCGA-24-1850-01	1	1.27993884380118e-08	1
TCGA-24-1852-01	2.18869541888002e-06	0.701851187065839	0.70185336296187
TCGA-24-1852-02	0.000366971265232216	0.0689537228256345	0.0693206812914783
TCGA-24-1920-01	0.0407172736309445	0.057232209307682	0.097949470139238
TCGA-24-1923-01	5.87491928225689e-06	0.0401601674508147	0.0401660295707087
TCGA-24-1924-01	0.125493472420703	1.27993884380118e-08	0.125493472420703
TCGA-24-1930-01	3.13585016155324e-06	0.206182045727018	0.206185168777791
TCGA-24-2019-01	1	1.27993884380118e-08	1
TCGA-24-2020-01	0.18380529734176	1.27993884380118e-08	0.18380529734176
TCGA-24-2023-01	9.59954131087727e-06	0.181554537688458	0.181564124430381
TCGA-24-2024-01	8.97237127856662e-06	0.438499866623973	0.438508826195863
TCGA-24-2026-01	0.00215452105181329	0.0356329341728862	0.0377874424253111
TCGA-24-2027-01	3.83981652435091e-08	0.470405657288721	0.470405682887498
TCGA-24-2029-01	1.20314251096328e-06	0.166192775710314	0.166193966053437
TCGA-24-2030-01	0.954812271178134	1.27993884380118e-08	0.954812271178134
TCGA-24-2033-01	2.5598776829006e-08	0.252566325374814	0.252566338174203
TCGA-24-2035-01	0.138252478764759	0.120668166985378	0.258920632950748
TCGA-24-2038-01	1.37593425455907e-05	0.0275203746104522	0.0275341211536094
TCGA-24-2254-01	0.0449229094755703	1.27993884380118e-08	0.0449229094755703
TCGA-24-2260-01	1	1.27993884380118e-08	1
TCGA-24-2261-01	1.02395107316024e-06	0.434808113424801	0.434809124576486
TCGA-24-2262-01	0.000255859774405915	0.551560358722315	0.551816205697333
TCGA-24-2267-01	0.163963967008143	1.27993884380118e-08	0.163963967008143
TCGA-24-2280-01	0.976120872202036	1.27993884380118e-08	0.976120872202036
TCGA-24-2281-01	0.202067771916895	0.302011028388237	0.504078787505744
TCGA-24-2288-01	7.96249953266233e-05	0.203630129263711	0.20370974145965
TCGA-24-2289-01	1.17626379529283e-05	0.147981319497399	0.147993069335964
TCGA-24-2290-01	0.945795678012595	0.0401601674508147	0.985955832664021
TCGA-24-2295-01	0.0194588078114616	0.980541204987927	1
TCGA-24-2297-01	0.401660602892408	1.27993884380118e-08	0.401660602892408
TCGA-24-2298-01	0.908688215896193	1.27993884380118e-08	0.908688215896193
TCGA-25-1312-01	8.95957189015212e-06	0.263180960582069	0.263189907354571
TCGA-25-1313-01	0.47116257472139	1.27993884380118e-08	0.47116257472139
TCGA-25-1314-01	9.68145739673009e-05	0.202879637124027	0.202976438898606
TCGA-25-1315-01	0.0111843871831379	3.04497450380747e-05	0.0112148241287876
TCGA-25-1317-01	4.50538472190506e-05	0.281235611487518	0.281280652535348
TCGA-25-1318-01	6.39969420725151e-07	0.268353385431196	0.268354012601228
TCGA-25-1319-01	0.941906596642237	0.0180901948070756	0.959996778649924
TCGA-25-1320-01	1	1.27993884380118e-08	1
TCGA-25-1321-01	1.80087394992058e-05	0.0401480336305978	0.0401660295707087
TCGA-25-1322-01	2.02230336949148e-05	0.220533295989838	0.220553506224144
TCGA-25-1323-01	4.44138777983255e-06	0.274615524611157	0.274619953199548
TCGA-25-1329-01	1	1.27993884380118e-08	1
TCGA-25-1627-01	0.76464903123413	1.27993884380118e-08	0.76464903123413
TCGA-25-1628-01	0.700057749560587	1.27993884380118e-08	0.700057749560587
TCGA-25-1630-01	4.09580429264097e-07	0.470250605497468	0.470251002278509
TCGA-25-1631-01	0.0900635109492944	0.909936501850094	1
TCGA-25-1633-01	0.00147881573863485	0.374710914613194	0.37618971755244
TCGA-25-1634-01	0.00144327183700778	0.202879637124027	0.204322896161646
TCGA-25-1635-01	0.953524486311585	1.27993884380118e-08	0.953524486311585
TCGA-25-1870-01	1	1.27993884380118e-08	1
TCGA-25-1871-01	0.000139321342891865	0.433437030138451	0.433576338681955
TCGA-25-1877-01	1.10074740364726e-05	0.0309624117416571	0.0309734064163053
TCGA-25-2042-01	3.27664343411277e-06	0.766491912776827	0.766495176620873
TCGA-25-2391-01	4.47978594507606e-07	0.0922320729301984	0.0922325081094045
TCGA-25-2392-01	1	1.27993884380118e-08	1
TCGA-25-2393-01	1	1.27993884380118e-08	1
TCGA-25-2396-01	1.98902495961377e-05	0.42693037144222	0.426950248892427
TCGA-25-2397-01	0.0543986039041488	0.277385542653047	0.331784133757807
TCGA-25-2399-01	7.76922876760334e-06	0.612985711671531	0.61299346810091
TCGA-25-2400-01	3.45583487191582e-06	0.221236187204009	0.221239630239492
TCGA-25-2404-01	1.14426532425657e-05	0.705385302997298	0.705396732851152
TCGA-29-1688-01	0.714768624239689	1.27993884380118e-08	0.714768624239689
TCGA-29-1691-01	0.120990993159968	0.211421718562875	0.332412698923455
TCGA-29-1692-01	2.43188379875557e-07	0.0197003706690085	0.019700601058
TCGA-29-1692-02	2.43188379875557e-07	0.0197003706690085	0.019700601058
TCGA-29-1693-01	0.00519975154339185	0.376012062041247	0.38121180078525
TCGA-29-1694-01	8.447596353572e-07	0.0350285598513418	0.0350293918115887
TCGA-29-1695-01	3.87181499538716e-05	0.0786512050566595	0.078689910407225
TCGA-29-1696-01	0.377413159893429	0.0490752102686729	0.426488357362713
TCGA-29-1697-01	0.000217538405492893	0.405888996049635	0.40610652165574
TCGA-29-1698-01	1.79191437803042e-07	0.0240130094007797	0.024013175792829
TCGA-29-1699-01	2.20149480729452e-06	0.0401601674508147	0.0401623561462336
TCGA-29-1701-01	0.000186103107546874	0.890444594820192	0.890630685128351
TCGA-29-1703-01	1	1.27993884380118e-08	1
TCGA-29-1704-01	0.348319830042553	1.27993884380118e-08	0.348319830042553
TCGA-29-1704-02	0.348289393096903	3.04497450380747e-05	0.348319830042553
TCGA-29-1705-01	0.717848105894665	1.27993884380118e-08	0.717848105894665
TCGA-29-1705-02	0.750798915425904	1.27993884380118e-08	0.750798915425904
TCGA-29-1707-01	0.000140985263385751	0.352133932595579	0.352274905059576
TCGA-29-1707-02	5.46021909762699e-05	0.121691273298903	0.121745862690491
TCGA-29-1710-01	0.708987716465337	1.27993884380118e-08	0.708987716465337
TCGA-29-1710-02	0.857780555586381	1.27993884380118e-08	0.857780555586381
TCGA-29-1711-01	0.921346631846698	1.27993884380118e-08	0.921346631846698
TCGA-29-1761-01	0.180786279997655	1.27993884380118e-08	0.180786279997655
TCGA-29-1762-01	0.000223426124163565	0.693420613898858	0.693644027223634
TCGA-29-1763-01	4.49258533349056e-06	0.0405569868898297	0.0405614666757748
TCGA-29-1764-01	0.31691426507582	0.0975823708801217	0.414496623156554
TCGA-29-1766-01	0.616585974842316	1.27993884380118e-08	0.616585974842316
TCGA-29-1768-01	0.34010546414467	1.27993884380118e-08	0.34010546414467
TCGA-29-1769-01	0.0173264425009938	0.253627266680493	0.270953696382098
TCGA-29-1770-02	2.17589603046551e-07	0.188592729386767	0.188592934176982
TCGA-29-1774-01	3.54799046850024e-05	0.588517338429128	0.588552805534425
TCGA-29-1777-01	0.907852006252296	1.27993884380118e-08	0.907852006252296
TCGA-29-1778-01	0.800364227076356	1.27993884380118e-08	0.800364227076356
TCGA-29-1781-01	0.623080934897536	0.13370586721277	0.756786789310918
TCGA-29-1783-01	5.4909376298218e-06	0.0959181432009143	0.0959236213391558
TCGA-29-1784-01	0.920604216121104	0.02569481064028	0.946299013961995
TCGA-29-1785-01	0.000442410860547297	1.27993884380118e-08	0.000442410860547304
TCGA-29-2425-01	8.23000675052544e-06	0.282094770434841	0.282102987642203
TCGA-29-2427-01	1.52568709900876e-05	0.0739826537312464	0.073997897802848
TCGA-29-2428-01	1	1.27993884380118e-08	1
TCGA-29-2429-01	0.236371860785199	0.703228529253124	0.939600377238935
TCGA-29-2431-01	2.04406232979613e-05	0.490061793271369	0.490082221095279
TCGA-29-2434-01	0.977035759686516	1.27993884380118e-08	0.977035759686516
TCGA-29-A5NZ-01	1.45913027925334e-06	0.229879921385644	0.229881367716535
TCGA-30-1714-01	0.403823712333848	1.27993884380118e-08	0.403823712333848
TCGA-30-1718-01	0.351728383973666	1.27993884380118e-08	0.351728383973666
TCGA-30-1853-01	0.234880719235521	0.765119293563867	1
TCGA-30-1855-01	0.0895501914769308	1.27993884380118e-08	0.0895501914769308
TCGA-30-1857-01	9.3179547657582e-06	0.222785629967915	0.222794935123292
TCGA-30-1859-01	1.05978936072085e-05	0.860237423791321	0.86024800888554
TCGA-30-1860-01	1.4604102180948e-05	0.0486829218131568	0.0486975131159493
TCGA-30-1861-01	0.250885151305346	1.27993884380118e-08	0.250885151305346
TCGA-30-1862-01	1.66008067736104e-05	0.990141821447431	0.990158409454816
TCGA-30-1866-01	0.682786024445066	1.27993884380118e-08	0.682786024445066
TCGA-30-1891-01	0.000285874340237925	0.20960780203616	0.209893663577009
TCGA-31-1944-01	3.04497450381027e-05	1.27993884380118e-08	3.04497450380747e-05
TCGA-31-1946-01	1.62040257327608e-05	0.266853617093727	0.266869808320071
TCGA-31-1950-01	0.128674760411128	0.87132525238826	1
TCGA-31-1953-01	1	1.27993884380118e-08	1
TCGA-31-1955-01	0.00016611046284342	0.128334271080526	0.128500368743981
TCGA-31-1956-01	0.183591752345453	1.27993884380118e-08	0.183591752345453
TCGA-31-1959-01	0.00736119706433739	0.807391462498182	0.814752646763131
TCGA-36-1568-01	0.000212738634837455	0.683564035269841	0.68377676110529
TCGA-36-1569-01	0.00117966843261109	0.140262891502413	0.141442547135636
TCGA-36-1570-01	0.126530094888394	0.0504643790908526	0.176994461179858
TCGA-36-1571-01	0.772875991730213	1.27993884380118e-08	0.772875991730213
TCGA-36-1575-01	3.49935279252513e-05	0.106700104812912	0.106735085541449
TCGA-36-1577-01	0.000103508654108086	0.0825618277977195	0.0826653236524391
TCGA-36-1578-01	1.97110581583347e-06	0.0321691252819881	0.0321710835884156
TCGA-36-1580-01	1	1.27993884380118e-08	1
TCGA-36-1581-01	1	1.27993884380118e-08	1
TCGA-36-2529-01	0.657881729632042	1.27993884380118e-08	0.657881729632042
TCGA-36-2530-01	0.101500686053619	1.27993884380118e-08	0.101500686053619
TCGA-36-2532-01	0.000104187021694055	0.128362020154608	0.128466194376914
TCGA-36-2533-01	0.00273361658123907	0.00848122034693688	0.0112148241287876
TCGA-36-2534-01	0.000137363036464446	0.0572886930087552	0.0574260432458312
TCGA-36-2537-01	0.006496854364706	0.644501133789025	0.650997975354342
TCGA-36-2538-01	0.798289241424151	0.201710771375238	1
TCGA-36-2540-01	0.000161208297080666	0.4865878984624	0.486749093960093
TCGA-36-2542-01	7.37244772675374e-06	0.0354540883185703	0.0354614479669086
TCGA-36-2543-01	0.000144658687860713	0.530905281671469	0.531049927559941
TCGA-36-2544-01	0.00121150051159795	0.0847423444074026	0.0859538321196122
TCGA-36-2545-01	0.0646584016663882	1.27993884380118e-08	0.0646584016663883
TCGA-36-2547-01	9.5342644299633e-05	0.390460434063355	0.390555763908267
TCGA-36-2548-01	6.01571255481642e-07	0.238929895356168	0.238930484128035
TCGA-36-2549-01	8.92501354143296e-05	0.0658897156312518	0.0659789529672777
TCGA-36-2551-01	4.09580429264097e-06	0.805718057657482	0.805722140662386
TCGA-36-2552-01	1.89430948534645e-06	0.702018705461408	0.702020586971505
TCGA-42-2582-01	2.9822575005792e-06	0.283502703160436	0.283505672618549
TCGA-42-2587-01	0.000104046228421495	0.0366763275170481	0.0367803609460812
TCGA-42-2589-01	4.86376759751115e-07	0.048693583703706	0.0486940572810773
TCGA-42-2590-01	0.000249588074082809	0.675133910081455	0.675383485356149
TCGA-42-2591-01	0.859953405362404	0.0401601674508147	0.90011356001383
TCGA-42-2593-01	0.763163982193337	1.27993884380118e-08	0.763163982193337
TCGA-57-1582-01	0.0463549178507733	0.355837730019249	0.402192635070634
TCGA-57-1583-01	0.876143159777082	0.0221409068543323	0.898284053832026
TCGA-57-1584-01	0.000166008067736104	0.620774766691788	0.620940761960136
TCGA-57-1585-01	0.00186853151707964	0.318923077889923	0.320791596607614
TCGA-57-1586-01	0.991506914620003	1.27993884380118e-08	0.991506914620003
TCGA-57-1994-01	0.00151606195892105	0.530064835430007	0.53158088458954
TCGA-59-2348-01	0.918637756483265	1.27993884380118e-08	0.918637756483265
TCGA-59-2351-01	0.56323672879733	0.000930400343238658	0.56416711634118
TCGA-59-2352-01	3.60942753288985e-06	0.0617477695433766	0.061751366171521
TCGA-59-2354-01	0.286733627179133	1.27993884380118e-08	0.286733627179133
TCGA-59-2355-01	2.43188379875557e-06	0.809267072077055	0.809269491161466
TCGA-59-2372-01	2.20149480729452e-06	0.0401601674508147	0.0401623561462336
TCGA-59-A5PD-01	0.254146333078254	1.27993884380118e-08	0.254146333078254
TCGA-61-1721-01	2.17589603046551e-07	0.188592729386767	0.188592934176982
TCGA-61-1724-01	1	1.27993884380118e-08	1
TCGA-61-1725-01	0.297562946528264	1.27993884380118e-08	0.297562946528264
TCGA-61-1727-01	0.8426976794824	1.27993884380118e-08	0.8426976794824
TCGA-61-1728-01	6.50208931456754e-06	0.389321557281621	0.389328046571548
TCGA-61-1730-01	8.19160858528193e-07	0.45229968083573	0.4523004871972
TCGA-61-1733-01	1	1.27993884380118e-08	1
TCGA-61-1734-01	0.501166427465296	1.27993884380118e-08	0.501166427465296
TCGA-61-1736-01	1.02395107316024e-07	0.314454964987081	0.3144550545828
TCGA-61-1737-01	0.000275737224613639	0.857200192917502	0.857475917342727
TCGA-61-1738-01	0.000943711707189722	0.474787950292244	0.475731649200045
TCGA-61-1740-01	8.447596353572e-07	0.306229540417608	0.306230372377855
TCGA-61-1741-01	2.53555884491305e-05	0.82688695335684	0.826912296145901
TCGA-61-1743-01	0.99996956305435	3.04497450380747e-05	1
TCGA-61-1895-01	0.107844011754293	1.27993884380118e-08	0.107844011754293
TCGA-61-1900-01	7.30845078468123e-06	0.440516320672959	0.440523616324355
TCGA-61-1901-01	5.92995665243925e-05	0.0930648651373881	0.093124151904524
TCGA-61-1903-01	0.575207510404655	1.27993884380118e-08	0.575207510404655
TCGA-61-1904-01	1	1.27993884380118e-08	1
TCGA-61-1906-01	1.17626379529283e-05	0.147981319497399	0.147993069335964
TCGA-61-1910-01	0.777522732897768	1.27993884380118e-08	0.777522732897768
TCGA-61-1911-01	0.689247974877565	1.27993884380118e-08	0.689247974877565
TCGA-61-1913-01	1.08922795407421e-05	0.368003254321301	0.368014133801453
TCGA-61-1914-01	0.000135238337987639	0.207631307677804	0.207766533216403
TCGA-61-1915-01	7.79482754443234e-06	0.670810007887879	0.670817789916035
TCGA-61-1916-02	1	1.27993884380118e-08	1
TCGA-61-1917-01	1.80471376644493e-06	0.471525718969486	0.471527510883864
TCGA-61-1918-01	0.0888119483519591	1.27993884380118e-08	0.088811948351959
TCGA-61-1919-01	0.432708668141335	1.27993884380118e-08	0.432708668141335
TCGA-61-1995-01	2.9438593353357e-07	0.304411796873757	0.304412078460302
TCGA-61-1998-01	0.0293469881304744	0.891482689217551	0.920829664548637
TCGA-61-2000-01	5.53701542811401e-05	0.299702786681566	0.299758144036458
TCGA-61-2002-01	0.255591627218632	0.15949118232853	0.415082796747773
TCGA-61-2003-01	0.243954474469719	0.507783980062751	0.751738441733082
TCGA-61-2008-01	5.92995665243925e-05	0.0930648651373881	0.093124151904524
TCGA-61-2008-02	0.00231616452810005	0.441174439626456	0.443490591355168
TCGA-61-2012-01	1	1.27993884380118e-08	1
TCGA-61-2016-01	0.465178105473693	1.27993884380118e-08	0.465178105473693
TCGA-61-2018-01	0.189860124827571	1.27993884380118e-08	0.189860124827571
TCGA-61-2087-01	5.11975536580121e-06	0.365453641747909	0.365458748703886
TCGA-61-2088-01	1.55768557004502e-05	0.779882645735468	0.77989820979178
TCGA-61-2094-01	0.10970634836738	0.890293664432009	1
TCGA-61-2095-01	0.0391128190956328	0.519482941058317	0.558595747354562
TCGA-61-2095-02	0.00218156615953314	0.0749460124996524	0.0771275658597971
TCGA-61-2096-01	0.276911133321463	1.27993884380118e-08	0.276911133321463
TCGA-61-2097-01	0.00046126435968186	0.250793584480629	0.251254836040922
TCGA-61-2098-01	8.34520124625597e-06	0.60840715284606	0.608415485247918
TCGA-61-2101-01	0.000578532356335537	0.900914596938363	0.90149311649531
TCGA-61-2102-01	1	1.27993884380118e-08	1
TCGA-61-2104-01	0.194968015160312	0.113805723689388	0.308773726050312
TCGA-61-2109-01	2.36148716247581e-05	0.587307655430685	0.587331257502921
TCGA-61-2111-01	1	1.27993884380118e-08	1
TCGA-61-2610-02	0.495676155403672	0.210619196909286	0.706295339513569
TCGA-61-2612-01	0.629690091096191	0.00541567722594449	0.635105755522747
TCGA-61-2613-01	0.000126445158146875	0.097186114614197	0.0973125469729555
TCGA-61-2614-01	3.23184557466201e-05	0.414464317500196	0.414496623156554
TCGA-72-4231-01	1.2671394530358e-06	0.0820858569407493	0.0820871112808139
TCGA-72-4232-01	2.5598776829006e-08	0.386123681283811	0.3861236940832
TCGA-72-4233-01	0.495704134866746	1.27993884380118e-08	0.495704134866746
TCGA-72-4234-01	1.94550703900446e-06	0.223180529498667	0.223182462206318
TCGA-72-4236-01	6.74527769444309e-06	0.467263932207886	0.467270664686192
TCGA-72-4237-01	1.11482673090321e-05	0.0486829218131568	0.0486940572810773
TCGA-72-4238-01	0.65582544388631	1.27993884380118e-08	0.65582544388631
TCGA-72-4240-01	0.00024814174319197	0.972522567337679	0.972770696281482
TCGA-OY-A56P-01	2.77234753058135e-05	0.223629058466877	0.223656769142794
TCGA-OY-A56Q-01	0.0962781004012954	0.746498896891109	0.842776984493016
