Sample	percent	start	end
TCGA-04-1331-01	0	0.774261090346877	0.0401480336305978
TCGA-04-1335-01	0	0.714221565579465	0.565741108332065
TCGA-04-1338-01	0	0.949471598368298	0.20459492156362
TCGA-04-1341-01	0	0.890192638859253	0.601949195822746
TCGA-04-1342-01	0	0.63903580773542	0.151343616438782
TCGA-04-1343-01	2.25397229979398e-05	0.976491964870338	0.976514491793947
TCGA-04-1346-01	8.81877861759258e-06	0.898575713495827	0.898584519475057
TCGA-04-1347-01	0.139629372973449	0.86037063982594	1
TCGA-04-1348-01	0	0.648987511419134	0.148441163124967
TCGA-04-1351-01	0	0.938490964649331	0.0112148241287876
TCGA-04-1353-01	0	0.754628825223622	0.00132578625075108
TCGA-04-1356-01	0	0.0983003269744563	0.073770811053598
TCGA-04-1360-01	0	0.938404619975087	0.368420680775663
TCGA-04-1361-01	0	0.269867911463507	0.0524589717844266
TCGA-04-1364-01	3.51983181398833e-06	0.417390641673403	0.417394148705829
TCGA-04-1365-01	0	0.648337404882785	0.275864373738148
TCGA-04-1367-01	6.65568197554157e-06	0.450981663813747	0.450988306696334
TCGA-04-1371-01	0	0.281265638852738	0.0447930852788819
TCGA-04-1514-01	0	0.93146142533759	0.122129178774728
TCGA-04-1516-01	0	0.664895935276462	0.128296794471248
TCGA-04-1517-01	0	0.939852102810883	0.1394750891455
TCGA-04-1519-01	5.9158773251833e-05	0.96743112421905	0.967490270192914
TCGA-04-1525-01	5.41414129933478e-06	0.425232686161697	0.425238087503608
TCGA-04-1530-01	0	0.870476422547387	0.0977571721276985
TCGA-04-1536-01	0	0.794432683299753	0.312927793159016
TCGA-04-1542-01	0	0.930765727379708	0.36175790793894
TCGA-04-1638-01	4.17260062312799e-06	0.621325652369148	0.621329812170383
TCGA-04-1644-01	0	0.681552931365212	0.181564751600413
TCGA-04-1648-01	0.00192478482916138	0.810806262530841	0.812731034560614
TCGA-04-1649-01	0.137182168306761	0.862817844492627	1
TCGA-04-1652-01	6.59808472767631e-05	0.719587145999155	0.719653114047043
TCGA-04-1654-01	0	0.523201201790896	0.488459617027195
TCGA-04-1655-01	1.54488618163051e-05	0.70004231349816	0.700057749560587
TCGA-09-0364-01	0	0.403004269888774	0.400333843888138
TCGA-09-0366-01	0	0.999857158825294	0.521661064182367
TCGA-09-0367-01	0	0.980541204987927	0.0108667831590203
TCGA-09-0369-01	0	0.808608197959642	0.407702874178185
TCGA-09-1659-01	1.82135297138378e-05	0.98173441517348	0.981752615903806
TCGA-09-1665-01	0	0.60349357002884	0.471527510883864
TCGA-09-1666-01	0.0960100428097305	1.27993884380118e-08	0.0960100428097305
TCGA-09-1667-01	0	0.249387418070635	0.249356494748225
TCGA-09-1668-01	6.23330215786297e-06	0.657913254525707	0.657919475028476
TCGA-09-1669-01	0	0.860704383878848	0.0449229094755703
TCGA-09-1672-01	0.00104281737168322	0.382602953512634	0.383645758084929
TCGA-09-1673-01	0	0.890437695949837	0.100275106214765
TCGA-09-1674-01	8.95957189015212e-06	0.263180960582069	0.263189907354571
TCGA-09-1675-01	0	0.897181399319505	0.367119110967792
TCGA-09-2044-01	0	0.809170014314708	0.114672907853248
TCGA-09-2049-01	0	0.355464768640239	0.0183634361509485
TCGA-09-2050-01	0	0.485543839550041	0.00543499150306204
TCGA-09-2051-01	0	0.947918904559735	0.0439018766629685
TCGA-09-2053-01	1	1.27993884380118e-08	1
TCGA-09-2054-01	0	0.771580309641013	0.485942732489979
TCGA-09-2055-01	0	0.857777637325822	0.0449229094755703
TCGA-10-0926-01	0	0.829636402781548	0.739334068043827
TCGA-10-0927-01	0	0.71216659817074	0.578465389935352
TCGA-10-0928-01	0	0.909569914566514	0.187352059068973
TCGA-10-0930-01	0	0.932694275229063	0.284519742563853
TCGA-10-0931-01	0	0.475716584319881	0.00478242748413693
TCGA-10-0933-01	1	1.27993884380118e-08	1
TCGA-10-0935-01	2.04790214632048e-07	0.644680888399918	0.644681080390744
TCGA-10-0937-01	0	0.0793648221583217	0.027513360545601
TCGA-10-0938-01	0	0.923589468678572	0.0332555885681648
TCGA-13-0714-01	1.02267113431879e-05	0.181554537688458	0.181564751600413
TCGA-13-0717-01	0	0.87132525238826	0.0401623561462336
TCGA-13-0720-01	0	0.201169421242246	0.201042118525076
TCGA-13-0723-01	0	0.768761244342718	0.0112148241287876
TCGA-13-0724-01	0	0.858690323315495	0.100916381173108
TCGA-13-0725-01	1.55128587583777e-05	0.950573190531581	0.950588690590951
TCGA-13-0730-01	0.99996956305435	3.04497450380747e-05	1
TCGA-13-0751-01	0	0.855616370996314	0.2627559184916
TCGA-13-0755-01	3.13329028387034e-05	0.211325787146708	0.211357107250159
TCGA-13-0757-01	0	0.930009769901171	0.088809414073053
TCGA-13-0758-01	0	0.974745603515675	0.0230463867883279
TCGA-13-0760-01	0	0.23857112849891	0.0947371180331313
TCGA-13-0761-01	2.92082043618959e-05	0.234147339878147	0.23417653528312
TCGA-13-0762-01	0	0.969374276170586	0.3498915437423
TCGA-13-0764-01	0	0.829623334605976	0.138671991519432
TCGA-13-0766-01	0.0934151587995162	0.260499642301892	0.353914788302019
TCGA-13-0768-01	0	0.979067304214443	0.183766783982021
TCGA-13-0791-02	1.01115168474574e-06	0.76023119432898	0.760232192681276
TCGA-13-0792-01	0	0.281519361129279	0.0426870739091596
TCGA-13-0794-01	7.13181922456108e-05	0.860453400671428	0.860524706064285
TCGA-13-0797-01	1.88151009693194e-06	0.144737800880503	0.144739669591212
TCGA-13-0799-01	0	0.77672859484359	0.335168522443593
TCGA-13-0800-01	0	0.832847436550648	0.060510094282471
TCGA-13-0801-01	0	0.240123015946003	0.106973256561066
TCGA-13-0802-01	0	0.706562667539995	0.558926777937126
TCGA-13-0803-01	7.32381005077863e-05	0.0429717195081097	0.0430449448092292
TCGA-13-0804-01	0	0.583331487021554	0.163535366687695
TCGA-13-0807-01	9.58802186130421e-05	0.445593390078398	0.445689257497623
TCGA-13-0885-01	0	0.0833035139581746	0.07129414219478
TCGA-13-0886-01	1.78679462266462e-05	0.597473160098475	0.597491015245313
TCGA-13-0887-01	0	0.940874684349483	0.0784954492990434
TCGA-13-0888-01	0.00141575315191659	0.896868313479498	0.898284053832026
TCGA-13-0889-01	0	0.0989901884112213	0.0989377877150522
TCGA-13-0890-01	0	0.893164695247266	0.207778039866588
TCGA-13-0891-01	0	0.638409533660299	0.266911969505508
TCGA-13-0893-01	0	0.916848888359677	0.914448695846636
TCGA-13-0897-01	3.52879138587848e-05	0.0174703204261613	0.0175055955406317
TCGA-13-0899-01	0	0.783619900760454	0.292235277897057
TCGA-13-0900-01	0	0.310749862025793	0.310683113215211
TCGA-13-0901-01	0	0.085619563291779	0.0686199787727263
TCGA-13-0903-01	0	0.710359785304595	0.0791036634371122
TCGA-13-0904-01	0	0.86776281141024	0.225795969326675
TCGA-13-0905-01	0	0.943753394797788	0.20370974145965
TCGA-13-0906-01	0	0.997551540993248	0.212701209425731
TCGA-13-0910-01	0	0.944893628314694	0.405402888077041
TCGA-13-0913-01	0	0.922345355325294	0.829623718587629
TCGA-13-0913-02	0	0.999963419347911	0.20628746149
TCGA-13-0916-01	0.488202336520675	0.0962418909314707	0.584444214652758
TCGA-13-0920-01	0	0.805630177056628	0.0237026370311163
TCGA-13-0921-01	0	0.836782634117464	0.092233634455585
TCGA-13-0923-01	0	0.972281695647106	0.166276483710545
TCGA-13-0924-01	0.0112148241287875	1.27993884380118e-08	0.0112148241287876
TCGA-13-1403-01	0	0.908795461971718	0.172330082455068
TCGA-13-1405-01	0	0.784803229818152	0.578252804893175
TCGA-13-1408-01	0	0.77537906572733	0.237664061440751
TCGA-13-1409-01	0	0.169186552660466	0.060552153072801
TCGA-13-1410-01	0	0.701851187065839	0.239197453771585
TCGA-13-1411-01	0	0.838203238237589	0.388876727336664
TCGA-13-1412-01	4.35179206093103e-06	0.270189035319439	0.270193374312111
TCGA-13-1477-01	0	0.729099203490219	0.161987754236332
TCGA-13-1481-01	4.223798176786e-06	0.425232686161697	0.425236897160485
TCGA-13-1482-01	0	0.588346453794406	0.588336649462881
TCGA-13-1483-01	0	0.572883691842283	0.088811948351959
TCGA-13-1484-01	0	0.846277246042119	0.445689257497623
TCGA-13-1487-01	0.00117575181975625	0.0309192906020888	0.0320950296224566
TCGA-13-1488-01	0	0.70558186320518	0.149913655965725
TCGA-13-1489-01	0	0.0697644872853628	0.0012598566010279
TCGA-13-1489-02	0	0.583514543874659	0.0111787810510123
TCGA-13-1491-01	0	0.812722407772823	0.482243670840023
TCGA-13-1492-01	0.367081903145671	0.060413446100553	0.427495336446836
TCGA-13-1494-01	0.65329422403407	1.27993884380118e-08	0.65329422403407
TCGA-13-1495-01	0	0.973418025350545	0.950573190531581
TCGA-13-1496-01	0	0.925184362070738	0.443256170556356
TCGA-13-1497-01	0	0.826192266550643	0.22829187566628
TCGA-13-1498-01	0	0.646702078222618	0.130022472014233
TCGA-13-1499-01	0	0.42693037144222	0.170750561128388
TCGA-13-1500-01	3.99980887953219e-05	0.578252804893175	0.578292790182582
TCGA-13-1501-01	0	0.990749114029534	0.0742236662150915
TCGA-13-1506-01	1.58712416339837e-06	0.354125671025537	0.354127245350312
TCGA-13-1507-01	0	0.999963419347911	0.00015797005181184
TCGA-13-1509-01	0	0.520182939610706	0.274564135066673
TCGA-13-1510-01	0.213182799214215	1.27993884380118e-08	0.213182799214215
TCGA-13-1512-01	0	0.890192638859253	0.404730651398123
TCGA-13-1817-02	0	0.0290772410196387	0.0274538689882504
TCGA-13-1819-01	0	0.865744642243206	0.22346499590618
TCGA-13-1819-02	0	0.223448702284728	0.117695189041399
TCGA-13-2057-01	8.99541017771272e-05	0.999910058697611	1
TCGA-13-2059-01	0	0.999695272160627	0.4867135116603
TCGA-13-2060-01	0	0.590206345724306	0.0922092900188206
TCGA-13-2061-01	0	0.0770821792284793	0.0641276750257809
TCGA-13-2065-01	0	0.890192638859253	0.0774759652124398
TCGA-13-2071-01	0	0.412762242029446	0.0275341211536094
TCGA-13-A5FT-01	0	0.742290918758403	0.0412293643620203
TCGA-13-A5FU-01	0	0.93830917493568	0.00635025016980628
TCGA-20-0987-01	0	0.838203238237589	0.390198712169056
TCGA-20-0991-01	0	0.922243203406358	0.443243230374669
TCGA-20-0996-01	4.6461779944646e-06	0.826192266550643	0.826196899929249
TCGA-20-1683-01	0	0.970618760706128	0.137552697801973
TCGA-20-1684-01	0	0.522419709532471	0.127049634863527
TCGA-20-1687-01	0	0.836077234223163	0.705582055196006
TCGA-23-1021-01	3.68622386337687e-06	0.181554537688458	0.181558211112933
TCGA-23-1022-01	0	0.405969734591754	0.0107796449226945
TCGA-23-1023-01	0	0.223448702284728	0.100712346122393
TCGA-23-1024-01	0	0.797709953903899	0.314704693854436
TCGA-23-1026-01	0	0.816319675886719	0.0367803609460812
TCGA-23-1027-01	0	0.87132525238826	0.0255142240691398
TCGA-23-1028-01	0	0.425238842667524	0.0889496825706876
TCGA-23-1029-01	0	0.432771935518268	0.418769814173231
TCGA-23-1030-01	0	0.70004231349816	0.49072609432947
TCGA-23-1109-01	1.2850585968161e-05	0.222406435286747	0.222419273073326
TCGA-23-1110-01	0	0.794432683299753	0.078082771417783
TCGA-23-1113-01	0	0.99710065693757	0.0637635836229419
TCGA-23-1114-01	0	0.945735226501113	0.619630616562027
TCGA-23-1116-01	0	0.435492880704977	0.275852559902642
TCGA-23-1117-01	0	0.769297730708112	0.768966981712093
TCGA-23-1120-01	0	0.719587145999155	0.0405259867710898
TCGA-23-1121-01	0	0.775766004038489	0.222419273073326
TCGA-23-1122-01	1	1.27993884380118e-08	1
TCGA-23-1124-01	6.71711903993119e-05	0.137538221693676	0.137605380084687
TCGA-23-1809-01	6.73759806139439e-05	0.742290918758403	0.742358281939629
TCGA-23-2072-01	0	0.744595512639377	0.352268978942741
TCGA-23-2078-01	0	0.916520724840117	0.0922325081094045
TCGA-23-2079-01	3.02833529887142e-05	0.425320502765609	0.425350773319209
TCGA-23-2081-01	0	0.898233867430053	0.230460501644126
TCGA-23-2084-01	0	0.322825342630348	0.0660925475394565
TCGA-23-2643-01	0	0.98062481059305	0.0739536631164875
TCGA-23-2645-01	0	0.618279513120992	0.308123491520079
TCGA-24-0966-01	0	0.581620119194817	0.243262833917965
TCGA-24-0968-01	0	0.927318122514543	0.649237944252853
TCGA-24-0970-01	0	0.132129123353376	0.0336057798351856
TCGA-24-0979-01	0	0.34336436762644	0.0401480336305978
TCGA-24-0980-01	0.00223953458966242	0.635244718482764	0.637484240273038
TCGA-24-0982-01	0	0.637431161209283	0.636282454497246
TCGA-24-1103-01	0	0.553512931023725	0.0333314889414628
TCGA-24-1104-01	0	0.27446364706823	0.22346499590618
TCGA-24-1105-01	4.8880864354987e-05	0.289175737689231	0.289224605754198
TCGA-24-1418-01	0	0.70004231349816	0.495704134866746
TCGA-24-1422-01	0	0.980203774711155	0.57841074934621
TCGA-24-1423-01	2.44852300369443e-05	0.59621069242221	0.596235164852859
TCGA-24-1424-01	1.58200440803257e-05	0.670810007887879	0.670825815132571
TCGA-24-1425-01	6.52768809139654e-07	0.151346816285886	0.151347456255306
TCGA-24-1426-01	0	0.875595128363339	0.0309734064163053
TCGA-24-1427-01	0	0.221356347862444	0.000658938114355467
TCGA-24-1428-01	0	0.890192638859253	0.837439588326615
TCGA-24-1431-01	0.00836399074844846	0.686694048910277	0.695058026859337
TCGA-24-1434-01	0	0.947782578273732	0.0958240292979025
TCGA-24-1435-01	0	0.588789197439052	0.494641043263814
TCGA-24-1436-01	0	0.701625021872555	0.503022236390292
TCGA-24-1463-01	0	0.355403587563618	0.314178984574087
TCGA-24-1464-01	0	0.764978948269902	0.0112148241287876
TCGA-24-1466-01	0	0.183885229522409	0.0349772727019648
TCGA-24-1469-01	0	0.624534459044664	0.0111437363255334
TCGA-24-1470-01	0	0.683920383042689	0.060510094282471
TCGA-24-1474-01	0	0.642885569384569	0.616503508382761
TCGA-24-1544-01	0	0.0868599648224169	0.0476061348646214
TCGA-24-1545-01	0	0.919506873354775	0.373877085655542
TCGA-24-1546-01	0	0.456238513428856	0.144596290842192
TCGA-24-1548-01	0	0.925723472310757	0.153041007333371
TCGA-24-1549-01	0	0.711309883906603	0.21694726573897
TCGA-24-1550-01	0.000637959916744074	0.0217007102879807	0.0223386574053364
TCGA-24-1551-01	3.46991419917177e-05	0.429925991504304	0.429960677846907
TCGA-24-1552-01	0	0.978242754813392	0.841361743316636
TCGA-24-1553-01	0	0.838203238237589	0.764663264154047
TCGA-24-1555-01	0	0.924344005424995	0.282802103036792
TCGA-24-1556-01	0	0.293221355579899	0.267416866980295
TCGA-24-1557-01	0	0.372241285418004	0.114704624737739
TCGA-24-1558-01	3.1934474094185e-05	0.756754867636213	0.756786789310918
TCGA-24-1562-01	0	0.692784957872029	0.111012513155691
TCGA-24-1563-01	2.32948869143955e-06	0.00831441871711913	0.00831673540642208
TCGA-24-1567-01	0	0.475455553592556	0.164727168940523
TCGA-24-1603-01	0	0.586929958277962	0.425350773319209
TCGA-24-1604-01	1.91990826217545e-07	0.246791766097116	0.246791945288553
TCGA-24-1616-01	2.25397229979398e-05	0.976491964870338	0.976514491793947
TCGA-24-1842-01	0	0.671352548363993	0.190562337674156
TCGA-24-1843-01	0	0.954543970398189	0.712311653639641
TCGA-24-1844-01	0.105068029197402	0.295265827490125	0.400333843888138
TCGA-24-1845-01	4.09580429264097e-07	0.0888114107776456	0.0888118075586866
TCGA-24-1846-01	0	0.988273046741971	0.202065532023923
TCGA-24-1847-01	0	0.44324160485234	0.381073247405663
TCGA-24-1849-01	5.76868435841651e-05	0.612073230472072	0.612130904516268
TCGA-24-1850-01	0	0.966923641267804	0.545160267734023
TCGA-24-1852-01	0	0.999910058697611	0.70185336296187
TCGA-24-1852-02	0.000366971265232216	0.0689537228256345	0.0693206812914783
TCGA-24-1920-01	0	0.0868822613570349	0.0867053610097581
TCGA-24-1923-01	5.87491928225689e-06	0.0401601674508147	0.0401660295707087
TCGA-24-1924-01	0	0.958099794092399	0.125493472420703
TCGA-24-1930-01	0	0.913785981912698	0.206185168777791
TCGA-24-2019-01	0	0.117659197161178	0.0346366169793129
TCGA-24-2020-01	0	0.893278545807213	0.116207836110692
TCGA-24-2023-01	0	0.798315147386301	0.181564124430381
TCGA-24-2024-01	0	0.821174304720902	0.438508826195863
TCGA-24-2026-01	0	0.923928895659936	0.0377874424253111
TCGA-24-2027-01	0	0.873095433404763	0.470405682887498
TCGA-24-2029-01	0	0.586935154829658	0.166193966053437
TCGA-24-2030-01	0	0.868642718166184	0.0110312169019815
TCGA-24-2033-01	0	0.98932696118341	0.252566338174203
TCGA-24-2035-01	0	0.181517009881627	0.140920306489547
TCGA-24-2038-01	0	0.692979700566756	0.0275341211536094
TCGA-24-2254-01	0.0449229094755703	1.27993884380118e-08	0.0449229094755703
TCGA-24-2260-01	0	0.96482772861554	0.669098051289274
TCGA-24-2261-01	1.02395107316024e-06	0.434808113424801	0.434809124576486
TCGA-24-2262-01	0.000255859774405915	0.551560358722315	0.551816205697333
TCGA-24-2267-01	0	1	0.163963967008143
TCGA-24-2280-01	0	0.976116187625876	0.180404640633299
TCGA-24-2281-01	0	0.857777637325822	0.302589279158028
TCGA-24-2288-01	0	0.76264165195153	0.20370974145965
TCGA-24-2289-01	0	0.857777637325822	0.147993069335964
TCGA-24-2290-01	0	0.918285478915932	0.0401660295707087
TCGA-24-2295-01	0.0194588078114616	0.980541204987927	1
TCGA-24-2297-01	0	0.374094918446969	0.114549086569726
TCGA-24-2298-01	0	0.890192638859253	0.097186114614197
TCGA-25-1312-01	0	0.552532728260165	0.263189907354571
TCGA-25-1313-01	0	0.46078943837474	0.456619615218898
TCGA-25-1314-01	0	0.920015597846698	0.202976438898606
TCGA-25-1315-01	0	0.597473160098475	0.0112148241287876
TCGA-25-1317-01	0	0.51300458180987	0.281280652535348
TCGA-25-1318-01	0	0.792732924518307	0.268354012601228
TCGA-25-1319-01	0	0.94022040521251	0.210409466130726
TCGA-25-1320-01	0	0.939700929234319	0.202033175170011
TCGA-25-1321-01	0	0.472135929812147	0.0401660295707087
TCGA-25-1322-01	2.02230336949148e-05	0.220533295989838	0.220553506224144
TCGA-25-1323-01	0	0.83358922510621	0.274619953199548
TCGA-25-1329-01	1	1.27993884380118e-08	1
TCGA-25-1627-01	0	0.764201986994977	0.140929138067553
TCGA-25-1628-01	0	0.70004231349816	0.479669816224973
TCGA-25-1630-01	4.09580429264097e-07	0.470250605497468	0.470251002278509
TCGA-25-1631-01	0.0900635109492944	0.909936501850094	1
TCGA-25-1633-01	0	0.976491964870338	0.37618971755244
TCGA-25-1634-01	0	0.93146142533759	0.204322896161646
TCGA-25-1635-01	0	0.827836450387593	0.0698579356201771
TCGA-25-1870-01	0	0.117765764869117	0.00700021591288313
TCGA-25-1871-01	0	0.640915692310024	0.433576338681955
TCGA-25-1877-01	0	0.698706364533007	0.0309734064163053
TCGA-25-2042-01	0	0.956737619180385	0.766495176620873
TCGA-25-2391-01	4.47978594507606e-07	0.0922320729301984	0.0922325081094045
TCGA-25-2392-01	0	0.913621740160563	0.230222292226344
TCGA-25-2393-01	0	0.488709115505559	0.0216653583771799
TCGA-25-2396-01	0	0.558707780401354	0.426950248892427
TCGA-25-2397-01	0	0.689449526846928	0.331784133757807
TCGA-25-2399-01	0	0.624934555127113	0.61299346810091
TCGA-25-2400-01	0	0.41876861103072	0.221239630239492
TCGA-25-2404-01	0	0.756754867636213	0.705396732851152
TCGA-29-1688-01	0	0.39650845227453	0.209373637225117
TCGA-29-1691-01	0	0.890192638859253	0.2119234801875
TCGA-29-1692-01	0	0.990715285245954	0.019700601058
TCGA-29-1692-02	0	0.808365329564477	0.019700601058
TCGA-29-1693-01	0	0.981834391196386	0.38121180078525
TCGA-29-1694-01	8.447596353572e-07	0.0350285598513418	0.0350293918115887
TCGA-29-1695-01	3.87181499538716e-05	0.0786512050566595	0.078689910407225
TCGA-29-1696-01	0	0.424251766632386	0.271737198144503
TCGA-29-1697-01	0.000217538405492893	0.405888996049635	0.40610652165574
TCGA-29-1698-01	0	0.931432511519162	0.024013175792829
TCGA-29-1699-01	2.20149480729452e-06	0.0401601674508147	0.0401623561462336
TCGA-29-1701-01	0.000186103107546874	0.890444594820192	0.890630685128351
TCGA-29-1703-01	0	0.62579974258638	0.595269476595762
TCGA-29-1704-01	0	0.331859381362296	0.000183709621913386
TCGA-29-1704-02	0	0.548461997969428	0.0198639468529459
TCGA-29-1705-01	0	0.606767883974261	0.0486077126068332
TCGA-29-1705-02	0	0.750782442613014	0.717848105894665
TCGA-29-1707-01	0	0.808540348401657	0.352274905059576
TCGA-29-1707-02	0	0.808540348401657	0.121745862690491
TCGA-29-1710-01	0	0.456083410440049	0.346890547937082
TCGA-29-1710-02	0	0.857771071239566	0.347024442339286
TCGA-29-1711-01	0	0.920112668408433	0.232202037629357
TCGA-29-1761-01	0	0.70004231349816	0.0444753660602688
TCGA-29-1762-01	0	0.976491964870338	0.693644027223634
TCGA-29-1763-01	0	0.984375146592995	0.0405614666757748
TCGA-29-1764-01	0	0.414493896886821	0.348958788311593
TCGA-29-1766-01	0	0.61234514067955	0.193818911667235
TCGA-29-1768-01	0	0.971939606392952	0.34010546414467
TCGA-29-1769-01	0	0.620774766691788	0.270953696382098
TCGA-29-1770-02	2.17589603046551e-07	0.188592729386767	0.188592934176982
TCGA-29-1774-01	3.54799046850024e-05	0.588517338429128	0.588552805534425
TCGA-29-1777-01	0	0.896953045430802	0.2119234801875
TCGA-29-1778-01	0	0.766409702305041	0.512595334164705
TCGA-29-1781-01	0	0.756772773980604	0.224889427043441
TCGA-29-1783-01	0	0.839712734110254	0.0959236213391558
TCGA-29-1784-01	0	0.94595491520386	0.0256986504568044
TCGA-29-1785-01	0	0.707958274454547	0.000442410860547304
TCGA-29-2425-01	8.23000675052544e-06	0.282094770434841	0.282102987642203
TCGA-29-2427-01	0	0.472135929812147	0.073997897802848
TCGA-29-2428-01	0	0.500318275992009	0.0309734064163053
TCGA-29-2429-01	0	0.937472709304015	0.703291502244123
TCGA-29-2431-01	2.04406232979613e-05	0.490061793271369	0.490082221095279
TCGA-29-2434-01	0	0.973473945878528	0.0012598566010279
TCGA-29-A5NZ-01	0	0.73555113200159	0.229881367716535
TCGA-30-1714-01	0	0.353728902784076	0.0449229094755703
TCGA-30-1718-01	0	0.343785070724237	0.302589279158028
TCGA-30-1853-01	0	0.808742591537994	0.765817756189647
TCGA-30-1855-01	0.0895501914769308	1.27993884380118e-08	0.0895501914769308
TCGA-30-1857-01	9.3179547657582e-06	0.222785629967915	0.222794935123292
TCGA-30-1859-01	0	0.957243834992179	0.86024800888554
TCGA-30-1860-01	0	0.952637693484675	0.0486975131159493
TCGA-30-1861-01	0	0.830512060140538	0.138871009209889
TCGA-30-1862-01	1.66008067736104e-05	0.990141821447431	0.990158409454816
TCGA-30-1866-01	0	0.669719333602914	0.669527214782812
TCGA-30-1891-01	0.000285874340237925	0.20960780203616	0.209893663577009
TCGA-31-1944-01	3.04497450381027e-05	1.27993884380118e-08	3.04497450380747e-05
TCGA-31-1946-01	1.62040257327608e-05	0.266853617093727	0.266869808320071
TCGA-31-1950-01	0	0.939980109494416	0.871325457178475
TCGA-31-1953-01	0	0.923018859143665	0.00470592553958349
TCGA-31-1955-01	0.00016611046284342	0.128334271080526	0.128500368743981
TCGA-31-1956-01	0	0.1835892692641	0.114735356069322
TCGA-31-1959-01	0.00736119706433739	0.807391462498182	0.814752646763131
TCGA-36-1568-01	0.000212738634837455	0.683564035269841	0.68377676110529
TCGA-36-1569-01	0	0.890192638859253	0.141442547135636
TCGA-36-1570-01	0	0.829752045255873	0.176994461179858
TCGA-36-1571-01	0	0.0947348141432167	0.0505753113902411
TCGA-36-1575-01	3.49935279252513e-05	0.106700104812912	0.106735085541449
TCGA-36-1577-01	0	0.915334144737763	0.0826653236524391
TCGA-36-1578-01	0	0.161312112920096	0.0321710835884156
TCGA-36-1580-01	0	0.890192638859253	0.645753784334375
TCGA-36-1581-01	0	0.997342744570042	0.0111736228974813
TCGA-36-2529-01	0	0.405719954526845	0.131127724802602
TCGA-36-2530-01	0	0.890192638859253	0.0107779938015889
TCGA-36-2532-01	0	0.637739549673742	0.128466194376914
TCGA-36-2533-01	0.00273361658123907	0.00848122034693688	0.0112148241287876
TCGA-36-2534-01	0	0.806843354288108	0.0574260432458312
TCGA-36-2537-01	0	0.68781719524365	0.650997975354342
TCGA-36-2538-01	0	1	0.645753784334375
TCGA-36-2540-01	0	0.595521944532238	0.486749093960093
TCGA-36-2542-01	0	0.695547680262523	0.0354614479669086
TCGA-36-2543-01	0.000144658687860713	0.530905281671469	0.531049927559941
TCGA-36-2544-01	0	0.586935154829658	0.0859538321196122
TCGA-36-2545-01	0	0.0306361937291367	0.0303857352966418
TCGA-36-2547-01	0	0.70004231349816	0.390555763908267
TCGA-36-2548-01	0	0.67513782669431	0.238930484128035
TCGA-36-2549-01	0	0.698770758256121	0.0659789529672777
TCGA-36-2551-01	4.09580429264097e-06	0.805718057657482	0.805722140662386
TCGA-36-2552-01	0	0.99710065693757	0.702020586971505
TCGA-42-2582-01	0	0.687223802797365	0.283505672618549
TCGA-42-2587-01	0	0.997075813324657	0.0367803609460812
TCGA-42-2589-01	0	0.210947795608051	0.0486940572810773
TCGA-42-2590-01	0	0.935073963121865	0.675383485356149
TCGA-42-2591-01	0	0.855616370996314	0.0401660295707087
TCGA-42-2593-01	0	0.763151297999418	0.0210453560023813
TCGA-57-1582-01	0	0.971806620747325	0.373850053347211
TCGA-57-1583-01	0	0.890192638859253	0.0239948214698426
TCGA-57-1584-01	0	0.762873909653699	0.620940761960136
TCGA-57-1585-01	0	0.863647872031919	0.320791596607614
TCGA-57-1586-01	0	0.790117343897027	0.0739826537312464
TCGA-57-1994-01	0.00151606195892105	0.530064835430007	0.53158088458954
TCGA-59-2348-01	0	0.837374324245089	0.0636522417431241
TCGA-59-2351-01	0	0.56415871994238	0.564158655945438
TCGA-59-2352-01	3.60942753288985e-06	0.0617477695433766	0.061751366171521
TCGA-59-2354-01	0	0.173622820684933	0.172607074019746
TCGA-59-2355-01	2.43188379875557e-06	0.809267072077055	0.809269491161466
TCGA-59-2372-01	0	0.924413723693689	0.0401623561462336
TCGA-59-A5PD-01	0	0.766552172297482	0.0924806370532081
TCGA-61-1721-01	0	0.352268978942741	0.188592934176982
TCGA-61-1724-01	0	0.890192638859253	0.578633919482606
TCGA-61-1725-01	0	0.917908306538134	0.297562946528264
TCGA-61-1727-01	0	0.798139539777255	0.194915972847019
TCGA-61-1728-01	0	0.890192638859253	0.389328046571548
TCGA-61-1730-01	8.19160858528193e-07	0.45229968083573	0.4523004871972
TCGA-61-1733-01	1	1.27993884380118e-08	1
TCGA-61-1734-01	0.501166427465296	1.27993884380118e-08	0.501166427465296
TCGA-61-1736-01	1.02395107316024e-07	0.314454964987081	0.3144550545828
TCGA-61-1737-01	0.000275737224613639	0.857200192917502	0.857475917342727
TCGA-61-1738-01	0	0.764978948269902	0.475731649200045
TCGA-61-1740-01	0	0.796438897838008	0.306230372377855
TCGA-61-1741-01	2.53555884491305e-05	0.82688695335684	0.826912296145901
TCGA-61-1743-01	0	0.897269548707516	0.187346004958253
TCGA-61-1895-01	0.107844011754293	1.27993884380118e-08	0.107844011754293
TCGA-61-1900-01	7.30845078468123e-06	0.440516320672959	0.440523616324355
TCGA-61-1901-01	5.92995665243925e-05	0.0930648651373881	0.093124151904524
TCGA-61-1903-01	0.575207510404655	1.27993884380118e-08	0.575207510404655
TCGA-61-1904-01	1	1.27993884380118e-08	1
TCGA-61-1906-01	0	0.829623334605976	0.147993069335964
TCGA-61-1910-01	0	0.240564658843245	0.180319614296062
TCGA-61-1911-01	0.689247974877565	1.27993884380118e-08	0.689247974877565
TCGA-61-1913-01	0	0.688343723684857	0.368014133801453
TCGA-61-1914-01	0.000135238337987639	0.207631307677804	0.207766533216403
TCGA-61-1915-01	7.79482754443234e-06	0.670810007887879	0.670817789916035
TCGA-61-1916-02	0	0.997154427168299	0.0659461609341597
TCGA-61-1917-01	0	0.98854252506565	0.471527510883864
TCGA-61-1918-01	0	0.471525718969486	0.0618043172413918
TCGA-61-1919-01	0	0.432659300900221	0.308756318882069
TCGA-61-1995-01	2.9438593353357e-07	0.304411796873757	0.304412078460302
TCGA-61-1998-01	0	0.915635391143486	0.91547907221278
TCGA-61-2000-01	0	0.574267843304204	0.299758144036458
TCGA-61-2002-01	0	0.670810007887879	0.335197039480981
TCGA-61-2003-01	0	0.507842230079425	0.507841564511228
TCGA-61-2008-01	0	0.441163060970155	0.093124151904524
TCGA-61-2008-02	0.00231616452810005	0.441174439626456	0.443490591355168
TCGA-61-2012-01	0	0.918679303298058	0.693175070431515
TCGA-61-2016-01	0.465178105473693	1.27993884380118e-08	0.465178105473693
TCGA-61-2018-01	0.189860124827571	1.27993884380118e-08	0.189860124827571
TCGA-61-2087-01	0	0.84297739731681	0.365458748703886
TCGA-61-2088-01	1.55768557004502e-05	0.779882645735468	0.77989820979178
TCGA-61-2094-01	0.10970634836738	0.890293664432009	1
TCGA-61-2095-01	0	0.556300778613676	0.537401406471036
TCGA-61-2095-02	0	0.958466202184541	0.0757370147036687
TCGA-61-2096-01	0	0.276904464840099	0.0698669591890092
TCGA-61-2097-01	0.00046126435968186	0.250793584480629	0.251254836040922
TCGA-61-2098-01	0	0.651271933463967	0.608415485247918
TCGA-61-2101-01	0.000578532356335537	0.900914596938363	0.90149311649531
TCGA-61-2102-01	0	0.999987443799965	0.14748992537739
TCGA-61-2104-01	0.194968015160312	0.113805723689388	0.308773726050312
TCGA-61-2109-01	2.36148716247581e-05	0.587307655430685	0.587331257502921
TCGA-61-2111-01	0	0.93314710479178	0.0422578464186792
TCGA-61-2610-02	0	0.923686641635415	0.210622921531314
TCGA-61-2612-01	0	0.992880800972416	0.0218942882383617
TCGA-61-2613-01	0	0.621657066933365	0.0973125469729555
TCGA-61-2614-01	3.23184557466201e-05	0.414464317500196	0.414496623156554
TCGA-72-4231-01	0	0.980203774711155	0.0820871112808139
TCGA-72-4232-01	0	0.452012462559709	0.3861236940832
TCGA-72-4233-01	0.495704134866746	1.27993884380118e-08	0.495704134866746
TCGA-72-4234-01	0	0.642839197200344	0.223182462206318
TCGA-72-4236-01	6.74527769444309e-06	0.467263932207886	0.467270664686192
TCGA-72-4237-01	0	0.251248269954666	0.0486940572810773
TCGA-72-4238-01	0	0.432886285254363	0.111012513155691
TCGA-72-4240-01	0	0.978282394519312	0.972770696281482
TCGA-OY-A56P-01	0	0.603574641355057	0.223656769142794
TCGA-OY-A56Q-01	0	0.835990838351366	0.812385771058133
