Sample	percent	start	end
TCGA-04-1332-01	0.00262034446413044	0.519743094999308	0.522363408817927
TCGA-04-1335-01	0.682473059684034	0.317526970961478	1
TCGA-04-1336-01	1	3.06455115728355e-08	1
TCGA-04-1337-01	0.835865704749006	0.164134325896505	1
TCGA-04-1338-01	0.000117862637378465	0.128314564898398	0.128432396890265
TCGA-04-1342-01	0.717145759185241	0.28285427146027	1
TCGA-04-1343-01	2.51293194618673e-06	0.951931319976344	0.951933802262779
TCGA-04-1348-01	8.02912402318198e-05	0.164831266119922	0.164911526714642
TCGA-04-1361-01	0.524859945415441	0.183232945788151	0.70809286055808
TCGA-04-1364-01	1	3.06455115728355e-08	1
TCGA-04-1516-01	7.99847851164312e-06	0.248799875799871	0.248807843632871
TCGA-04-1517-01	4.33327533159516e-05	0.0408303327802227	0.0408736348880271
TCGA-04-1519-01	8.39380561049445e-05	0.0922983048803039	0.0923822122908973
TCGA-04-1525-01	2.08083023348877e-05	0.892161141699758	0.892181919356582
TCGA-04-1530-01	0.0533667986405406	0.88846964467081	0.941836412665839
TCGA-04-1536-01	7.99847851164312e-06	0.248799875799871	0.248807843632871
TCGA-04-1638-01	4.04520752312985e-06	0.591652695888715	0.591656710450726
TCGA-04-1644-01	8.27735266664677e-05	0.379253129657543	0.379335872538698
TCGA-04-1649-01	6.49684844623885e-06	0.664000129201477	0.664006595404411
TCGA-04-1651-01	2.17583131925924e-06	0.279665912439767	0.279668057625575
TCGA-04-1654-01	0.707714756236714	0.248335841464149	0.956050567055352
TCGA-09-0364-01	3.45068459927592e-05	0.292337341132902	0.292371817333383
TCGA-09-1661-01	7.99847851164312e-06	0.248799875799871	0.248807843632871
TCGA-09-1665-01	1.40969353078768e-06	0.467905415448022	0.467906794496042
TCGA-09-1673-01	0.87168819319764	0.128311837447871	1
TCGA-09-1674-01	0.000293584000542303	0.936522113218862	0.936815666573892
TCGA-09-1675-01	0.000133399911728669	0.490830862947572	0.49096423221379
TCGA-09-2043-01	2.4301890650318e-05	0.606658852878438	0.606683124123577
TCGA-09-2044-01	0.0012657209175781	0.0963756901905495	0.0976413804626161
TCGA-09-2049-01	0.0314318140739267	0.968568216571585	1
TCGA-09-2051-01	6.59184953200933e-05	0.0964488103810812	0.0965146982308898
TCGA-09-2054-01	1.36372526347938e-05	0.241685489650612	0.241699096257736
TCGA-09-2055-01	0.621075849908827	0.378924180736685	1
TCGA-10-0926-01	0.0714094661410921	3.06455115728355e-08	0.071409466141092
TCGA-10-0928-01	6.24555525162018e-05	0.317616271982102	0.317678696889107
TCGA-10-0933-01	4.33327533159516e-05	0.0408303327802227	0.0408736348880271
TCGA-10-0936-01	0.930448632514532	0.0695513981309793	1
TCGA-10-0937-01	0.225000081210606	0.430741695541378	0.655741746106473
TCGA-10-0938-01	0.0547952778699016	0.47234110807918	0.52713635530357
TCGA-13-0714-01	0.308589054293611	0.691410976351901	1
TCGA-13-0723-01	0.000167477720559884	0.849748029539576	0.849915476614625
TCGA-13-0724-01	1	3.06455115728355e-08	1
TCGA-13-0755-01	0.965290924276596	3.06455115728355e-08	0.965290924276596
TCGA-13-0757-01	0.000167937403232967	0.53087388189085	0.531041788648572
TCGA-13-0760-01	0.259642962629086	0.573337804309163	0.832980736292738
TCGA-13-0761-01	0.0164558735585807	0.202406156854883	0.218861999767952
TCGA-13-0764-01	7.99847851164312e-06	0.248799875799871	0.248807843632871
TCGA-13-0768-01	5.05650940391232e-06	0.662611642364674	0.662616668228566
TCGA-13-0791-01	0.00402948637571042	0.801242926786095	0.805272382516294
TCGA-13-0792-01	7.96783300010426e-07	0.249557861882273	0.249558628020062
TCGA-13-0793-01	1	3.06455115728355e-08	1
TCGA-13-0795-01	8.27428811549288e-07	0.342030233268118	0.342031030051418
TCGA-13-0799-01	0.0126106279982419	0.98738940264727	1
TCGA-13-0801-01	0.00391211406651657	0.850662031921223	0.854574115342228
TCGA-13-0807-01	5.36296451930094e-05	0.875630891484673	0.875684490484354
TCGA-13-0884-01	0.0111476725683997	0.566130807424035	0.577278449346923
TCGA-13-0885-01	0.0534020716243218	0.0735782183471858	0.126980259325996
TCGA-13-0886-01	4.17391867159308e-05	0.609459576823486	0.60950128536469
TCGA-13-0887-01	0.0164707059861655	0.66982574900848	0.686296424349134
TCGA-13-0888-01	7.99847851164312e-06	0.248799875799871	0.248807843632871
TCGA-13-0890-01	0.370871183860014	0.629128846785497	1
TCGA-13-0891-01	0.000168151921813739	0.828176500739813	0.828344622016115
TCGA-13-0893-01	0.894528323593066	0.105471707052445	1
TCGA-13-0897-01	9.43881755396966e-06	0.162521728433819	0.162531136605861
TCGA-13-0900-01	0.0031813718438724	0.431509855933612	0.434691197131972
TCGA-13-0901-01	1.16452943847678e-05	0.240388755475357	0.24040037012423
TCGA-13-0903-01	0.0947045598008238	0.570560156434304	0.665264685589616
TCGA-13-0906-01	2.17583131925924e-06	0.279665912439767	0.279668057625575
TCGA-13-0910-01	0.000321716580134979	0.633332399666748	0.633654085601372
TCGA-13-0913-01	4.33327533159516e-05	0.0408303327802227	0.0408736348880271
TCGA-13-0913-02	1.48017820732706e-05	0.89516605668819	0.895180827824752
TCGA-13-0916-01	1.93066722694834e-06	0.387896634896056	0.387898534917772
TCGA-13-0919-01	0.00321419318673052	0.265627142312791	0.26884130485401
TCGA-13-0920-01	0.000188377959429388	0.207675499336433	0.207863846650351
TCGA-13-0923-01	2.01647465925715e-05	0.887411209993281	0.887431344094362
TCGA-13-1403-01	1	3.06455115728355e-08	1
TCGA-13-1405-01	1	3.06455115728355e-08	1
TCGA-13-1410-01	0.297943324558706	0.702056706086805	1
TCGA-13-1411-01	3.06455115388625e-08	3.06455115728355e-08	3.06455115728355e-08
TCGA-13-1412-01	4.84199082314028e-05	0.85325084215398	0.8532992314167
TCGA-13-1481-01	3.79697887966507e-05	0.314406246584941	0.314444185728226
TCGA-13-1484-01	0.0263135846097751	0.270006661721298	0.296320215685562
TCGA-13-1488-01	0.751200154845641	0.248799875799871	1
TCGA-13-1489-01	9.50010857704738e-07	0.340336026808203	0.340336946173549
TCGA-13-1494-01	0.532061732563608	0.251293960756461	0.783355662674558
TCGA-13-1495-01	9.09252327358051e-05	0.486774439167219	0.486865333754444
TCGA-13-1497-01	0.000165393825775241	0.672176750071695	0.672342113251959
TCGA-13-1498-01	0.000823291667491542	0.130635104323144	0.131458365345124
TCGA-13-1500-01	0.0347554423823625	0.604935686410119	0.63969109814697
TCGA-13-1501-01	5.20973696160663e-07	0.291924362219404	0.291924852547589
TCGA-13-1507-01	1	3.06455115728355e-08	1
TCGA-13-1510-01	0.0503611175143205	0.219073423152059	0.269434510020868
TCGA-13-1512-01	0.620665506509321	0.37933452413619	1
TCGA-13-1817-01	1	3.06455115728355e-08	1
TCGA-13-1817-02	1	3.06455115728355e-08	1
TCGA-13-2057-01	1.0480764946291e-05	0.150643589452379	0.150654039571814
TCGA-13-2059-01	0.000112928710020708	0.0301843885267372	0.0302972865912464
TCGA-13-2061-01	0.766091176648512	0.144136750569378	0.910227896572379
TCGA-13-2071-01	0.00018022625336005	0.172671337982421	0.172851533590269
TCGA-20-0987-01	0.878780545224102	0.121219485421409	1
TCGA-20-1683-01	0.64036618812066	0.359633842524852	1
TCGA-20-1684-01	6.59184953200933e-05	0.0964488103810812	0.0965146982308898
TCGA-20-1685-01	0.000541015860707079	0.365780228901132	0.366321214116328
TCGA-23-1022-01	0.653239969126486	0.346760061519026	1
TCGA-23-1024-01	2.11454029618151e-06	0.418002111230581	0.418004195125366
TCGA-23-1026-01	0.376726254003606	0.26463597453309	0.641362197891184
TCGA-23-1028-01	0.596452671715535	0.122873239806092	0.719325880876116
TCGA-23-1029-01	0.000142287110074939	0.388058106096354	0.388200362560918
TCGA-23-1030-01	1.53227557694313e-06	0.665558759918343	0.665560261548409
TCGA-23-1110-01	0.905684086576512	0.0188835496916663	0.924567605622667
TCGA-23-1111-01	0.00011801586493616	0.164911526714642	0.165029511934067
TCGA-23-1114-01	1.37904801924881e-06	0.37933452413619	0.379335872538698
TCGA-23-1117-01	0.00807313097775179	0.787133028426838	0.795206128759078
TCGA-23-1120-01	1	3.06455115728355e-08	1
TCGA-23-1122-01	2.54357745772559e-06	0.411991453824906	0.411993966756852
TCGA-23-1124-01	0.0174149554877009	0.180186996459769	0.197601921301959
TCGA-23-1809-01	5.86555090853829e-05	0.584607323431442	0.584665948295016
TCGA-23-2072-01	1	3.06455115728355e-08	1
TCGA-23-2078-01	0.0098346349810056	0.122882617332623	0.132717221668117
TCGA-23-2079-01	0.000124053030709315	0.193953266698142	0.194077289083339
TCGA-23-2081-01	4.22601604120914e-05	0.91265508237728	0.912697311892181
TCGA-23-2084-01	4.96150831814184e-05	0.472094105256177	0.472143689693847
TCGA-23-2645-01	0.00473387345843117	0.0219438717649602	0.0266777145778798
TCGA-24-0966-01	0.920704830829728	0.0792951998157837	1
TCGA-24-0968-01	0.0594498407444702	0.50749298079881	0.566942790897768
TCGA-24-0979-01	0.834494563271734	0.165505467373777	1
TCGA-24-1104-01	0.00109940772645669	0.137042529166712	0.138141906247658
TCGA-24-1105-01	0.924885185058744	0.0751148455867675	1
TCGA-24-1417-01	0.446619747979894	0.553380282665618	1
TCGA-24-1422-01	3.37100626927488e-07	0.128311837447871	0.128312143902987
TCGA-24-1425-01	1	3.06455115728355e-08	1
TCGA-24-1428-01	0.000299774393873153	0.818847424762664	0.819147168511026
TCGA-24-1430-01	4.56618121929052e-06	0.317179358924092	0.3171838944598
TCGA-24-1434-01	0.000109527058239895	0.291924362219404	0.292033858632133
TCGA-24-1435-01	1	3.06455115728355e-08	1
TCGA-24-1436-01	2.75809603849763e-06	0.128311837447871	0.128314564898398
TCGA-24-1463-01	0.491928922271521	0.50807110837399	1
TCGA-24-1466-01	0.000393181913043606	0.50639669891453	0.506789850182062
TCGA-24-1471-01	1	3.06455115728355e-08	1
TCGA-24-1546-01	3.06455115388625e-08	3.06455115728355e-08	3.06455115728355e-08
TCGA-24-1548-01	1.93066722694834e-06	0.387896634896056	0.387898534917772
TCGA-24-1549-01	0.0004908798038295	0.900191399606867	0.900682248765185
TCGA-24-1553-01	1.76518146463848e-05	0.243777229686209	0.243794850855344
TCGA-24-1556-01	0.184401796243755	0.216712370361059	0.401114135959302
TCGA-24-1557-01	0.00501921381636952	0.136449293354343	0.141468476525201
TCGA-24-1558-01	3.21777871158056e-06	0.665557074415209	0.665560261548409
TCGA-24-1562-01	0.921630417214736	0.0727947964902064	0.994425183059431
TCGA-24-1563-01	1.22888501270839e-05	0.912685053687565	0.912697311892181
TCGA-24-1616-01	2.75809603849763e-06	0.128311837447871	0.128314564898398
TCGA-24-1843-01	0.00263539141029602	0.415688497691443	0.418323858456227
TCGA-24-1846-01	0.0021791103889939	0.292033858632133	0.294212938375615
TCGA-24-1847-01	0.290300425917448	0.522897131046888	0.813197526318825
TCGA-24-1850-01	1.86937620387061e-06	0.458029286444393	0.458031125175085
TCGA-24-1852-01	2.80099975465203e-05	0.859583154848767	0.859611134200801
TCGA-24-1852-02	2.88067808465308e-06	0.249555777987488	0.249558628020062
TCGA-24-1920-01	1.37904801924881e-06	0.37933452413619	0.379335872538698
TCGA-24-1927-01	9.30704185435255e-05	0.181499911465117	0.181592951238149
TCGA-24-1930-01	0.000707819380013108	0.37605600602074	0.376763794755241
TCGA-24-2019-01	1.04194739232133e-06	0.16186815160923	0.16186916291111
TCGA-24-2020-01	3.37100626927488e-07	0.128311837447871	0.128312143902987
TCGA-24-2023-01	1.76518146463848e-05	0.243777229686209	0.243794850855344
TCGA-24-2024-01	3.99617470466767e-05	0.326464887629345	0.32650481873088
TCGA-24-2029-01	0.0697509923476319	0.0472818871604072	0.117032848862528
TCGA-24-2030-01	0.149107544477516	0.073057918852279	0.222165432684284
TCGA-24-2035-01	1.04194739232133e-06	0.16186815160923	0.16186916291111
TCGA-24-2254-01	1.25646597309336e-06	0.637736741939602	0.637737967760064
TCGA-24-2261-01	4.33327533159516e-05	0.0408303327802227	0.0408736348880271
TCGA-24-2267-01	0.254702140031233	3.06455115728355e-08	0.254702140031233
TCGA-24-2271-01	0.000120283632790035	0.0868860623784484	0.0870063153657269
TCGA-24-2280-01	0.0168626927242591	3.06455115728355e-08	0.0168626927242591
TCGA-24-2293-01	0.0375636438322261	0.570051686106851	0.607615299293566
TCGA-24-2298-01	0.0340137290665874	0.614052818029465	0.648066516450541
TCGA-25-1313-01	4.85118447660194e-05	3.06455115728355e-08	4.85118447660637e-05
TCGA-25-1314-01	3.06455115388625e-08	3.06455115728355e-08	3.06455115728355e-08
TCGA-25-1320-01	0.930448632514532	0.0695513981309793	1
TCGA-25-1323-01	4.62747224236824e-06	0.1652277271027	0.165232323929431
TCGA-25-1625-01	0.209346170043485	0.37461998799554	0.583966127393514
TCGA-25-1626-01	0.00026753531573427	0.33365686821382	0.333924372884042
TCGA-25-1627-01	1.37904801924881e-06	0.37933452413619	0.379335872538698
TCGA-25-1630-01	0.00222556898448681	0.115699340073425	0.117924878412401
TCGA-25-1870-01	0.636183933869928	3.06455115728355e-08	0.636183933869928
TCGA-25-1871-01	4.56618121929052e-06	0.317179358924092	0.3171838944598
TCGA-25-1877-01	4.96150831814184e-05	0.472094105256177	0.472143689693847
TCGA-25-2042-01	1.04194739232133e-06	0.16186815160923	0.16186916291111
TCGA-25-2391-01	0.000731784170036498	0.482836307061406	0.483568060585931
TCGA-25-2392-01	2.17583131925924e-06	0.279665912439767	0.279668057625575
TCGA-25-2393-01	0.000170235816598381	0.997335587290277	0.997505792461364
TCGA-25-2396-01	2.04712017079602e-05	0.862098140044226	0.862118580600423
TCGA-25-2397-01	4.33327533159516e-05	0.0408303327802227	0.0408736348880271
TCGA-25-2398-01	4.903281846218e-07	0.655042446178667	0.65504290586134
TCGA-25-2399-01	7.96783300010426e-07	0.103737293681392	0.10373805981918
TCGA-25-2401-01	0.000514231683622113	0.213302229773549	0.213816430811659
TCGA-25-2404-01	1	3.06455115728355e-08	1
TCGA-25-2408-01	3.82455984005004e-05	0.865336818994676	0.865375033947565
TCGA-29-1688-01	1	3.06455115728355e-08	1
TCGA-29-1690-01	2.01647465925715e-05	0.887411209993281	0.887431344094362
TCGA-29-1691-01	0.456870487716574	0.176918805881707	0.63378926295277
TCGA-29-1692-01	9.81575734589767e-05	0.14187888121573	0.141977008143677
TCGA-29-1692-02	6.59184953200933e-05	0.0964488103810812	0.0965146982308898
TCGA-29-1693-01	0.196685467279389	0.439790855416131	0.636476292050009
TCGA-29-1699-01	1.85711799925507e-05	0.0732613744033855	0.0732799149378666
TCGA-29-1701-01	8.27428811549288e-07	0.342030233268118	0.342031030051418
TCGA-29-1702-01	0.000188377959429388	0.207675499336433	0.207863846650351
TCGA-29-1703-01	0.607027640964297	0.26463597453309	0.871663584851875
TCGA-29-1704-01	0.558949644705133	0.19645409366727	0.755403707726892
TCGA-29-1704-02	0.558949644705133	0.19645409366727	0.755403707726892
TCGA-29-1705-01	1.76518146463848e-05	0.243777229686209	0.243794850855344
TCGA-29-1705-02	0.0229417509116886	0.740876693310079	0.763818413576256
TCGA-29-1707-02	0.694062272782685	0.305937757862826	1
TCGA-29-1710-02	0.627696199766567	0.372303830878944	1
TCGA-29-1711-01	0.500484199082314	0.499515831563198	1
TCGA-29-1761-01	0.0033127491518395	0.295691982699015	0.299004701205343
TCGA-29-1762-01	0.000393488368158995	0.0206589054661357	0.0210523631887831
TCGA-29-1763-01	1.70082589040687e-05	0.405935839453804	0.405952817067196
TCGA-29-1768-01	5.20973696160663e-07	0.175705212979257	0.175705703307441
TCGA-29-1769-01	0.0733738740762447	0.848772276452179	0.922146119882912
TCGA-29-1770-01	0.547703079070997	0.452296951574514	1
TCGA-29-1770-02	0.547703079070997	0.452296951574514	1
TCGA-29-1778-01	0.000163861550198298	0.0365176205868701	0.0366814514915569
TCGA-29-1781-01	4.33327533159516e-05	0.0408303327802227	0.0408736348880271
TCGA-29-1783-01	3.37100626927488e-06	0.27607361493167	0.276076955292428
TCGA-29-2427-01	0.747098957972929	0.252901072672582	1
TCGA-29-2428-01	0.0119138103568713	0.642193273518607	0.654107053229966
TCGA-29-2429-01	6.59184953200933e-05	0.0964488103810812	0.0965146982308898
TCGA-29-2431-01	0.00339540009645981	0.809595973866243	0.812991343317192
TCGA-30-1718-01	0.56733174373022	0.240436562473358	0.807768275558066
TCGA-30-1855-01	0.362552643625859	0.330238208174102	0.69279082115445
TCGA-30-1856-01	0.132491609412168	3.06455115728355e-08	0.132491609412168
TCGA-30-1857-01	0.682820671721419	0.317179358924092	1
TCGA-30-1860-01	9.25494448473648e-06	0.230660583001437	0.230669807300411
TCGA-30-1861-01	0.179917009503112	0.522528005860402	0.702444984718003
TCGA-30-1862-01	0.560318579705574	3.06455115728355e-08	0.560318579705574
TCGA-30-1867-01	7.66137788471563e-07	0.236594013718034	0.236594749210311
TCGA-30-1891-01	5.20973696160663e-07	0.291924362219404	0.291924852547589
TCGA-30-1892-01	0.0718290951305937	0.0933375861131213	0.165166650598203
TCGA-31-1946-01	0.00614350569819577	0.823777123039829	0.829920598092513
TCGA-31-1950-01	0.000235173655549231	0.215103572941803	0.215338715951841
TCGA-31-1953-01	0.596541942090648	0.403458088554864	1
TCGA-31-1956-01	2.4301890650318e-05	0.606658852878438	0.606683124123577
TCGA-36-1568-01	0.481069194929541	0.518930835715971	1
TCGA-36-1577-01	0.00644824466493822	0.223076278578242	0.229524492597669
TCGA-36-1578-01	0.239973753958098	0.728607149855264	0.96858087316785
TCGA-36-1581-01	0.00838565390442511	0.0543216514890684	0.062707274747982
TCGA-36-2529-01	0.464069578059726	0.467905415448022	0.931974962862237
TCGA-36-2540-01	0.000118107801470776	0.328548690477453	0.328666767633412
TCGA-36-2542-01	5.60812861161184e-06	0.24597221445018	0.24597779193328
TCGA-36-2543-01	0.699693477464486	0.300306553181026	1
TCGA-36-2544-01	0.000395173871293632	0.296956661669201	0.297351804894983
TCGA-36-2548-01	5.20973696160663e-07	0.291924362219404	0.291924852547589
TCGA-36-2549-01	7.53879583856018e-06	0.00314551659537188	0.0031530247456989
TCGA-3P-A9WA-01	0.00135299933444078	0.813864801687072	0.815217770376001
TCGA-42-2582-01	0.00012769984658244	0.322717401250815	0.322845070451886
TCGA-42-2587-01	0.0118695275926976	0.122180559308779	0.134050056255966
TCGA-42-2589-01	0.314500849279061	0.68549918136645	1
TCGA-42-2590-01	2.24018689349085e-05	0.467905415448022	0.467927786671446
TCGA-42-2593-01	0.000156690500498204	0.533206158546515	0.533362818401502
TCGA-57-1582-01	0.125198437348592	0.68549918136645	0.810697588069531
TCGA-57-1583-01	2.39034990003128e-05	0.113230874764482	0.11325474761797
TCGA-57-1585-01	0.945480654315994	0.0545193763295172	1
TCGA-59-2350-01	0.00266854985378107	0.0695586304717024	0.072227149679972
TCGA-59-2352-01	7.99847851164312e-06	0.248799875799871	0.248807843632871
TCGA-59-2363-01	4.29037161544075e-07	0.719911516601624	0.719911914993274
TCGA-59-A5PD-01	1	3.06455115728355e-08	1
TCGA-5X-AA5U-01	0.67495789153487	0.325042139110642	1
TCGA-61-1722-01	3.21777871158056e-06	0.665557074415209	0.665560261548409
TCGA-61-1724-01	0.000240996302741615	0.462761229235597	0.463002194892827
TCGA-61-1727-01	0.919634658921279	3.06455115728355e-08	0.919634658921279
TCGA-61-1738-01	3.14729403504118e-05	0.400425531315024	0.400456973609863
TCGA-61-1740-01	1.78663332271569e-05	0.212396562971041	0.212414398658756
TCGA-61-1895-01	3.06455115388625e-08	3.06455115728355e-08	3.06455115728355e-08
TCGA-61-1899-01	0.305725966732581	0.344327022421421	0.65005295850849
TCGA-61-1903-01	8.28961087126231e-05	0.34737968311683	0.347462548580031
TCGA-61-1906-01	9.30704185435255e-05	0.181499911465117	0.181592951238149
TCGA-61-1907-01	6.37733095123729e-05	0.865451065461693	0.865514808125694
TCGA-61-1910-01	0.889444080001211	0.1105559506443	1
TCGA-61-1911-01	0.638257746281274	0.361742284364237	1
TCGA-61-1913-01	0.137855615878861	0.8307252879345	0.96858087316785
TCGA-61-1916-02	0.000444084107709657	0.0117812378739541	0.0122252913361522
TCGA-61-1918-01	0.000144861333044203	0.234775509063318	0.234920339750851
TCGA-61-1919-01	3.33116710427436e-05	0.570964401377013	0.570997682402544
TCGA-61-2002-01	7.82686364702549e-05	0.248729605641912	0.248807843632871
TCGA-61-2008-01	0.485727098164867	0.514272932480644	1
TCGA-61-2016-01	0.494517977668371	0.281426190622559	0.775944137645418
TCGA-61-2018-01	0.000121877199390056	0.631807448367063	0.631929294920942
TCGA-61-2087-01	2.451640923109e-07	0.165029511934067	0.165029726452648
TCGA-61-2095-02	2.2953488142608e-05	0.138492766709266	0.138515689551897
TCGA-61-2096-01	0.00325902757011187	0.0284649301653147	0.0317239270899151
TCGA-61-2097-01	2.451640923109e-07	0.165029511934067	0.165029726452648
TCGA-61-2098-01	0.0184071039237716	0.202696798886318	0.221103872164578
TCGA-61-2101-01	8.79219726049966e-05	0.913687958698186	0.91377585002528
TCGA-61-2102-01	1	3.06455115728355e-08	1
TCGA-61-2104-01	0.0860874709932572	3.06455115728355e-08	0.0860874709932572
TCGA-61-2109-01	6.23636159815852e-05	0.858219521521822	0.858281854492292
TCGA-61-2111-01	2.01647465925715e-05	0.887411209993281	0.887431344094362
TCGA-61-2113-01	2.23712234233696e-06	0.928088100697228	0.928090307174059
TCGA-61-2610-02	0.000133307975194052	0.748308873413995	0.748442150743678
TCGA-61-2612-01	3.33116710427436e-05	0.570964401377013	0.570997682402544
TCGA-61-2613-01	6.59184953200933e-05	0.0964488103810812	0.0965146982308898
TCGA-72-4231-01	3.37100626927488e-07	0.128311837447871	0.128312143902987
TCGA-72-4232-01	3.1871332000417e-05	0.0965772457199406	0.0966090864064295
TCGA-72-4234-01	0.000152246901325069	0.685838825570835	0.685991041826649
TCGA-72-4235-01	3.21777871158056e-06	0.665557074415209	0.665560261548409
TCGA-72-4236-01	7.48056936663634e-05	0.229747040302464	0.229821815350619
TCGA-72-4237-01	3.33116710427436e-05	0.570964401377013	0.570997682402544
TCGA-72-4238-01	0.921630417214736	0.0727947964902064	0.994425183059431
TCGA-72-4241-01	1.33614430309441e-05	0.242931903895921	0.24294523469344
TCGA-OY-A56P-01	3.37100626927488e-07	0.128311837447871	0.128312143902987
TCGA-VG-A8LO-01	0.546404138418911	0.0964488103810812	0.642852918154481
