Sample	percent	start	end
TCGA-04-1331-01	0	0.858037970899057	0.500444033269212
TCGA-04-1332-01	7.88819995652229e-06	0.921694743885849	0.921702621440462
TCGA-04-1335-01	0	0.978983759473731	0.757344001983611
TCGA-04-1336-01	0	0.951839505342371	0.0747090353347819
TCGA-04-1338-01	0	0.846196249834771	0.184338120569401
TCGA-04-1341-01	0.0427129846722694	1.06453440507082e-08	0.0427129846722694
TCGA-04-1342-01	0	0.0748597095347611	0.05622635476135
TCGA-04-1343-01	0.00200429473632127	0.967584288583525	0.969588572674502
TCGA-04-1346-01	0	0.377693007246999	0.375417011393957
TCGA-04-1347-01	2.00238921973258e-05	0.773237713588316	0.77325772683517
TCGA-04-1348-01	0	0.300796651775285	0.104814259983425
TCGA-04-1351-01	0	0.918876016456041	0.333560742721823
TCGA-04-1353-01	0	0.411256489015852	0.24627201913573
TCGA-04-1356-01	0	0.905274290011172	0.0199158206643182
TCGA-04-1357-01	0	0.618309336048719	0.178565799845751
TCGA-04-1360-01	0	0.917953629328332	0.0935501233523921
TCGA-04-1361-01	0	0.589706062995037	0.288428124568963
TCGA-04-1362-01	0	0.193475402617824	0.189492244872167
TCGA-04-1365-01	0	0.880400921967701	0.664615731129523
TCGA-04-1367-01	0	0.791322769270013	0.790295887444904
TCGA-04-1371-01	0	0.988385738002476	0.361853033339163
TCGA-04-1514-01	0	0.788162155970024	0.608830019095299
TCGA-04-1516-01	0	0.911504754407601	0.0677276803036256
TCGA-04-1517-01	2.89553358727944e-06	0.277865675792363	0.277868560680606
TCGA-04-1519-01	0	0.301410824256111	0.0675171153979036
TCGA-04-1525-01	5.21728312913842e-05	0.90023063244383	0.900282794629777
TCGA-04-1530-01	0	0.540450566955589	0.539273064157221
TCGA-04-1536-01	0	0.832774025181625	0.0728276091597267
TCGA-04-1542-01	0	0.991718784585725	0.380285797894247
TCGA-04-1638-01	0	0.97070237373395	0.127608496521756
TCGA-04-1644-01	0	0.754875793798025	0.0160831561477911
TCGA-04-1646-01	0	0.385349937103581	0.385150517873102
TCGA-04-1649-01	3.19360322126408e-07	0.854106027903725	0.854106336618703
TCGA-04-1651-01	0	0.513476989625718	0.285427042395221
TCGA-04-1652-01	1.09966404252193e-05	0.375882926167907	0.375893912162988
TCGA-04-1654-01	0	0.705402068205124	0.305609507637827
TCGA-09-0364-01	0	0.883155798623772	0.0603635186996806
TCGA-09-0366-01	0.0015251265090028	0.983547184279348	0.985072300143006
TCGA-09-0367-01	0	0.835512965757622	0.210073846645366
TCGA-09-0369-01	0	0.762574655664902	0.0603635186996806
TCGA-09-1659-01	1.36260404107268e-06	0.548688945505323	0.54869029746402
TCGA-09-1661-01	0	0.341073704945191	0.340887358197231
TCGA-09-1662-01	0	0.413205204410779	0.246308330404356
TCGA-09-1665-01	0.00372240004264099	0.777961915025436	0.781684304422733
TCGA-09-1666-01	0	0.308985444312337	0.0169358056264923
TCGA-09-1667-01	0	0.724835356713397	0.191223965573553
TCGA-09-1668-01	0	0.845169336073629	0.617149419358756
TCGA-09-1669-01	0	0.787107553668955	0.23133975242613
TCGA-09-1672-01	0	0.771848783611357	0.672891336447473
TCGA-09-1673-01	0	0.897364373552745	0.256917459014707
TCGA-09-1674-01	0.00034296104993155	0.620476845200335	0.620819795604923
TCGA-09-1675-01	0	0.996921813599152	0.314450827830391
TCGA-09-2044-01	0	0.903206069983705	0.0596984188928201
TCGA-09-2050-01	0	0.890373118351603	0.45033736745389
TCGA-09-2051-01	0	0.680056281082475	0.288930063187249
TCGA-09-2053-01	0	0.529607996595108	0.185726454407093
TCGA-09-2054-01	1.70325505134084e-07	0.851476297912551	0.851476457592712
TCGA-09-2055-01	0	0.777341227594039	0.489141019841633
TCGA-10-0925-01	0	0.901307334479191	0.0604076968775747
TCGA-10-0926-01	0	0.541783332097231	0.539273064157221
TCGA-10-0927-01	5.79106717455887e-06	0.543470874620724	0.543476655042554
TCGA-10-0928-01	0	0.939598690328868	0.12858651621758
TCGA-10-0930-01	0	0.916693060910178	0.0130608365126275
TCGA-10-0933-01	0.980307199293967	1.06453440507082e-08	0.980307199293967
TCGA-10-0935-01	2.56552792108215e-06	0.0130605597336816	0.0130631146162586
TCGA-10-0936-01	0	0.82467264156474	0.0592803017137482
TCGA-10-0937-01	0	0.182492143390102	0.182446155503716
TCGA-10-0938-01	0	0.758999310405256	0.453154817442409
TCGA-13-0714-01	0	0.793339550994929	0.0440516473345267
TCGA-13-0717-01	2.11842347010518e-05	0.783235118146979	0.783256291736336
TCGA-13-0720-01	0	0.487129124329645	0.487070425902439
TCGA-13-0723-01	0	0.536856155884713	0.332243998823008
TCGA-13-0724-01	0	0.666144317375349	0.101348934354751
TCGA-13-0725-01	0	0.209887063438299	0.209874544513671
TCGA-13-0726-01	0.62992581227781	1.06453440507082e-08	0.62992581227781
TCGA-13-0727-01	0	0.741871696969295	0.358962236929995
TCGA-13-0730-01	6.03591008818912e-06	0.185720429142349	0.185726454407093
TCGA-13-0751-01	0	0.838132231375574	0.101440239470847
TCGA-13-0755-01	0	0.694825918870704	0.390027884520713
TCGA-13-0757-01	0	0.991508145162594	0.116183977136952
TCGA-13-0758-01	0	0.857736132813271	0.0116284415958261
TCGA-13-0760-01	0	0.758525975826489	0.345342732760528
TCGA-13-0761-01	0	0.763287265642351	0.746670841628673
TCGA-13-0762-01	0	0.109954694373715	0.105200441130284
TCGA-13-0764-01	0	0.357608532396566	0.274234463767033
TCGA-13-0766-01	0	0.565312842550539	0.316600655065505
TCGA-13-0791-01	0	0.446225539434448	0.0136831420363229
TCGA-13-0791-02	0	0.446225539434448	0.106773865565336
TCGA-13-0792-01	0	0.910722523879929	0.0815494673011278
TCGA-13-0793-01	0	0.975231956990766	0.0114900308322164
TCGA-13-0795-01	0.000959390343699943	0.943727135730404	0.94468651542876
TCGA-13-0797-01	0	0.713090816995134	0.00780842374805513
TCGA-13-0799-01	0	0.898859363092684	0.0551858362504858
TCGA-13-0800-01	4.00264937065098e-06	0.127530987771576	0.127534979775603
TCGA-13-0801-01	0	0.178330803875386	0.085267545334076
TCGA-13-0802-01	0	0.74108582573395	0.657188400053861
TCGA-13-0803-01	0	0.993821708434863	0.36372716745353
TCGA-13-0805-01	0	0.617168453233955	0.428733046185113
TCGA-13-0807-01	0	0.93208217256058	0.100996584111349
TCGA-13-0883-01	0	0.395539777547013	0.0189656491885837
TCGA-13-0884-01	0	0.0852256346144689	0.0851559289014928
TCGA-13-0885-01	0	0.657784688356647	0.410865251330559
TCGA-13-0886-01	9.90016998591866e-07	0.85743681767403	0.857437797045685
TCGA-13-0887-01	0	0.64906284086059	0.347762493985248
TCGA-13-0888-01	0	0.910233572581409	0.389239213559877
TCGA-13-0889-01	0.0985693179190596	1.06453440507082e-08	0.0985693179190597
TCGA-13-0890-01	0	0.910381840933628	0.0171204384740576
TCGA-13-0891-01	8.33530440749926e-06	0.672883011788409	0.672891336447473
TCGA-13-0893-01	0	0.988252490230741	0.291874980525674
TCGA-13-0897-01	0	0.83161504528194	0.0175412276344914
TCGA-13-0899-01	0	0.76615685652613	0.451857181936201
TCGA-13-0900-01	6.9088283020013e-06	0.33223710064005	0.332243998823008
TCGA-13-0901-01	0	0.958731183995074	0.212985497283569
TCGA-13-0903-01	0	0.903670824415152	0.443856577791634
TCGA-13-0904-01	0	0.976341893790316	0.204802921627455
TCGA-13-0905-01	0	0.701393489377826	0.0169358056264923
TCGA-13-0906-01	0	0.870277902349003	0.529610210826675
TCGA-13-0908-01	0	0.0155499202179366	0.0153576653040165
TCGA-13-0910-01	0	0.185720429142349	0.014129511958559
TCGA-13-0911-01	0	0.711010035461664	0.659111992436781
TCGA-13-0912-01	2.49526865021434e-05	0.270428572290844	0.270453514332002
TCGA-13-0913-01	0.622143618657545	1.06453440507082e-08	0.622143618657545
TCGA-13-0913-02	0	0.37766434998076	0.0169358056264923
TCGA-13-0916-01	0	0.734386806518242	0.479695799925272
TCGA-13-0919-01	0	0.827887673863618	0.527268330939178
TCGA-13-0920-01	0	0.78673048493662	0.0827764177227052
TCGA-13-0921-01	1.21250468967326e-05	0.0530723522200296	0.0530844666215822
TCGA-13-0923-01	0	0.573133433926867	0.521777121816407
TCGA-13-0924-01	0	0.858064318125633	0.503423856690845
TCGA-13-1403-01	0.0062162528620939	0.110535504346223	0.116751746562972
TCGA-13-1404-01	0	0.0852454881811611	0.0851967218599724
TCGA-13-1405-01	0	0.850727387311821	0.0938514185256303
TCGA-13-1407-01	8.19691493457781e-07	0.0616110785073792	0.0616118875535286
TCGA-13-1408-01	0	0.16616696534486	0.166160982661492
TCGA-13-1409-01	5.25879997101486e-06	0.565178296046827	0.565183544201454
TCGA-13-1410-01	0	0.699416308332853	0.127534979775603
TCGA-13-1411-01	0	0.851301884595294	0.285427042395221
TCGA-13-1412-01	0	0.858287391310638	0.0953160581896223
TCGA-13-1477-01	2.16526298401705e-05	0.807590579556057	0.807612221540554
TCGA-13-1481-01	0	0.8541365055238	0.0824975097080481
TCGA-13-1482-01	0	0.811979175875998	0.127528443534343
TCGA-13-1483-01	0	0.731717561009877	0.601770761436232
TCGA-13-1484-01	0	0.345485571987271	0.277868560680606
TCGA-13-1485-01	9.51693759936697e-05	0.285669330426274	0.285764489156924
TCGA-13-1487-01	0	0.797599604785214	0.0915451047326741
TCGA-13-1488-01	0	0.854112489627576	0.351582511833018
TCGA-13-1489-01	0	0.561437117617245	0.0921450656791648
TCGA-13-1489-02	0	0.838752397185111	0.0921450656791648
TCGA-13-1491-01	0	0.112125610035434	0.111985038266978
TCGA-13-1492-01	0	0.968810419313609	0.288924378573516
TCGA-13-1494-01	0	0.543528881100566	0.00837786449309463
TCGA-13-1495-01	0	0.514144984966166	0.109609561673593
TCGA-13-1496-01	0	0.682676323810544	0.617168453233955
TCGA-13-1497-01	0	0.489850436215861	0.289504347563841
TCGA-13-1498-01	0	0.950060434150558	0.152138083823802
TCGA-13-1499-01	0	0.301410824256111	0.1857262627909
TCGA-13-1500-01	0	0.158108258912354	0.148429118205379
TCGA-13-1501-01	0	0.896219647768771	0.217729392607219
TCGA-13-1504-01	0.00150612456983628	0.564127227999989	0.565633341924481
TCGA-13-1505-01	0.000119643022012623	0.224984045556707	0.225103677933376
TCGA-13-1506-01	0	0.801123479806277	0.074878317596197
TCGA-13-1507-01	0	0.993567902141525	0.0208116263678828
TCGA-13-1509-01	0	0.903615489916672	0.111668328635525
TCGA-13-1510-01	0	0.617164173805638	0.367610077994071
TCGA-13-1511-01	2.77843480249975e-06	0.405353124106689	0.405355891896148
TCGA-13-1512-01	0	0.791739215130066	0.0701593323776724
TCGA-13-1817-01	1	1.06453440507082e-08	1
TCGA-13-1817-02	1	1.06453440507082e-08	1
TCGA-13-1819-01	0	0.427267565538939	0.0368182744278365
TCGA-13-1819-02	0.388483415421533	1.06453440507082e-08	0.388483415421533
TCGA-13-2057-01	0	0.988811360149118	0.0732337822627511
TCGA-13-2059-01	0	0.63225745134431	0.195724721238625
TCGA-13-2061-01	0	0.915476521635102	0.124675384869907
TCGA-13-2065-01	0	0.649013723243048	0.174139093194037
TCGA-13-2071-01	0	0.916060429402734	0.916052722173627
TCGA-13-A5FT-01	1.74157828999601e-05	0.852081964763464	0.85209936990102
TCGA-13-A5FU-01	0.165977446284366	0.46523760232318	0.631215037962202
TCGA-20-0987-01	0	0.755626822822225	0.0797857466954643
TCGA-20-0990-01	1.01130768673363e-05	0.78257188127533	0.782581983706854
TCGA-20-0996-01	0	0.701207344891402	0.40381914067142
TCGA-20-1682-01	0	0.941240841105242	0.64179819193302
TCGA-20-1683-01	0	0.565270708278706	0.0394344209599756
TCGA-20-1684-01	0	0.617167399344892	0.245927120633177
TCGA-20-1685-01	0	0.473061823761837	0.457207755418451
TCGA-20-1686-01	0	0.623932430339184	0.55996363167233
TCGA-20-1687-01	0	0.544492540227238	0.370996787756781
TCGA-23-1021-01	0	0.379858834434252	0.37981445399482
TCGA-23-1022-01	0	0.355927792247935	0.143640448564566
TCGA-23-1023-01	0	0.960779412066376	0.0893024820332939
TCGA-23-1024-01	0	0.721514648083927	0.500482431025276
TCGA-23-1026-01	0	0.701909841791984	0.283114767209585
TCGA-23-1027-01	0	0.402369947401674	0.402256510615255
TCGA-23-1028-01	0	0.556851124682198	0.146961859786745
TCGA-23-1029-01	0.000116161994501446	0.854339544171264	0.854455695520421
TCGA-23-1031-01	0	0.79939949827003	0.363807348185072
TCGA-23-1032-01	4.99585997246411e-05	0.67382022788041	0.67387017583479
TCGA-23-1109-01	0.00179041912859321	0.154516285625269	0.156306694108518
TCGA-23-1110-01	0	0.507579873533525	0.0446919647803902
TCGA-23-1111-01	9.58080966379225e-07	0.959080521606104	0.959081469041727
TCGA-23-1113-01	0	0.395468113090728	0.258548527987903
TCGA-23-1114-01	0	0.343720818783233	0.23255808011901
TCGA-23-1116-01	0	0.913230481780275	0.295370091827057
TCGA-23-1117-01	0	0.970726315112766	0.354063749919747
TCGA-23-1118-01	0	0.366270467896192	0.0713375377687493
TCGA-23-1119-01	0	0.541783332097231	0.12826152450844
TCGA-23-1120-01	0	0.341258912641336	0.00829640632026429
TCGA-23-1121-01	0	0.773237713588316	0.28181630136654
TCGA-23-1122-01	0	0.58127586599049	0.283314282248162
TCGA-23-1124-01	0	0.78671691212293	0.24041594084493
TCGA-23-1809-01	0	0.822257372675218	0.0442269122793096
TCGA-23-2072-01	0	0.859872951437931	0.80918353819748
TCGA-23-2077-01	0	0.688495845989805	0.0615953872702187
TCGA-23-2078-01	0	0.511069332157207	0.308860159257967
TCGA-23-2079-01	0	0.678708112127963	0.512786213248959
TCGA-23-2081-01	0	0.283963147905314	0.137662140433145
TCGA-23-2084-01	4.06652143507627e-06	0.088510404562356	0.088514460438447
TCGA-23-2641-01	0.000267240717555378	0.405742488211426	0.406009718283637
TCGA-23-2643-01	0	0.904966586340804	0.505463100091751
TCGA-23-2645-01	0	0.488517703010251	0.110455398132089
TCGA-24-0966-01	0	0.232552661638878	0.0544989241336241
TCGA-24-0968-01	4.45188289044213e-05	0.143775814759772	0.143820322943332
TCGA-24-0970-01	0	0.251392280599006	0.127608496521756
TCGA-24-0975-01	0.197718136433306	1.06453440507082e-08	0.197718136433306
TCGA-24-0979-01	0	0.674243603859452	0.346136949945624
TCGA-24-0980-01	0	0.0616331356602942	0.0615953872702187
TCGA-24-0982-01	0	0.915302491550232	0.388263535839749
TCGA-24-1104-01	0	0.95901497822266	0.457065437813567
TCGA-24-1105-01	0	0.543365421842358	0.517605158248309
TCGA-24-1417-01	0	0.852682351523718	0.376142896115462
TCGA-24-1418-01	0	0.753637176079346	0.0141270741747668
TCGA-24-1419-01	0.006721949286837	0.764393636251638	0.771115574893131
TCGA-24-1422-01	0	0.972715120873464	0.250024534856747
TCGA-24-1423-01	0	0.395726986567843	0.00780842374805513
TCGA-24-1424-01	0	0.684139047312604	0.55458384736595
TCGA-24-1425-01	0	0.82953494505049	0.749573124364094
TCGA-24-1426-01	2.86359755506679e-06	0.0170421951951366	0.0170450481473476
TCGA-24-1427-01	0	0.934387645371355	0.198024488144978
TCGA-24-1428-01	0	0.919996864733264	0.29175758367126
TCGA-24-1430-01	0	0.79461475676118	0.794305339190416
TCGA-24-1431-01	0	0.195766930027866	0.195724721238625
TCGA-24-1434-01	0.000445060544915363	0.957606482103298	0.958051532002869
TCGA-24-1435-01	0	0.811089576408027	0.418533156536878
TCGA-24-1436-01	0	0.895688019285872	0.120351852892927
TCGA-24-1463-01	0	0.970463055753893	0.0221899429368041
TCGA-24-1466-01	0	0.513923668262932	0.137659255544902
TCGA-24-1467-01	4.96073033703021e-06	0.312883268979922	0.312888219064915
TCGA-24-1469-01	0	0.752941513489658	0.202595715987798
TCGA-24-1470-01	0	0.643309085617	0.0618329168324724
TCGA-24-1471-01	0	0.617237552162319	0.386110706617607
TCGA-24-1474-01	0	0.93927854225128	0.128509486507883
TCGA-24-1544-01	4.29007366056475e-06	0.617164173805638	0.617168453233955
TCGA-24-1545-01	0	0.93019571113778	6.39678725219417e-05
TCGA-24-1546-01	0	0.805845328622357	0.805796732626673
TCGA-24-1548-01	0	0.395415588963082	0.0165861805911723
TCGA-24-1550-01	0	0.675261437142102	0.185726454407093
TCGA-24-1552-01	0	0.108708050065607	7.24415664022926e-05
TCGA-24-1553-01	3.73651576887898e-06	0.831869522231955	0.83187324810238
TCGA-24-1556-01	0	0.395415163149319	0.167401740094329
TCGA-24-1557-01	0	0.866906543172443	0.354285343401927
TCGA-24-1562-01	0	0.870277902349003	0.00758708575413336
TCGA-24-1563-01	0	0.617164173805638	0.147797583168374
TCGA-24-1564-01	0.00110963872991635	0.175289759080002	0.176399387164574
TCGA-24-1565-01	0	0.277865675792363	0.205438288988325
TCGA-24-1567-01	0	0.399951048449824	0.160233037652869
TCGA-24-1603-01	0.000935736389174447	0.800193257705332	0.801128983449162
TCGA-24-1604-01	0	0.740243970634137	0.533743063400657
TCGA-24-1614-01	0	0.968439801659782	0.193261292812527
TCGA-24-1843-01	0	0.753889066210751	0.0820739208221237
TCGA-24-1844-01	0	0.316040475769808	0.149049422404389
TCGA-24-1846-01	0	0.800783733650255	0.0364363620639495
TCGA-24-1847-01	0	0.37766434998076	0.0900705116719758
TCGA-24-1849-01	0	0.928262612462604	0.498216654702542
TCGA-24-1850-01	0	0.729211242492517	0.364022511879432
TCGA-24-1852-01	0.617612406663087	1.06453440507082e-08	0.617612406663087
TCGA-24-1852-02	0.000108901869845105	0.0945326673194463	0.0946415585439473
TCGA-24-1920-01	0	0.585692480856025	0.057259059589666
TCGA-24-1924-01	0	0.826551448985153	0.202575702740945
TCGA-24-1927-01	0	0.571377388614279	0.00780003521692729
TCGA-24-1928-01	0.000118770103798811	0.431841933758261	0.431960693216715
TCGA-24-1930-01	0	0.335327252407634	0.316312560118915
TCGA-24-2019-01	0	0.915250095166715	0.841350670184555
TCGA-24-2020-01	0	0.898858213395524	0.0141011634072983
TCGA-24-2023-01	0	0.816799909293152	0.16135924053816
TCGA-24-2024-01	0	0.617164173805638	0.245246042164867
TCGA-24-2026-01	0	0.821164425844805	0.100849444165601
TCGA-24-2027-01	0	0.836300210242352	0.0616118875535286
TCGA-24-2030-01	0	0.703073345962899	0.617149419358756
TCGA-24-2033-01	9.68726310450105e-06	0.895688019285872	0.895697695903632
TCGA-24-2035-01	0.493611851444522	1.06453440507082e-08	0.493611851444522
TCGA-24-2254-01	0	0.400602767059188	0.400256324981745
TCGA-24-2260-01	7.44961178080202e-05	0.845169336073629	0.845243821546093
TCGA-24-2261-01	0	0.896871621866393	0.05622635476135
TCGA-24-2262-01	0	0.777469472054061	0.138248475339225
TCGA-24-2267-01	0	0.9649408260985	0.0615953872702187
TCGA-24-2271-01	0	0.883956796893041	0.0626318499049919
TCGA-24-2280-01	0	0.987004312993086	0.983051260280462
TCGA-24-2281-01	3.91748661808394e-05	0.995545040605121	0.995584204825958
TCGA-24-2288-01	0	0.911052497610094	0.0603163598254466
TCGA-24-2289-01	0	0.911050890163139	0.0452315559806549
TCGA-24-2290-01	0	0.876233248473263	0.00115411497744444
TCGA-24-2293-01	0	0.591175024668722	0.113774073500842
TCGA-24-2297-01	0	0.853342256402671	0.130533677392273
TCGA-24-2298-01	0	0.797897216669404	0.0130608365126275
TCGA-25-1313-01	0	0.0160710949729588	0.0160119813773332
TCGA-25-1314-01	0	0.659311241341756	0.397718027850796
TCGA-25-1315-01	0	0.379874951485175	0.254896834320581
TCGA-25-1317-01	0.00689498935470916	0.356912369475706	0.363807348185072
TCGA-25-1318-01	0	0.91600898045484	0.0204952467420962
TCGA-25-1319-01	0.000124220519963102	0.806029556946848	0.806153766821467
TCGA-25-1320-01	0	0.814974094395523	0.8052564388337
TCGA-25-1321-01	0	0.179328506812397	0.0615953872702187
TCGA-25-1323-01	3.21489390940584e-06	0.284789333058655	0.28479253730722
TCGA-25-1329-01	4.76911414375436e-05	0.565178296046827	0.56522597654292
TCGA-25-1625-01	0	0.982217783066432	0.441220609628835
TCGA-25-1626-01	5.03205414230511e-05	0.259743851092246	0.259794160988325
TCGA-25-1627-01	0	0.520970406997372	0.0677237308809754
TCGA-25-1628-01	0.00267578174962425	0.223638037607041	0.226313808711321
TCGA-25-1630-01	0.10501900188594	1.06453440507082e-08	0.10501900188594
TCGA-25-1631-01	1.17098784779683e-07	0.137662033979704	0.137662140433145
TCGA-25-1632-01	0	0.215398690330997	0.21526070538115
TCGA-25-1633-01	1.80970849204965e-06	0.701207344891402	0.70120914395455
TCGA-25-1634-01	0	0.536882886343675	0.0920124672734179
TCGA-25-1635-01	0	0.936648503545128	0.728661410471257
TCGA-25-1871-01	7.52625825811236e-06	0.00834913270944737	0.00835664832236138
TCGA-25-1877-01	0	0.18930614296712	0.0219537333972153
TCGA-25-1878-01	0	0.882982173061976	7.24415664022926e-05
TCGA-25-2042-01	0	0.737112110408484	0.0846648804701913
TCGA-25-2391-01	0	0.980091631076531	0.116490488528785
TCGA-25-2392-01	0	0.85743681767403	0.823504921837573
TCGA-25-2393-01	0	0.909923867586355	0.0410824160302445
TCGA-25-2396-01	0	0.93248336364258	0.187490568890487
TCGA-25-2397-01	0	0.873700540147952	0.0967080646710188
TCGA-25-2398-01	5.42912547614894e-06	0.232552661638878	0.23255808011901
TCGA-25-2399-01	0	0.582423806668373	0.185552860781329
TCGA-25-2400-01	0	0.981672634996562	0.527426116228996
TCGA-25-2401-01	0	0.972554578439531	0.127608496521756
TCGA-25-2404-01	0	0.983232518553956	0.05622635476135
TCGA-25-2408-01	9.58080966379225e-07	0.316633740794878	0.3166346882305
TCGA-29-1688-01	0	0.873076084264754	0.0580379687699883
TCGA-29-1690-01	0	0.185720429142349	0.1697240964208
TCGA-29-1691-01	0	0.967636205926559	0.246944485520687
TCGA-29-1692-01	0	0.482873105124763	0.0471968355309564
TCGA-29-1692-02	0.000199972788371486	0.165464010694483	0.16566397283751
TCGA-29-1693-01	0	0.378628945897711	0.378613424986055
TCGA-29-1694-01	0	0.264833528482007	0.264700653297314
TCGA-29-1695-01	0.000889918828293379	0.356609818151868	0.357499726334817
TCGA-29-1696-01	0.00167158515272998	0.821652387126326	0.823323961633712
TCGA-29-1697-01	0	0.631724939297853	0.184255895931798
TCGA-29-1698-01	0	0.818176043566539	0.672891336447473
TCGA-29-1701-01	2.07477755941457e-05	0.0583410097796541	0.0583617469099041
TCGA-29-1702-01	0	0.938810242920258	0.00802813300433403
TCGA-29-1703-01	0	0.836579001158224	0.836491368685833
TCGA-29-1704-01	0.240542907863664	1.06453440507082e-08	0.240542907863664
TCGA-29-1704-02	0	0.429154580519631	0.0615953872702187
TCGA-29-1707-01	0.00229291130477097	0.349141427984125	0.351434328643552
TCGA-29-1707-02	0	0.349199370591903	0.202309654301926
TCGA-29-1710-01	0	0.35545012501413	0.0982704179482374
TCGA-29-1710-02	0	0.617164173805638	0.181262925510237
TCGA-29-1711-01	0	0.0852256346144689	0.085180583518361
TCGA-29-1761-01	0	0.659880863057644	0.527478831972835
TCGA-29-1763-01	0	0.534897455157047	0.0772684315376791
TCGA-29-1764-01	1.06453440708803e-06	0.617167399344892	0.617168453233955
TCGA-29-1766-01	0	0.958743181297842	0.349557650291952
TCGA-29-1768-01	0	0.693623591129963	0.693599511361675
TCGA-29-1769-01	0	0.792295689846027	0.144440456816837
TCGA-29-1770-01	0.385580877197855	0.253665498017246	0.639246364569757
TCGA-29-1770-02	0.385580877197855	0.253665498017246	0.639246364569757
TCGA-29-1771-01	0	0.89560153651064	0.374148288642245
TCGA-29-1774-01	8.4736938804207e-06	0.971746288109573	0.97175475115811
TCGA-29-1775-01	0.521314496453775	0.000410942217168198	0.521725428025599
TCGA-29-1776-01	0	0.161475359951285	0.00926449391007012
TCGA-29-1777-01	0	0.761641048344542	0.219539377878215
TCGA-29-1781-01	0	0.9320280942127	0.0615953872702187
TCGA-29-1784-01	0	0.690614972052618	0.0920124672734179
TCGA-29-1785-01	5.40144758156465e-05	0.527425041049245	0.527479044879717
TCGA-29-2425-01	0	0.772852969562907	0.0953168246543954
TCGA-29-2427-01	1	1.06453440507082e-08	1
TCGA-29-2428-01	4.29007366056475e-06	0.617164173805638	0.617168453233955
TCGA-29-2429-01	0	0.962755635030383	0.0792404921721538
TCGA-29-2431-01	2.86359755506679e-06	0.612337745129407	0.612340598081617
TCGA-29-2432-01	0	0.789859492210062	0.0419420169186241
TCGA-29-2434-01	0	0.689777353799745	0.500740836107253
TCGA-29-2436-01	0.00035855647899539	0.0129477190865303	0.0133062649201816
TCGA-30-1718-01	0	0.627219350646573	0.124948565689454
TCGA-30-1853-01	0	0.903291222090928	0.0615953872702187
TCGA-30-1855-01	0	0.827847530271127	0.18638053628284
TCGA-30-1856-01	0	0.430170497640348	0.00676203965260791
TCGA-30-1857-01	0	0.664009500075374	0.541947972988632
TCGA-30-1859-01	0	0.550747105682643	0.213925396002275
TCGA-30-1860-01	0	0.920117806487253	0.0774043725814644
TCGA-30-1861-01	0	0.898172908725617	0.0615953872702187
TCGA-30-1862-01	0	0.806264701952029	0.805442593965467
TCGA-30-1867-01	5.49619114379549e-05	0.0671308277976036	0.0671857790636975
TCGA-30-1880-01	0	0.982130778669341	0.932502802040853
TCGA-30-1887-01	5.42912547614894e-06	0.232552661638878	0.23255808011901
TCGA-30-1891-01	0	0.174620624687739	0.0616118875535286
TCGA-30-1892-01	0.218109803977592	0.30151113533329	0.519620928665539
TCGA-31-1944-01	0	0.487070425902439	0.153522702436414
TCGA-31-1946-01	0	0.773237713588316	0.011469070149741
TCGA-31-1951-01	2.89553358727944e-06	0.277865675792363	0.277868560680606
TCGA-31-1953-01	0	0.929889785239871	0.339778752065689
TCGA-31-1955-01	0.106313422498238	0.19189208865813	0.298205500511024
TCGA-31-1956-01	1	1.06453440507082e-08	1
TCGA-31-1959-01	0	0.776829953009003	0.196753732132548
TCGA-36-1568-01	0	0.988811360149118	0.0399727985910163
TCGA-36-1569-01	0.149704313326286	0.270976967190656	0.420681269871597
TCGA-36-1570-01	0	0.890934064112074	0.151928849586089
TCGA-36-1574-01	0	0.821684610582828	0.0772684315376791
TCGA-36-1577-01	0.213220216474988	0.308192344888368	0.521412550718012
TCGA-36-1578-01	0	0.838223728107863	0.0792281861544079
TCGA-36-1580-01	0	0.339050227298854	0.0161949961325997
TCGA-36-1581-01	0	0.625101555251768	0.353761060206436
TCGA-36-2529-01	0	0.975832854727535	0.823504921837573
TCGA-36-2530-01	0	0.654537209049041	0.00834992046490857
TCGA-36-2532-01	0	0.573050655731372	0.434041400232777
TCGA-36-2533-01	2.00238921973258e-05	0.773237713588316	0.77325772683517
TCGA-36-2534-01	0	0.891382190516082	0.0160831561477911
TCGA-36-2537-01	0	0.289032386234459	0.288930063187249
TCGA-36-2538-01	0	0.525876558655351	0.0605545600443766
TCGA-36-2540-01	0	0.763197887333532	0.620942834491694
TCGA-36-2542-01	0	0.00780003521692729	0.00758708575413336
TCGA-36-2543-01	0	0.98307539327547	0.000696865513567957
TCGA-36-2544-01	0	0.417627067430941	0.143887697325957
TCGA-36-2545-01	0	0.760649604869845	0.124675384869907
TCGA-36-2547-01	0	0.932248729613913	0.0996317551933658
TCGA-36-2548-01	4.91814896074669e-06	0.140165425027444	0.140170332531061
TCGA-36-2549-01	0	0.705312434408047	0.0535071080718843
TCGA-36-2552-01	0	0.899786902566924	0.147649910955423
TCGA-3P-A9WA-01	0.00534683696648104	0.695681506464369	0.701028332785506
TCGA-42-2582-01	0	0.357608532396566	0.05622635476135
TCGA-42-2587-01	0	0.984963196011624	0.0130568977353213
TCGA-42-2588-01	2.00238921973258e-05	0.773237713588316	0.77325772683517
TCGA-42-2589-01	0	0.493135259390468	0.0615953872702187
TCGA-42-2590-01	0	0.807612221540554	0.0616118875535286
TCGA-42-2591-01	0	0.298064236795204	0.0684302730123038
TCGA-42-2593-01	0	0.981132245395492	0.177325776941655
TCGA-57-1582-01	0	0.764539913924516	0.27783883887996
TCGA-57-1583-01	0	0.787107585604987	0.449968367892361
TCGA-57-1584-01	0	0.0115226588117937	0.0114900308322164
TCGA-57-1585-01	0	0.947308016568967	0.178738573780021
TCGA-57-1586-01	0	0.849317422134977	0.702031773562971
TCGA-57-1992-01	0.0126016389507859	0.446285110779868	0.45888673908531
TCGA-57-1993-01	2.00238921973258e-05	0.773237713588316	0.77325772683517
TCGA-57-1994-01	0	0.936648503545128	0.51285810125747
TCGA-59-2348-01	0	0.53690837129738	0.0675171153979036
TCGA-59-2350-01	0	0.993265872439546	0.0615953872702187
TCGA-59-2351-01	0	0.896737948280895	0.428741530524337
TCGA-59-2352-01	6.9088283020013e-06	0.33223710064005	0.332243998823008
TCGA-59-2354-01	0	0.971572375123487	0.110738255569397
TCGA-59-2363-01	0	0.904813900170795	0.318908107910277
TCGA-59-A5PD-01	0	0.821088748093805	0.0536974255331835
TCGA-5X-AA5U-01	0	0.68652493505249	0.1857268908662
TCGA-61-1721-01	9.10176918060264e-06	0.446225539434448	0.446234630558284
TCGA-61-1722-01	0.0733861277817495	1.06453440507082e-08	0.0733861277817495
TCGA-61-1724-01	0	0.238470163564966	0.237452777386768
TCGA-61-1727-01	0	0.972445889476568	0.679896888345702
TCGA-61-1728-01	0	0.629820774667862	0.28442246256594
TCGA-61-1734-01	0	0.979719448557125	0.645845594330145
TCGA-61-1736-01	5.32267203544014e-07	0.182491621768243	0.182492143390102
TCGA-61-1737-01	0	0.785428133542988	0.366279910316383
TCGA-61-1738-01	0	0.238206393229578	0.231901326261901
TCGA-61-1740-01	0	0.85534881859728	0.0540936665301898
TCGA-61-1743-01	4.56685260640764e-06	0.731968610159101	0.731973166366363
TCGA-61-1895-01	0	0.271522253649998	0.00720592920967544
TCGA-61-1899-01	0	0.729455936371331	0.132153845533141
TCGA-61-1900-01	0	0.162486688928707	0.0781091369403328
TCGA-61-1901-01	0	0.56468668341229	0.390937412072785
TCGA-61-1903-01	0	0.525010698304658	0.105659628046781
TCGA-61-1904-01	0	0.832187019618869	0.832082407822684
TCGA-61-1906-01	0	0.518526406324203	0.258853996136017
TCGA-61-1907-01	0	0.997514546357019	0.79734421233561
TCGA-61-1910-01	0.000410942217168191	1.06453440507082e-08	0.000410942217168198
TCGA-61-1913-01	0	0.730453011233042	0.307739949701388
TCGA-61-1915-01	7.59758206338725e-05	0.87265202698369	0.87272799215898
TCGA-61-1916-02	0	0.972901936016564	0.0745853364366782
TCGA-61-1917-01	0	0.80284739747046	0.0586153402963606
TCGA-61-1919-01	0	0.983051686094224	0.832082407822684
TCGA-61-2008-01	0	0.832408315031414	0.212965792751694
TCGA-61-2008-02	0	0.832402651708369	0.212985497283569
TCGA-61-2012-01	0	0.733417611812653	0.556866336878875
TCGA-61-2016-01	0	0.911609962343053	0.0833852888221833
TCGA-61-2018-01	0	0.901307334479191	0.167414716768751
TCGA-61-2087-01	0.000115544564545335	0.141072802220014	0.141188336139215
TCGA-61-2094-01	0	0.824323953319698	0.342692670162179
TCGA-61-2095-01	1.00066234266275e-06	0.0821652685195959	0.0821662585365945
TCGA-61-2095-02	0	0.983294368003008	0.448274459453114
TCGA-61-2096-01	0	0.934465420255137	0.3329629960069
TCGA-61-2097-01	0	0.882599483587972	0.128141029858902
TCGA-61-2098-01	0	0.972554440050058	0.126086350709093
TCGA-61-2101-01	1.76393351254486e-05	0.556833495992416	0.556851124682198
TCGA-61-2104-01	0.780653781889951	0.219346228755393	1
TCGA-61-2109-01	0	0.0699601047633859	0.068985257380095
TCGA-61-2111-01	0	0.823914011764872	0.822995936001511
TCGA-61-2113-01	0	0.526339215954015	0.202550941670636
TCGA-61-2610-02	0	0.355403434535036	0.0677237308809754
TCGA-61-2612-01	0	0.355025407721734	0.0881982617835096
TCGA-61-2613-01	0	0.98304749182866	0.631941305916094
TCGA-72-4231-01	0	0.82467264156474	0.23973313783088
TCGA-72-4232-01	0	0.764393636251638	0.0561369232258105
TCGA-72-4233-01	0	0.753637176079346	0.014129511958559
TCGA-72-4234-01	0	0.918266506635919	0.12850906069412
TCGA-72-4235-01	0.000103845331411437	0.120063811173057	0.120167645859125
TCGA-72-4236-01	0	0.853138664197316	0.19756914419769
TCGA-72-4237-01	6.32333437810288e-06	0.185720578177166	0.1857268908662
TCGA-72-4238-01	0	0.835207625353637	0.010498874781809
TCGA-72-4240-01	0	0.106575393770479	6.39678725219417e-05
TCGA-72-4241-01	0	0.781210288541945	0.781183824216584
TCGA-OY-A56P-01	0	0.896885226616115	0.111985038266978
TCGA-OY-A56Q-01	0	0.849317422134977	0.0175421857154577
TCGA-VG-A8LO-01	0	0.821070171968401	0.0543280663612865
TCGA-WR-A838-01	0	0.772852969562907	0.415555100242362
