Sample	percent	start	end
TCGA-04-1332-01	0	0.797100170154011	0.21675809553983
TCGA-04-1335-01	0	0.997000280897592	0.0490060725373199
TCGA-04-1336-01	0	0.371314400580647	0.278669688751829
TCGA-04-1337-01	0	0.567413509411309	0.0071435229943625
TCGA-04-1338-01	0	0.761595313496299	0.0535432476953045
TCGA-04-1341-01	0	0.735672266381738	0.397050143641691
TCGA-04-1343-01	0	0.905689262364656	0.236358659936588
TCGA-04-1346-01	0	0.81764058867142	0.713883700068283
TCGA-04-1347-01	0	0.926674475369382	0.10993358251136
TCGA-04-1348-01	0	0.450364981460092	0.00232319258285307
TCGA-04-1349-01	0	0.948764901606708	0.152440197372992
TCGA-04-1350-01	6.74959023728974e-06	0.76017827387383	0.760185011766337
TCGA-04-1351-01	0	0.159996463074343	0.157812567060893
TCGA-04-1353-01	0	0.950179484705867	0.225406426225206
TCGA-04-1356-01	0	0.668103112823284	0.347031667661968
TCGA-04-1357-01	0.526684996307787	0.0425702505130887	0.569255235123146
TCGA-04-1360-01	0	0.731120656224875	0.0655848910059909
TCGA-04-1361-01	0	0.892065208621821	0.108833527977713
TCGA-04-1362-01	0	0.776007150869169	0.284219489609088
TCGA-04-1364-01	0	0.915966642331879	0.0948694680133234
TCGA-04-1365-01	0	0.852042735410764	0.335151675282805
TCGA-04-1367-01	0.000105080709014859	0.180301757217801	0.180406826229085
TCGA-04-1371-01	0	0.932370275595362	0.349558681493165
TCGA-04-1516-01	0	0.943760542506094	0.353812911956766
TCGA-04-1517-01	3.25664804516718e-05	0.0919308110617619	0.0919633658444835
TCGA-04-1519-01	0	0.942891623420451	0.224205467072171
TCGA-04-1525-01	0	0.778310948615603	0.00270717057165559
TCGA-04-1530-01	0	0.920220439979468	0.920175310136945
TCGA-04-1536-01	0	0.926674451973922	0.513858844731479
TCGA-04-1542-01	0	0.993451622417254	0.522774573828007
TCGA-04-1638-01	0	0.92592454559378	0.028172696068607
TCGA-04-1644-01	0	0.899035394652343	0.0146082422603636
TCGA-04-1646-01	3.28706214329015e-06	0.346261781558905	0.346265056923318
TCGA-04-1648-01	0	0.999824229908309	0.173986702558578
TCGA-04-1649-01	0	0.822615551376425	0.139013519429245
TCGA-04-1651-01	0	0.328319241721321	0.124067399934196
TCGA-04-1652-01	0	0.953225187585091	0.430762124308244
TCGA-04-1654-01	0	0.875881328915007	0.182274462412977
TCGA-04-1655-01	0	0.159270548738528	0.159072868798459
TCGA-09-0365-01	0	0.796762222732945	0.784410998996557
TCGA-09-0367-01	0	0.810871650388632	0.0607841425945806
TCGA-09-0369-01	0	0.957960487196887	0.0739653904642047
TCGA-09-1659-01	0	0.9651930650101	0.0906482134507262
TCGA-09-1661-01	0	0.541025395643258	0.356427553483747
TCGA-09-1665-01	0	0.820396819522894	0.0247848345854993
TCGA-09-1666-01	0.62643916734107	0.0183330100665635	0.644772165709903
TCGA-09-1667-01	0	0.915649259520236	0.0739653904642047
TCGA-09-1668-01	0	0.375805346309485	0.0934791577040122
TCGA-09-1669-01	7.02916598542011e-05	0.520355413067845	0.52042569302997
TCGA-09-1670-01	5.05341938043183e-06	0.117194012619815	0.117199054341466
TCGA-09-1672-01	0	0.135256699842716	0.135237188028997
TCGA-09-1673-01	0	0.994783982171911	0.096037018449344
TCGA-09-1674-01	0	0.985636345577195	0.0519282005963245
TCGA-09-1675-01	0	0.334752806083653	0.252562285411722
TCGA-09-2043-01	0	0.389518981269022	0.152452468291811
TCGA-09-2044-01	0	0.326506339216321	0.313015312059584
TCGA-09-2049-01	0	0.991503611130208	0.00468371262228706
TCGA-09-2050-01	0	0.988419785348759	0.219266650353012
TCGA-09-2051-01	0	0.958946325094353	0.0510536549025286
TCGA-09-2053-01	0	0.488754100624646	0.0202716514718417
TCGA-09-2054-01	0	0.705624798513911	0.00250161805926452
TCGA-09-2055-01	2.40505329772404e-05	0.487305921644791	0.487329960480038
TCGA-10-0925-01	0	0.786432729378361	0.300014162441768
TCGA-10-0926-01	1	1.16977300068655e-08	1
TCGA-10-0928-01	0	0.568647023347067	0.10993358251136
TCGA-10-0930-01	0	0.526855011116294	0.302200538373988
TCGA-10-0931-01	0.384117144999131	0.264167498112074	0.648284631413475
TCGA-10-0933-01	0	0.104465385018911	0.104451640186106
TCGA-10-0934-01	0	0.941919635635361	0.106881317205579
TCGA-10-0935-01	0	0.376704059513559	0.200292464307096
TCGA-10-0936-01	0	0.430143829088865	0.182304619161039
TCGA-10-0937-01	0	0.525231775606281	0.375166778923933
TCGA-10-0938-01	0	0.11226575895089	0.0619565124953807
TCGA-13-0714-01	0	0.462434722718352	0.206376184656904
TCGA-13-0717-01	0	0.705009228865632	0.0682006672127868
TCGA-13-0720-01	0.619965035250934	0.380034976446796	1
TCGA-13-0723-01	0	0.333262655648388	0.0633087349956579
TCGA-13-0724-01	0	0.479544197012889	0.0315263884822465
TCGA-13-0725-01	0	0.986933296302999	0.032070134068035
TCGA-13-0726-01	0	0.206545275344738	0.0247848345854993
TCGA-13-0730-01	0	0.299956656400856	0.150518435792172
TCGA-13-0751-01	0	0.926745784731751	0.0207607803560393
TCGA-13-0755-01	0	0.660383359646792	0.0121632529122581
TCGA-13-0757-01	0	0.742626824244917	0.0938026818239301
TCGA-13-0758-01	0	0.577452208894647	0.0765863019744915
TCGA-13-0760-01	0	0.926745784731751	0.0608337526677112
TCGA-13-0761-01	0	0.993757904083082	0.333676638314761
TCGA-13-0762-01	5.36925809170882e-06	0.846914041137477	0.846919398697839
TCGA-13-0764-01	0	0.773374073719633	0.00581076551688386
TCGA-13-0766-01	0	0.8517795364847	0.338883064004212
TCGA-13-0791-01	0	0.552747527155432	0.064497657184475
TCGA-13-0791-02	0	0.768216135121228	0.0741808392562158
TCGA-13-0792-01	0	0.168561400642212	0.167932776327201
TCGA-13-0793-01	5.68509680298581e-06	0.860536597570866	0.860542270969939
TCGA-13-0794-01	0	0.74121033441576	0.0247848345854993
TCGA-13-0795-01	0	0.331077133650461	0.331020399659732
TCGA-13-0797-01	0	0.993451622417254	0.667813640795534
TCGA-13-0799-01	0	0.638322902993848	0.112760374070479
TCGA-13-0800-01	0	0.753350776754425	0.729651971124247
TCGA-13-0801-01	0	0.678257175320349	0.548599570569311
TCGA-13-0803-01	0	0.651339130985695	0.157300288368932
TCGA-13-0804-01	0	0.321681668946964	0.302679583814885
TCGA-13-0807-01	0	0.943808491501558	0.433766721364083
TCGA-13-0884-01	0	0.868868329192512	0.146151544490486
TCGA-13-0885-01	0	0.391448030535661	0.391422295529557
TCGA-13-0886-01	0	0.644616106293342	0.313015312059584
TCGA-13-0887-01	0	0.838006746104314	0.317364095275157
TCGA-13-0888-01	0	0.313015312059584	0.00386784274240837
TCGA-13-0890-01	0	0.621063662661516	0.353723237158223
TCGA-13-0891-01	0.000122229581264195	0.755805744266261	0.755927962149795
TCGA-13-0893-01	0	0.622701216193107	0.398748747626399
TCGA-13-0897-01	0	0.889822087001142	0.858861178487112
TCGA-13-0900-01	0	0.777028701936469	0.774728390113589
TCGA-13-0901-01	0.000144420175163915	0.00528593516058196	0.00543034363801576
TCGA-13-0903-01	0	0.846492688901174	0.515572562183408
TCGA-13-0904-01	0	0.518918276745155	0.518643578950454
TCGA-13-0905-01	0	0.860060710517082	0.57093322770751
TCGA-13-0906-01	0	0.844546046248543	0.351414140340077
TCGA-13-0910-01	0	0.840207404964921	0.302839760832423
TCGA-13-0911-01	0	0.926674451973922	0.57595905214276
TCGA-13-0912-01	0	0.800781410706705	0.442820670838849
TCGA-13-0913-01	0	0.387145827681136	0.384592774702854
TCGA-13-0913-02	0	0.513585632548494	0.00621006753204834
TCGA-13-0916-01	0	0.677530418747971	0.365243968852173
TCGA-13-0919-01	0	0.539944595573268	0.323902038482701
TCGA-13-0920-01	0	0.857259560382226	0.476338235232016
TCGA-13-0921-01	0	0.99373025064925	0.207968982673334
TCGA-13-0923-01	0	0.926674451973922	0.254203009028156
TCGA-13-0924-01	0.386965320008777	0.55794342488784	0.944908733198887
TCGA-13-1403-01	0	0.859217081923801	0.375755233233962
TCGA-13-1404-01	1.17328232374378e-05	0.480764796654674	0.480776517780181
TCGA-13-1405-01	0	0.490524095855832	0.0670621388450137
TCGA-13-1407-01	0	0.464958519673786	0.0901241317491472
TCGA-13-1408-01	0.199390838368241	0.411000166330024	0.610390993000535
TCGA-13-1410-01	3.27536441324285e-07	0.636701585911563	0.636701901750274
TCGA-13-1412-01	0.0645887591060833	0.338330042118496	0.402918789526849
TCGA-13-1481-01	0	0.115328926541074	0.00632805083730537
TCGA-13-1482-01	0.558077773317433	1.16977300068655e-08	0.558077773317433
TCGA-13-1487-01	0	0.821641036881644	0.0889855799859138
TCGA-13-1488-01	0	0.847840360984463	0.161929360894168
TCGA-13-1489-01	0	0.787875632681965	0.0872717104634944
TCGA-13-1489-02	0	0.843070389300807	0.0872616153224636
TCGA-13-1491-01	0	0.822954844036446	0.299953521409203
TCGA-13-1492-01	0	0.642477901613457	0.229391328152198
TCGA-13-1494-01	0	0.305459771617496	0.283171688835561
TCGA-13-1496-01	0	0.843070389300807	0.140881249194977
TCGA-13-1497-01	0	0.995524670740775	0.180602014552655
TCGA-13-1498-01	0	0.919094685532906	0.322268731227117
TCGA-13-1499-01	0	0.630473620852542	0.155777711825976
TCGA-13-1501-01	0	0.408511439169271	0.146149286828586
TCGA-13-1504-01	0	0.918824620039304	0.240843569636721
TCGA-13-1505-01	0	0.943760542506094	0.265036054568086
TCGA-13-1506-01	0	0.843051918585062	0.043884853113534
TCGA-13-1507-01	0	0.896211176593834	0.49121370043758
TCGA-13-1509-01	0	0.692257123920523	0.00466041074403278
TCGA-13-1510-01	0	0.361593797470485	0.011259965895736
TCGA-13-1512-01	0	0.957587586958439	0.446641781149719
TCGA-13-1817-01	1	1.16977300068655e-08	1
TCGA-13-1817-02	0.899795641825847	1.16977300068655e-08	0.899795641825847
TCGA-13-1819-01	0	0.845062840264303	0.0203415571066043
TCGA-13-1819-02	0	0.845062840264303	0.0203938459599158
TCGA-13-2057-01	0	0.848886243330261	0.8482231458048
TCGA-13-2059-01	0	0.89966546948588	0.228734067794031
TCGA-13-2060-01	0	0.824652102782199	0.448466931178078
TCGA-13-2061-01	0	0.843559424603164	0.311804526813309
TCGA-13-2065-01	0	0.87382682149361	0.252070629817834
TCGA-13-2071-01	0	0.568045631347605	0.0877200025720969
TCGA-13-A5FT-01	0	0.447475174229208	0.110301932332819
TCGA-13-A5FU-01	0	0.942036250306203	0.000208956551834838
TCGA-20-0987-01	0	0.856394162313327	0.412931180815311
TCGA-20-0990-01	0	0.477045093965584	0.180970188908163
TCGA-20-0991-01	4.33985784754678e-06	0.0391039206568238	0.0391082488169413
TCGA-20-1683-01	0	0.145612782137697	0.143487374774484
TCGA-20-1684-01	0	0.782620193503617	0.00527321972802053
TCGA-20-1685-01	0	0.839235779809463	0.029492703020334
TCGA-20-1687-01	0	0.879316753368487	0.280077908285843
TCGA-23-1021-01	0	0.943760542506094	0.512480103477184
TCGA-23-1022-01	0	0.985722089938442	0.019335587415727
TCGA-23-1023-01	3.21336644399219e-05	0.468445987328247	0.468478109294957
TCGA-23-1024-01	0	0.741894359180275	0.278026489065178
TCGA-23-1026-01	0	0.361678863363389	0.182273947712855
TCGA-23-1027-01	0	0.923709907945766	0.5057121010128
TCGA-23-1028-01	0.674535331946661	0.310034367813902	0.984569688062833
TCGA-23-1030-01	0	0.220916825735324	0.0398526923571512
TCGA-23-1031-01	0	0.433557647834947	0.0536000752678742
TCGA-23-1032-01	0	0.594945965318968	0.0016142165601466
TCGA-23-1109-01	0	0.950533434621638	0.129597922932336
TCGA-23-1110-01	0.927869679239235	1.16977300068655e-08	0.927869679239235
TCGA-23-1111-01	0	0.985068455876589	0.708863408659345
TCGA-23-1114-01	0	0.543140988610961	0.191967072855135
TCGA-23-1116-01	0	0.47315590286584	0.0333929718704334
TCGA-23-1117-01	0	0.646817022504011	0.27343895517934
TCGA-23-1118-01	0	0.518918276745155	0.297325135049416
TCGA-23-1119-01	0	0.694796759602441	0.0815659671669751
TCGA-23-1120-01	0	0.774538793304982	0.00822800784931721
TCGA-23-1121-01	0	0.92140826258166	0.381044303386197
TCGA-23-1122-01	0	0.942036250306203	0.112422087415242
TCGA-23-1123-01	0	0.943619222229393	0.151001984859137
TCGA-23-1124-01	0	0.926674475369382	0.315509700921679
TCGA-23-1809-01	0.411263529024308	0.0613655899643115	0.47262910729089
TCGA-23-2072-01	0	0.99024528630902	0.0600125954138512
TCGA-23-2077-01	0	0.926745784731751	0.0739015091604164
TCGA-23-2078-01	0	0.892065208621821	0.558137303065644
TCGA-23-2079-01	7.17070851899239e-06	0.672864030463884	0.672871189474673
TCGA-23-2081-01	0	0.986152168681361	0.434780867768263
TCGA-23-2641-01	0.0105922126737161	0.597047404033314	0.6076396050093
TCGA-23-2643-01	0	0.981262985430793	0.722189006517753
TCGA-23-2645-01	0	0.883430973701152	0.160639569179153
TCGA-24-0966-01	0	0.788390683735948	0.318666064327151
TCGA-24-0968-01	0	0.596946838648098	0.174693514501226
TCGA-24-0970-01	0	0.605572066316631	0.0199075362286596
TCGA-24-0975-01	0	0.843070389300807	0.843046970445252
TCGA-24-0979-01	0	0.993451622417254	0.146937854206535
TCGA-24-0980-01	0.423838998245703	1.16977300068655e-08	0.423838998245703
TCGA-24-0982-01	0	0.00597206551650609	0.0041467868131162
TCGA-24-1103-01	0.0535017909400168	0.946498220757713	1
TCGA-24-1104-01	0	0.503539072190564	0.292734992569777
TCGA-24-1416-01	4.26967146726301e-06	0.311281263952833	0.31128552192657
TCGA-24-1417-01	0	0.943760542506094	0.0357360973852872
TCGA-24-1418-01	2.21087097893893e-06	0.257688593348079	0.257690792521328
TCGA-24-1419-01	0	0.99588939426592	0.889361044366788
TCGA-24-1422-01	0	0.902242140181128	0.0692605634391822
TCGA-24-1423-01	0	0.513585632548494	0.513573092581883
TCGA-24-1424-01	0	0.240851102974872	0.240843569636721
TCGA-24-1425-01	0.00360534568014703	0.465335034510819	0.468940368493236
TCGA-24-1426-01	0.000102109485582846	0.515930910445676	0.516033008233529
TCGA-24-1427-01	0	0.994852472381338	0.238383490216855
TCGA-24-1428-01	0	0.318681060817072	0.164907135055008
TCGA-24-1431-01	0	0.590516409277418	0.586138405132187
TCGA-24-1434-01	0	0.943760542506094	0.0667952551339845
TCGA-24-1435-01	0	0.799806182650392	0.0813356505600739
TCGA-24-1436-01	2.33954600945918e-06	0.907662014350752	0.907664342199031
TCGA-24-1463-01	0	0.928664317739078	0.118939489408823
TCGA-24-1464-01	0	0.730221007202398	0.55607369481027
TCGA-24-1466-01	0	0.998791694672495	0.0663574207960443
TCGA-24-1467-01	0	0.843051918585062	0.462068583767872
TCGA-24-1469-01	0	0.584175748287122	0.00570005819971631
TCGA-24-1470-01	0	0.926745784731751	0.0729136007647321
TCGA-24-1471-01	0	0.519662147096592	0.0717054124145272
TCGA-24-1474-01	0	0.743578376095614	0.0240881996679927
TCGA-24-1544-01	0	0.641032073877342	0.391508975709207
TCGA-24-1545-01	0	0.908870366469177	0.8476419440874
TCGA-24-1546-01	0	0.784411256346618	0.0681703817896945
TCGA-24-1548-01	0	0.926745784731751	0.626156246042146
TCGA-24-1549-01	0	0.874564012441191	0.432918051049151
TCGA-24-1550-01	0	0.349888557480499	0.0764981829740452
TCGA-24-1551-01	0	0.905419840246206	0.181830650534982
TCGA-24-1552-01	0	0.803755663850801	0.397793241942946
TCGA-24-1555-01	0	0.742109199690324	0.0238490161817156
TCGA-24-1556-01	0	0.53900040159477	0.538951668851393
TCGA-24-1557-01	0	0.497925308145407	0.474556577363973
TCGA-24-1560-01	0	0.570932268493646	0.57092572946255
TCGA-24-1563-01	0.00121854084129677	0.491505687477291	0.492724216620858
TCGA-24-1564-01	0	0.756374581483001	0.308402721635985
TCGA-24-1565-01	1	1.16977300068655e-08	1
TCGA-24-1567-01	0	0.943760542506094	0.0349264156046034
TCGA-24-1603-01	1.34991804745795e-05	0.786414586199058	0.786428073681802
TCGA-24-1604-01	0	0.318251754124336	0.0876053297244432
TCGA-24-1614-01	0	0.183936160059385	0.0631703859423887
TCGA-24-1616-01	0	0.911370990221388	0.907937928709377
TCGA-24-1842-01	0	0.653240795866294	0.0153081525422835
TCGA-24-1843-01	0	0.998430889886916	0.0258259442574387
TCGA-24-1844-01	0	0.784409922805393	0.558522485920641
TCGA-24-1845-01	0	0.933620447098706	0.0247848345854993
TCGA-24-1846-01	0	0.744197361481066	0.164041725288379
TCGA-24-1847-01	0	0.31522785581392	0.103135025576092
TCGA-24-1849-01	0	0.64304982703093	0.642346653082327
TCGA-24-1850-01	0	0.737217384450495	0.239364543742732
TCGA-24-1852-01	0	0.837134621840638	0.616174303944997
TCGA-24-1852-02	0	0.837145290170441	0.837110980728212
TCGA-24-1920-01	0	0.71594811546703	0.0193772430324255
TCGA-24-1923-01	0.00108701156464497	0.95321753726964	0.954304537136555
TCGA-24-1924-01	0	0.957705289518175	0.957562284768347
TCGA-24-1927-01	0	0.993963386409093	0.229701341393912
TCGA-24-1928-01	0.624346981531191	7.87023277581955e-05	0.624425672161219
TCGA-24-1930-01	0	0.686371411047226	0.10993358251136
TCGA-24-2019-01	0	0.8558210086342	0.155945375390744
TCGA-24-2020-01	0	0.988920132356072	0.033047339040726
TCGA-24-2023-01	0	0.926745784731751	0.364275466990638
TCGA-24-2024-01	0	0.860200311227466	0.02269753842678
TCGA-24-2026-01	0	0.953292426137403	0.0121632529122581
TCGA-24-2027-01	0	0.883999846011082	0.302060586731702
TCGA-24-2030-01	0	0.926674451973922	0.0119893076664548
TCGA-24-2033-01	0	0.946263178267873	0.33697814715466
TCGA-24-2035-01	2.50331423012133e-06	0.800781410706705	0.800783902323206
TCGA-24-2254-01	0	0.655576820859008	0.051806860042544
TCGA-24-2260-01	0	0.92333981516253	0.159086169117522
TCGA-24-2261-01	0	0.926745784731751	0.813865883255648
TCGA-24-2262-01	0	0.846492688901174	0.127459601275151
TCGA-24-2267-01	0	0.983428504310339	0.0334127995228636
TCGA-24-2280-01	0	0.888767571730568	0.0303712961287264
TCGA-24-2281-01	0	0.798481110581555	0.176054334833088
TCGA-24-2288-01	0	0.846500631659876	0.116429975381776
TCGA-24-2289-01	0	0.947001129567907	0.275295794358398
TCGA-24-2290-01	0	0.943760542506094	0.188239591175565
TCGA-24-2293-01	0	0.388436449934985	0.00527321972802053
TCGA-24-2295-01	0	0.960159707236699	0.421428341735286
TCGA-24-2297-01	0	0.87031450786053	0.152649153924826
TCGA-24-2298-01	0	0.926745784731751	0.0285796133060322
TCGA-25-1312-01	0	0.687674491383575	0.0049434256247971
TCGA-25-1313-01	0.318232628335709	0.399470439081667	0.717703055719646
TCGA-25-1316-01	3.70467110597861e-05	0.811851159814142	0.811888194827472
TCGA-25-1317-01	0	0.148584473478912	0.0371200441294527
TCGA-25-1318-01	0.00122414405398942	0.0736308002916618	0.0748549326479212
TCGA-25-1320-01	0	0.969145061222468	0.165990216182357
TCGA-25-1321-01	0.91361966826384	1.16977300068655e-08	0.91361966826384
TCGA-25-1322-01	0	0.682599934204948	0.323964551152074
TCGA-25-1323-01	0	0.8428608595602	0.400747866296022
TCGA-25-1329-01	0.000844786668555616	0.871264878240492	0.872109653211318
TCGA-25-1623-01	0.00348636806783598	0.0575918788555938	0.0610782352256997
TCGA-25-1625-01	0	0.153874596426851	0.0667952551339845
TCGA-25-1626-01	1	1.16977300068655e-08	1
TCGA-25-1627-01	0	0.864858031493588	0.479283887426146
TCGA-25-1628-01	1.10660526247419e-05	0.236370650109887	0.236381704464781
TCGA-25-1630-01	0	0.556856249554974	0.00543034363801576
TCGA-25-1631-01	8.74990207537734e-06	0.313165569402042	0.313174307606387
TCGA-25-1633-01	0.00298046463875053	0.83973472308917	0.842715176030191
TCGA-25-1634-01	0	0.994749883288823	0.220835257463704
TCGA-25-1635-01	1	1.16977300068655e-08	1
TCGA-25-1870-01	0	0.292818561153235	0.108620629290852
TCGA-25-1871-01	0	0.891247981805257	0.490786791779504
TCGA-25-1877-01	0	0.925977898940526	0.882599077931108
TCGA-25-1878-01	0.118448500585547	0.0175587724079231	0.13600726129574
TCGA-25-2042-01	0	0.447606469551259	0.0247780148088818
TCGA-25-2391-01	0	0.584418710140204	0.0551748470823012
TCGA-25-2392-01	0	0.943760542506094	0.288537835331078
TCGA-25-2393-01	0	0.7429789493148	0.393864933633923
TCGA-25-2396-01	0	0.904922452764595	0.00621910987737495
TCGA-25-2397-01	0	0.444461675200804	0.331500357523572
TCGA-25-2399-01	0.000128897287391154	0.879723787583213	0.879852673172874
TCGA-25-2400-01	0	0.903257000146842	0.41493191377168
TCGA-25-2401-01	0	0.524104184616102	0.32434455191266
TCGA-25-2404-01	1	1.16977300068655e-08	1
TCGA-29-1688-01	0	0.547487642839666	0.218137772612528
TCGA-29-1691-01	0	0.995760239628468	0.310345398758129
TCGA-29-1692-01	0	0.0567042901927951	0.0566617572463431
TCGA-29-1692-02	0	0.112204872265993	0.0513998375255483
TCGA-29-1693-01	2.44014648786593e-05	0.948747132754766	0.948771522521915
TCGA-29-1694-01	0.510152383872803	0.0714655855530976	0.58161795772817
TCGA-29-1695-01	0	0.984039196005188	0.00527321972802053
TCGA-29-1697-01	0	0.892851927758422	0.0698433794433286
TCGA-29-1698-01	0	0.888027140511765	0.304361424952435
TCGA-29-1699-01	2.45652330993214e-07	0.960900501085134	0.960900735039735
TCGA-29-1701-01	0	0.659710272259871	0.193051838455611
TCGA-29-1702-01	9.4517658782151e-06	0.123701822474757	0.123711262542906
TCGA-29-1703-01	0.00231639620169558	0.550003883061489	0.552320267565455
TCGA-29-1704-01	0.000233720646344972	0.445796678642452	0.446030387591067
TCGA-29-1704-02	0	0.336039942413947	0.331576743700781
TCGA-29-1705-01	0	0.756104960503141	0.619353746971852
TCGA-29-1705-02	0	0.355998644513833	0.256686963515049
TCGA-29-1707-01	0	0.99588939426592	0.323902038482701
TCGA-29-1707-02	0	0.744617204710194	0.214434177697714
TCGA-29-1710-01	0	0.85789376451447	0.847937803075757
TCGA-29-1710-02	0	0.963393837151525	0.163915003778776
TCGA-29-1711-01	0	0.985961729636191	0.145752839059553
TCGA-29-1761-01	0	0.854274229487776	0.00498978372897452
TCGA-29-1762-01	0	0.354612557085069	0.182235263319588
TCGA-29-1763-01	0	0.988329127940893	0.187176513166596
TCGA-29-1766-01	1.13701936059716e-05	0.386813892893314	0.38682525138919
TCGA-29-1769-01	0	0.292400332210854	0.00527321972802053
TCGA-29-1770-01	0	0.926745784731751	0.51912239043675
TCGA-29-1770-02	0	0.824910739593544	0.821092857856168
TCGA-29-1771-01	0	0.953287676859004	0.115169123850898
TCGA-29-1775-01	0	0.84519311788384	0.0412367209854271
TCGA-29-1776-01	0	0.877574247802912	0.0908573571662418
TCGA-29-1777-01	0	0.951327979539641	0.697157677364697
TCGA-29-1778-01	0	0.987553474856917	0.135253085244131
TCGA-29-1781-01	0	0.89321996174117	0.00995530636583097
TCGA-29-1783-01	0.0110696555255965	0.729627733427589	0.740697377255455
TCGA-29-1784-01	0	0.400145749037297	0.101081839998191
TCGA-29-1785-01	0	0.114084124295821	0.113958853304745
TCGA-29-2425-01	0	0.981257581079511	0.0610956180525499
TCGA-29-2427-01	0	0.962544897788803	0.859002288204672
TCGA-29-2428-01	1.40372760567551e-07	0.428953152240541	0.428953280915571
TCGA-29-2429-01	0	0.991474320014169	0.0173005099239389
TCGA-29-2432-01	6.45714698610734e-06	0.135246639794875	0.135253085244131
TCGA-29-2434-01	0	0.926745784731751	0.13609380110263
TCGA-29-A5NZ-01	0	0.9564352903624	0.00883655885956769
TCGA-30-1714-01	0	0.908870366469177	0.0291452570424692
TCGA-30-1718-01	0	0.784410998996557	0.0411150645929352
TCGA-30-1853-01	0.243589447997104	0.756410563700627	1
TCGA-30-1855-01	0	0.966130790143881	0.108833527977713
TCGA-30-1856-01	0	0.926745784731751	0.0151505490253563
TCGA-30-1859-01	0	0.960913544054137	0.0651400497277523
TCGA-30-1860-01	0	0.96217560045121	0.0405435368982844
TCGA-30-1861-01	0	0.981262985430793	0.679958809017139
TCGA-30-1862-01	0	0.474682807568913	0.474556577363973
TCGA-30-1866-01	0	0.908870366469177	0.230493067158973
TCGA-30-1867-01	0.420682634840231	0.434415360495205	0.855097983637707
TCGA-30-1887-01	0	0.837300238302647	0.33058228457627
TCGA-30-1891-01	0	0.884822874901749	0.252077636758133
TCGA-31-1944-01	0	0.38629348427897	0.159064306060064
TCGA-31-1946-01	0	0.727635270766363	0.428133153061955
TCGA-31-1950-01	0	0.634381434738522	0.0121632529122581
TCGA-31-1951-01	0	0.617556671495607	0.0247848345854993
TCGA-31-1953-01	0	0.933697523441988	0.0840125240109069
TCGA-31-1956-01	0.00122083359638604	0.865515724667767	0.866736546566423
TCGA-31-1959-01	0.233528569617596	0.369193192702521	0.602721750622387
TCGA-36-1569-01	0	0.62159408453278	0.224204905581129
TCGA-36-1570-01	0	0.844191265793939	0.412931180815311
TCGA-36-1571-01	0	0.961131414276268	0.100882674446406
TCGA-36-1574-01	0	0.018562648205122	0.0184897596491972
TCGA-36-1575-01	0	0.89211931062329	0.310593086494151
TCGA-36-1576-01	0	0.387884808381414	0.262522691987854
TCGA-36-1577-01	6.50159836028707e-05	0.221054040108779	0.221119044394652
TCGA-36-1578-01	0	0.637956015388645	0.0395201492873667
TCGA-36-1580-01	0	0.944450603299314	0.111625869721842
TCGA-36-1581-01	0	0.944068871274681	0.458747878952966
TCGA-36-2529-01	0.0598912314646104	0.770546931228612	0.830438150995493
TCGA-36-2530-01	0	0.940540227610454	0.258837404020564
TCGA-36-2532-01	0	0.849485740297455	0.155577610455787
TCGA-36-2533-01	0.000115246036425959	0.742746632396061	0.742861866734757
TCGA-36-2534-01	0	0.784410998996557	0.0242640984347139
TCGA-36-2537-01	0	0.565692410691721	0.0747980933776214
TCGA-36-2538-01	0	0.751491399167947	0.224180726373121
TCGA-36-2542-01	0	0.483488636491647	0.0707084265803262
TCGA-36-2543-01	0	0.946552580109243	0.29829070078071
TCGA-36-2544-01	0	0.981287269918371	0.746439336724201
TCGA-36-2545-01	0	0.892065208621821	0.49627154155997
TCGA-36-2547-01	0	0.908314244684999	0.00321072275700152
TCGA-36-2548-01	0	0.746464896264355	0.0920393542988708
TCGA-36-2549-01	0	0.998551119156342	0.13232438306084
TCGA-36-2551-01	0	0.803728419837521	0.281303151926456
TCGA-36-2552-01	0	0.926745784731751	0.759692946751898
TCGA-3P-A9WA-01	0	0.941664905865851	0.75336179601613
TCGA-42-2582-01	0.000113701936059716	0.341522329252943	0.341636019491273
TCGA-42-2587-01	0	0.940817569092145	0.0530261963294839
TCGA-42-2589-01	0	0.943760542506094	0.605428207632509
TCGA-42-2590-01	0	0.996217819734728	0.178931777563312
TCGA-42-2591-01	0	0.48190153526975	0.214933647375273
TCGA-42-2593-01	0	0.951469873005114	0.00239351933589738
TCGA-57-1582-01	0	0.628318395975438	0.293559530467621
TCGA-57-1583-01	0	0.800612156250651	0.672871189474673
TCGA-57-1584-01	0	0.79103778646381	0.0049434256247971
TCGA-57-1585-01	0	0.943760542506094	0.0233491370836045
TCGA-57-1586-01	0	0.943634511162565	0.353045377097442
TCGA-57-1992-01	0	0.994788064679697	0.33337936390107
TCGA-57-1993-01	0	0.865730834225607	0.319076093160769
TCGA-57-1994-01	0	0.75996805396715	0.722189006517753
TCGA-59-2348-01	0	0.904922452764595	0.501737750438311
TCGA-59-2349-01	1.24463847703228e-05	0.397721780510087	0.397734215197127
TCGA-59-2350-01	1.146377544635e-06	0.170949562417748	0.170950697097563
TCGA-59-2351-01	0	0.843929026081738	0.176233263311891
TCGA-59-2352-01	0	0.943760542506094	0.0247848345854993
TCGA-59-2354-01	0	0.982668771836957	0.324503044457071
TCGA-59-2363-01	0.000477969249732511	0.283158107770976	0.283636065322979
TCGA-59-2372-01	0	0.898890693731658	0.594369267227636
TCGA-59-A5PD-01	0	0.821641036881644	0.280292678609511
TCGA-5X-AA5U-01	0	0.998806936814746	0.014989482980335
TCGA-61-1721-01	0	0.684999045055808	0.124979998343835
TCGA-61-1722-01	0	0.926745784731751	0.147022966890359
TCGA-61-1724-01	0	0.755927962149795	0.226912976877998
TCGA-61-1725-01	0	0.35904249915171	0.0247848345854993
TCGA-61-1727-01	0.486057083682671	1.16977300068655e-08	0.486057083682671
TCGA-61-1728-01	0	0.991474320014169	0.189810572925456
TCGA-61-1733-01	0	0.879400380440595	0.87927294536946
TCGA-61-1734-01	0	0.566918367893867	0.454490501799982
TCGA-61-1736-01	0	0.821731904848652	0.108448462100016
TCGA-61-1738-01	0	0.471461393086649	0.406012031980986
TCGA-61-1740-01	0	0.961652583243065	0.813422281936795
TCGA-61-1741-01	0	0.879316753368487	0.210185176119444
TCGA-61-1743-01	0	0.89211931062329	0.429221778913347
TCGA-61-1895-01	0	0.840188220687644	0.107253819721205
TCGA-61-1899-01	1.37331350755254e-05	0.159072447680177	0.159086169117522
TCGA-61-1901-01	0	0.779718442890354	0.757117445829655
TCGA-61-1904-01	0.560397199231211	1.16977300068655e-08	0.560397199231211
TCGA-61-1906-01	1	1.16977300068655e-08	1
TCGA-61-1907-01	0	0.605736852239807	0.10848167195562
TCGA-61-1910-01	0	0.949106943233291	0.0495029453188088
TCGA-61-1911-01	0	0.6180077242685	0.1352923545239
TCGA-61-1913-01	0	0.116429975381776	0.116314834624921
TCGA-61-1914-01	9.32309084769484e-06	0.00449922772171119	0.00450853911482874
TCGA-61-1915-01	0.433441313909627	0.419184904275896	0.852626206487793
TCGA-61-1916-02	0	0.846684987885421	0.0532067624904939
TCGA-61-1917-01	0	0.950988031806736	0.00195083043998756
TCGA-61-1918-01	0	0.948964429788125	0.317759080827934
TCGA-61-1919-01	0	0.993451622417254	0.00270383671859209
TCGA-61-2000-01	0	0.625696057342086	0.0237569082553232
TCGA-61-2002-01	0	0.448433849997504	0.302839760832423
TCGA-61-2008-01	0.0661570854712543	0.493989454800503	0.560146528574028
TCGA-61-2008-02	0	0.888767571730568	0.0525748628110692
TCGA-61-2009-01	0	0.926745784731751	0.80758179248786
TCGA-61-2012-01	6.84317207766811e-06	0.990669656559676	0.990676488034023
TCGA-61-2016-01	0	0.787719994383686	0.571202603035039
TCGA-61-2017-01	2.42143011979025e-06	0.996218673669022	0.996221083401411
TCGA-61-2018-01	0	0.624337482974393	0.167527344701492
TCGA-61-2087-01	0	0.421994383194545	0.105662881643853
TCGA-61-2088-01	1	1.16977300068655e-08	1
TCGA-61-2092-01	0	0.826972172071129	0.646578517486077
TCGA-61-2094-01	0.000107864768766116	0.556982865785006	0.557090718856043
TCGA-61-2095-01	7.99890780634094e-05	0.414112183640886	0.414192161021219
TCGA-61-2095-02	0	0.268688308145723	0.0792091670056961
TCGA-61-2096-01	0	0.947338761150262	0.454490501799982
TCGA-61-2097-01	0	0.942426860907942	0.167527344701492
TCGA-61-2098-01	0	0.657539664867755	0.196811956802014
TCGA-61-2101-01	6.19979692506683e-06	0.068430714771897	0.068436902871092
TCGA-61-2102-01	0	0.751538330460897	0.731631074977759
TCGA-61-2104-01	0	0.937785692929837	0.0830639784768318
TCGA-61-2109-01	0	0.995826179732745	0.074143546892825
TCGA-61-2110-01	0.00109173744758408	0.45012688586271	0.451218611612564
TCGA-61-2610-02	0	0.985068455876589	0.00162771574062115
TCGA-61-2611-02	0	0.803355098480791	0.312326432737099
TCGA-61-2612-01	1.75465950709439e-07	0.919094685532906	0.919094849301127
TCGA-61-2613-01	0	0.0854170587599556	0.0633087349956579
TCGA-61-2614-01	0	0.696394786504203	0.454490501799982
TCGA-72-4231-01	0	0.956284962833563	0.31066957795093
TCGA-72-4232-01	0	0.995349579117428	0.323931142435059
TCGA-72-4233-01	2.21087097893893e-06	0.257688593348079	0.257690792521328
TCGA-72-4234-01	0	0.896626691662844	0.024042262682097
TCGA-72-4235-01	3.16306620478881e-05	0.0739337714998868	0.0739653904642047
TCGA-72-4236-01	6.83615343963973e-05	0.240637338655988	0.240705688492654
TCGA-72-4237-01	0	0.570733336896462	0.400635369226157
TCGA-72-4238-01	0	0.66271506817712	0.220904238977793
TCGA-72-4240-01	0	0.512778840107132	0.397868095717518
TCGA-72-4241-01	0	0.609689211081807	0.0349264156046034
TCGA-OY-A56P-01	0	0.84393443043302	0.0676453642697117
TCGA-OY-A56Q-01	0	0.99352988023127	0.0153081525422835
TCGA-VG-A8LO-01	0	0.38248959302673	0.150149945597952
