Sample	percent	start	end
TCGA-04-1331-01	1	3.20545275878104e-08	1
TCGA-04-1332-01	1	3.20545275878104e-08	1
TCGA-04-1335-01	0.583583831452678	0.416416200601849	1
TCGA-04-1336-01	0.218992397339205	0.781007634715323	1
TCGA-04-1337-01	0.442005426126318	0.557994605928209	1
TCGA-04-1338-01	3.20545275721987e-08	3.20545275878104e-08	3.20545275878104e-08
TCGA-04-1341-01	1	3.20545275878104e-08	1
TCGA-04-1342-01	3.20545275721987e-08	3.20545275878104e-08	3.20545275878104e-08
TCGA-04-1343-01	1	3.20545275878104e-08	1
TCGA-04-1346-01	2.70860757985079e-05	0.189882046069985	0.189909100091256
TCGA-04-1347-01	0.000421677310212274	3.20545275878104e-08	0.000421677310212254
TCGA-04-1348-01	3.20545275721987e-08	3.20545275878104e-08	3.20545275878104e-08
TCGA-04-1349-01	1	3.20545275878104e-08	1
TCGA-04-1350-01	1	3.20545275878104e-08	1
TCGA-04-1353-01	0.000178703991215008	0.826861219698494	0.827039891635182
TCGA-04-1356-01	0.191667803801032	0.808332228253495	1
TCGA-04-1360-01	1	3.20545275878104e-08	1
TCGA-04-1362-01	1	3.20545275878104e-08	1
TCGA-04-1364-01	1	3.20545275878104e-08	1
TCGA-04-1365-01	1.04177214609646e-05	0.754544987423566	0.7545553730905
TCGA-04-1371-01	3.20545275721987e-08	3.20545275878104e-08	3.20545275878104e-08
TCGA-04-1514-01	0.00465431740348326	0.995345714651044	1
TCGA-04-1516-01	0.376106446162289	0.623893585892238	1
TCGA-04-1517-01	0.0474382967172862	3.20545275878104e-08	0.0474382967172862
TCGA-04-1525-01	0.010101792037213	0.909747849149214	0.919849609131899
TCGA-04-1530-01	8.10338457025184e-05	0.216339115873944	0.216420117665119
TCGA-04-1536-01	0.316902951808486	0.683097080246042	1
TCGA-04-1644-01	1	3.20545275878104e-08	1
TCGA-04-1648-01	5.16718984463844e-05	0.688608599825861	0.688660239669779
TCGA-04-1649-01	1	3.20545275878104e-08	1
TCGA-04-1652-01	0.738482271329972	3.20545275878104e-08	0.738482271329972
TCGA-04-1654-01	0.259250832480122	0.740749199574406	1
TCGA-09-0366-01	0.000168254215226471	3.20545275878104e-08	0.000168254215226482
TCGA-09-0367-01	0.663483203315361	0.336516828739166	1
TCGA-09-0369-01	0.269017975249481	0.418051846980276	0.68706979017523
TCGA-09-1661-01	5.44926968727378e-07	0.272602793340518	0.272603306212959
TCGA-09-1662-01	0.00460511370365993	0.879340828130643	0.883945909779775
TCGA-09-1666-01	0.380813012445715	0.619187019608812	1
TCGA-09-1667-01	0.663483203315361	0.336516828739166	1
TCGA-09-1669-01	0.277419851580485	0.722580180474042	1
TCGA-09-1670-01	1	3.20545275878104e-08	1
TCGA-09-1672-01	0.000218323387294246	0.594008829291402	0.594227120624168
TCGA-09-1673-01	1	3.20545275878104e-08	1
TCGA-09-1674-01	9.29581299593763e-06	0.628232134144608	0.628241397903076
TCGA-09-2043-01	0.60175788311387	0.398242148940657	1
TCGA-09-2044-01	1	3.20545275878104e-08	1
TCGA-09-2049-01	0.0776284047477756	3.20545275878104e-08	0.0776284047477755
TCGA-09-2050-01	0.894386261737206	0.105613770317322	1
TCGA-09-2051-01	0.0587022577061568	0.941297774348371	1
TCGA-09-2053-01	1	3.20545275878104e-08	1
TCGA-09-2054-01	0.160693065044631	0.792327562909334	0.953020595899437
TCGA-09-2055-01	0.305944246085685	0.694055785968842	1
TCGA-10-0925-01	0.00205225907328245	0.708167887896085	0.71022011491484
TCGA-10-0927-01	0.000168254215226471	3.20545275878104e-08	0.000168254215226482
TCGA-10-0928-01	0.414087631500895	3.20545275878104e-08	0.414087631500895
TCGA-10-0930-01	0.000132577526038614	0.988176142578026	0.988308688049537
TCGA-10-0933-01	1	3.20545275878104e-08	1
TCGA-10-0935-01	1	3.20545275878104e-08	1
TCGA-10-0937-01	1.92327165433192e-06	0.183283365133027	0.183285256350154
TCGA-10-0938-01	1	3.20545275878104e-08	1
TCGA-13-0714-01	2.42973318997266e-05	0.772596526680378	0.77262079195775
TCGA-13-0717-01	1	3.20545275878104e-08	1
TCGA-13-0720-01	1	3.20545275878104e-08	1
TCGA-13-0723-01	0.000283233805627948	3.20545275878104e-08	0.000283233805628003
TCGA-13-0724-01	0.000679620093585758	3.20545275878104e-08	0.000679620093585798
TCGA-13-0727-01	1	3.20545275878104e-08	1
TCGA-13-0730-01	1	3.20545275878104e-08	1
TCGA-13-0751-01	0.435468578373047	0.549341357991984	0.984809904310504
TCGA-13-0757-01	2.6284712609203e-06	0.189263842451228	0.189266438867961
TCGA-13-0758-01	0.8167166669215	0.183283365133027	1
TCGA-13-0760-01	0.633328804028587	3.20545275878104e-08	0.633328804028587
TCGA-13-0761-01	0.0438768784313771	3.20545275878104e-08	0.0438768784313771
TCGA-13-0764-01	0.795230004217414	0.204770027837113	1
TCGA-13-0766-01	0.826375657714831	0.173624374339697	1
TCGA-13-0791-01	1	3.20545275878104e-08	1
TCGA-13-0791-02	1	3.20545275878104e-08	1
TCGA-13-0792-01	0.199840329987257	0.1663111338741	0.366151431806829
TCGA-13-0793-01	0.316613435315454	0.683386596739074	1
TCGA-13-0795-01	0.000168254215226471	3.20545275878104e-08	0.000168254215226482
TCGA-13-0797-01	0.00132433280664539	0.894036130132535	0.895360430884653
TCGA-13-0799-01	0.106380771053069	0.893619261001458	1
TCGA-13-0800-01	7.5007594518945e-06	0.837111231871201	0.837118700576126
TCGA-13-0801-01	1	3.20545275878104e-08	1
TCGA-13-0803-01	0.340776394635598	3.20545275878104e-08	0.340776394635598
TCGA-13-0804-01	3.20545275721987e-08	3.20545275878104e-08	3.20545275878104e-08
TCGA-13-0805-01	0.117054960789139	0.882945071265389	1
TCGA-13-0807-01	0.987978141761212	3.20545275878104e-08	0.987978141761212
TCGA-13-0884-01	1	3.20545275878104e-08	1
TCGA-13-0885-01	1	3.20545275878104e-08	1
TCGA-13-0886-01	0.999798697566847	0.000201334487681004	1
TCGA-13-0887-01	0.922371627306752	0.0776284047477755	1
TCGA-13-0888-01	0.000283233805627948	3.20545275878104e-08	0.000283233805628003
TCGA-13-0889-01	0.0150264893807678	0.336516828739166	0.351543286065406
TCGA-13-0891-01	0.0053180384513932	0.906944905094718	0.912262911491583
TCGA-13-0893-01	0.25571835943261	0.744281672621917	1
TCGA-13-0897-01	0.000194250437087524	0.772177381677844	0.772371600060404
TCGA-13-0899-01	1	3.20545275878104e-08	1
TCGA-13-0900-01	0.000488030182286726	0.155437212376727	0.155925210504487
TCGA-13-0903-01	0.191667803801032	0.808332228253495	1
TCGA-13-0904-01	0.807264972757979	0.192735059296549	1
TCGA-13-0905-01	0.349748072248725	0.650251959805802	1
TCGA-13-0906-01	0.828385059884749	0.171614972169778	1
TCGA-13-0908-01	1.29500291391683e-05	0.999987082025388	1
TCGA-13-0910-01	1	3.20545275878104e-08	1
TCGA-13-0911-01	0.566540759687816	3.20545275878104e-08	0.566540759687816
TCGA-13-0912-01	0.0217469134134446	0.548234931863774	0.569981813222691
TCGA-13-0913-01	0.297668279938985	0.702331752115543	1
TCGA-13-0913-02	0.00184101973658166	0.173509939676264	0.175350927358318
TCGA-13-0916-01	0.230232702086727	0.7697673299678	1
TCGA-13-0920-01	1.85916259918753e-06	0.74951547177485	0.749517298882922
TCGA-13-0921-01	6.63528720744514e-06	0.26188593902825	0.26189254226093
TCGA-13-0923-01	0.451765100190753	0.548234931863774	1
TCGA-13-0924-01	0.450863662766368	0.54913636928816	1
TCGA-13-1403-01	0.000184954624091587	0.852474966936556	0.85265988950612
TCGA-13-1404-01	0.418051846980276	3.20545275878104e-08	0.418051846980276
TCGA-13-1405-01	1	3.20545275878104e-08	1
TCGA-13-1407-01	0.0188762060876612	0.896288794112199	0.915164968145332
TCGA-13-1408-01	1	3.20545275878104e-08	1
TCGA-13-1410-01	1	3.20545275878104e-08	1
TCGA-13-1412-01	1.29500291391683e-05	0.999987082025388	1
TCGA-13-1481-01	0.00254054569178976	0.997459486362738	1
TCGA-13-1482-01	0.000745876802077492	0.236900845184934	0.237646689932484
TCGA-13-1483-01	0.095054431953543	0.904945600100985	1
TCGA-13-1484-01	1	3.20545275878104e-08	1
TCGA-13-1487-01	0.0216839262667653	0.956014168229405	0.977698062441643
TCGA-13-1488-01	0.332935472537107	0.626312292324726	0.959247732807306
TCGA-13-1489-01	0.950957245959615	0.0490427860949126	1
TCGA-13-1489-02	0.950957245959615	0.0490427860949126	1
TCGA-13-1491-01	1	3.20545275878104e-08	1
TCGA-13-1492-01	0.0857535222877214	3.20545275878104e-08	0.0857535222877214
TCGA-13-1494-01	0.806609361505545	0.193390670548983	1
TCGA-13-1495-01	1	3.20545275878104e-08	1
TCGA-13-1497-01	0.912024618133612	3.20545275878104e-08	0.912024618133612
TCGA-13-1498-01	0.00136696532831642	0.0188771036144333	0.0202440368882221
TCGA-13-1499-01	0.290577369676628	3.20545275878104e-08	0.290577369676629
TCGA-13-1500-01	1	3.20545275878104e-08	1
TCGA-13-1501-01	0.116517438416281	0.883482593638247	1
TCGA-13-1507-01	1	3.20545275878104e-08	1
TCGA-13-1509-01	1	3.20545275878104e-08	1
TCGA-13-1510-01	1.60272637860994e-05	0.782584845689985	0.782600840899244
TCGA-13-1511-01	2.09316065046458e-05	0.753186195999781	0.753207095551758
TCGA-13-1512-01	0.451765100190753	0.548234931863774	1
TCGA-13-1817-01	1	3.20545275878104e-08	1
TCGA-13-1817-02	1	3.20545275878104e-08	1
TCGA-13-1819-01	0.663360145984012	0.336639886070516	1
TCGA-13-1819-02	0.585896918216816	0.414103113837712	1
TCGA-13-2057-01	0.962566562428548	0.0374334696259792	1
TCGA-13-2060-01	5.85315673468349e-05	0.397140883591387	0.397199383104206
TCGA-13-2061-01	4.6607283089977e-05	0.714377555086427	0.714424130314989
TCGA-13-2065-01	1	3.20545275878104e-08	1
TCGA-13-2071-01	0.00235732201218707	0.213339709619958	0.215696999577617
TCGA-13-A5FT-01	1	3.20545275878104e-08	1
TCGA-13-A5FU-01	8.09376821198018e-05	0.0289706896925878	0.02905159532018
TCGA-20-0990-01	1	3.20545275878104e-08	1
TCGA-20-1682-01	0.000283233805627948	3.20545275878104e-08	0.000283233805628003
TCGA-20-1683-01	1	3.20545275878104e-08	1
TCGA-23-1022-01	0.548234931863774	3.20545275878104e-08	0.548234931863774
TCGA-23-1023-01	0.0028730152517686	0.133554932693346	0.136427915890586
TCGA-23-1024-01	0.911885405320366	0.0881146267341619	1
TCGA-23-1026-01	0.179208657697105	0.238813186245364	0.418021811887941
TCGA-23-1027-01	1.5322064179511e-05	0.706201823447445	0.706217113457096
TCGA-23-1028-01	0.394997942259602	0.605002089794925	1
TCGA-23-1029-01	0.00427139401710577	0.0840375793177265	0.0883089412803046
TCGA-23-1030-01	1	3.20545275878104e-08	1
TCGA-23-1031-01	0.348687740531165	3.20545275878104e-08	0.348687740531165
TCGA-23-1032-01	1	3.20545275878104e-08	1
TCGA-23-1109-01	1	3.20545275878104e-08	1
TCGA-23-1110-01	0.0004245301631662	0.956489248382553	0.956913746491191
TCGA-23-1111-01	1	3.20545275878104e-08	1
TCGA-23-1113-01	1	3.20545275878104e-08	1
TCGA-23-1114-01	1	3.20545275878104e-08	1
TCGA-23-1116-01	1	3.20545275878104e-08	1
TCGA-23-1117-01	0.191602989546281	0.739435893525245	0.931038851016999
TCGA-23-1118-01	1.5322064179511e-05	0.706201823447445	0.706217113457096
TCGA-23-1119-01	1	3.20545275878104e-08	1
TCGA-23-1120-01	0.346701674057319	0.375251455748356	0.721953097751147
TCGA-23-1121-01	0.127474509358175	0.290577369676629	0.418051846980276
TCGA-23-1122-01	0.342798842998238	0.647168025762608	0.989966836706319
TCGA-23-1123-01	1	3.20545275878104e-08	1
TCGA-23-1809-01	0.000209604555794608	0.264511589490744	0.264721161992011
TCGA-23-2072-01	0.897940211318191	3.20545275878104e-08	0.897940211318191
TCGA-23-2078-01	0.282486935135516	0.717513096919012	1
TCGA-23-2641-01	0.000460431234047063	0.66952827050662	0.669988669686139
TCGA-23-2643-01	1.09305939021198e-05	0.74507460547047	0.745085504009845
TCGA-23-2645-01	0.106895310329658	3.20545275878104e-08	0.106895310329658
TCGA-24-0970-01	1	3.20545275878104e-08	1
TCGA-24-0975-01	0.741543286385952	0.239816076249515	0.981359330580939
TCGA-24-0979-01	1	3.20545275878104e-08	1
TCGA-24-0980-01	0.000433954194272427	0.61270036924572	0.613134291385464
TCGA-24-0982-01	0.000168254215226471	3.20545275878104e-08	0.000168254215226482
TCGA-24-1104-01	0.71479762967026	0.285202402384267	1
TCGA-24-1416-01	1	3.20545275878104e-08	1
TCGA-24-1417-01	0.0138912462322708	0.276686155498885	0.290577369676629
TCGA-24-1418-01	0.0522822807604142	0.11250238445617	0.164784633162056
TCGA-24-1419-01	1	3.20545275878104e-08	1
TCGA-24-1422-01	3.20545275721987e-08	3.20545275878104e-08	3.20545275878104e-08
TCGA-24-1423-01	0.265163642690617	0.73483638936391	1
TCGA-24-1424-01	0.104959409191463	0.895040622863065	1
TCGA-24-1425-01	0.11143900755849	0.888561024496038	1
TCGA-24-1426-01	1	3.20545275878104e-08	1
TCGA-24-1427-01	0.547281405832084	0.000953558086217776	0.548234931863774
TCGA-24-1428-01	0.000168254215226471	3.20545275878104e-08	0.000168254215226482
TCGA-24-1431-01	1	3.20545275878104e-08	1
TCGA-24-1434-01	0.000283233805627948	3.20545275878104e-08	0.000283233805628003
TCGA-24-1435-01	0.00229356555684596	0.96355823334805	0.965851766850368
TCGA-24-1436-01	0.0216811375228665	0.177147166919881	0.19882827238822
TCGA-24-1463-01	1	3.20545275878104e-08	1
TCGA-24-1466-01	0.916322360972382	3.20545275878104e-08	0.916322360972382
TCGA-24-1469-01	1.18601752017135e-05	0.706205285336422	0.706217113457096
TCGA-24-1474-01	0.671679129306714	3.20545275878104e-08	0.671679129306714
TCGA-24-1544-01	0.000283233805627948	3.20545275878104e-08	0.000283233805628003
TCGA-24-1545-01	0.000122448295325799	0.681725306738589	0.681847722979388
TCGA-24-1548-01	1	3.20545275878104e-08	1
TCGA-24-1549-01	9.68046732680402e-05	0.615180235716815	0.615277008335555
TCGA-24-1550-01	0.00020540541268265	0.895583402178445	0.8957887755366
TCGA-24-1552-01	1	3.20545275878104e-08	1
TCGA-24-1556-01	0.0212270851398063	0.557899211654154	0.579126264739433
TCGA-24-1558-01	0.9811644390533	0.0188355930012273	1
TCGA-24-1560-01	0.174783241675014	3.20545275878104e-08	0.174783241675014
TCGA-24-1562-01	1	3.20545275878104e-08	1
TCGA-24-1563-01	0.00370531106018074	0.159553206044163	0.163258485049816
TCGA-24-1564-01	1	3.20545275878104e-08	1
TCGA-24-1567-01	0.451765100190753	0.548234931863774	1
TCGA-24-1603-01	5.27938069114113e-05	0.890378484154854	0.890431245907238
TCGA-24-1842-01	8.48803890111822e-05	0.0235029565974324	0.023587804931916
TCGA-24-1843-01	1	3.20545275878104e-08	1
TCGA-24-1844-01	8.47201163733213e-05	0.269795425761217	0.269880113823063
TCGA-24-1846-01	1	3.20545275878104e-08	1
TCGA-24-1847-01	0.306504847718396	0.693495184336132	1
TCGA-24-1849-01	0.000331027106238096	0.812855250312043	0.813186245363753
TCGA-24-1852-02	0.351793760143856	0.0490427860949126	0.400836514184241
TCGA-24-1923-01	1	3.20545275878104e-08	1
TCGA-24-1924-01	0.660726065180766	0.339273966873761	1
TCGA-24-1927-01	3.20545275721987e-08	3.20545275878104e-08	3.20545275878104e-08
TCGA-24-1930-01	1	3.20545275878104e-08	1
TCGA-24-2019-01	1.0321557878248e-05	0.561748607815772	0.561758897319123
TCGA-24-2020-01	0.896825643339978	0.10317438871455	1
TCGA-24-2023-01	1	3.20545275878104e-08	1
TCGA-24-2024-01	9.84073996466501e-06	0.988710171007379	0.988719979692816
TCGA-24-2026-01	1.85916259918753e-06	0.74951547177485	0.749517298882922
TCGA-24-2027-01	1	3.20545275878104e-08	1
TCGA-24-2029-01	0.000168254215226471	3.20545275878104e-08	0.000168254215226482
TCGA-24-2030-01	3.97476141895264e-06	0.125832131528958	0.12583607423585
TCGA-24-2261-01	1.85916259918753e-06	0.74951547177485	0.749517298882922
TCGA-24-2262-01	0.858844105401569	0.141155926652958	1
TCGA-24-2267-01	1	3.20545275878104e-08	1
TCGA-24-2280-01	0.121070944330549	0.237618385784638	0.358689298060659
TCGA-24-2281-01	0.651943413116732	3.20545275878104e-08	0.651943413116732
TCGA-24-2288-01	0.000421677310212274	3.20545275878104e-08	0.000421677310212254
TCGA-24-2289-01	0.239230279758133	0.17882159927667	0.418051846980276
TCGA-24-2290-01	0.894809189173994	0.105190842880534	1
TCGA-24-2293-01	1	3.20545275878104e-08	1
TCGA-24-2295-01	1	3.20545275878104e-08	1
TCGA-24-2297-01	0.304286546192289	0.695713485862238	1
TCGA-24-2298-01	0.771061146864197	0.21029821577127	0.981359330580939
TCGA-25-1312-01	0.277885667975165	0.722114364079363	1
TCGA-25-1313-01	0.00575702520649447	0.260912218644189	0.266669211796156
TCGA-25-1314-01	0.75505404537594	0.244945986678587	1
TCGA-25-1315-01	0.000798542390878615	0.124194914478681	0.124993424815032
TCGA-25-1316-01	1	3.20545275878104e-08	1
TCGA-25-1318-01	0.99830934805226	0.00169068400226802	1
TCGA-25-1319-01	7.128926932057e-05	0.833993800846695	0.834065058061488
TCGA-25-1320-01	0.000421677310212274	3.20545275878104e-08	0.000421677310212254
TCGA-25-1322-01	1	3.20545275878104e-08	1
TCGA-25-1323-01	1	3.20545275878104e-08	1
TCGA-25-1623-01	0.169056988814989	3.20545275878104e-08	0.169056988814989
TCGA-25-1626-01	1	3.20545275878104e-08	1
TCGA-25-1627-01	3.78243425351945e-05	0.58792366188615	0.587961454174158
TCGA-25-1628-01	0.864571448115532	3.20545275878104e-08	0.864571448115532
TCGA-25-1630-01	0.405151502358845	0.594848529695683	1
TCGA-25-1635-01	1	3.20545275878104e-08	1
TCGA-25-1870-01	1	3.20545275878104e-08	1
TCGA-25-1877-01	1.5802882093094e-05	0.349070279263211	0.349086050090777
TCGA-25-2042-01	0.00465431740348326	0.995345714651044	1
TCGA-25-2391-01	0.652155133271346	0.347844898783181	1
TCGA-25-2393-01	1	3.20545275878104e-08	1
TCGA-25-2397-01	0.663483203315361	0.336516828739166	1
TCGA-25-2398-01	1	3.20545275878104e-08	1
TCGA-25-2399-01	0.0740305725185444	0.896615750293435	0.970646290757452
TCGA-25-2400-01	1	3.20545275878104e-08	1
TCGA-25-2401-01	1	3.20545275878104e-08	1
TCGA-25-2404-01	1	3.20545275878104e-08	1
TCGA-29-1688-01	0.751726432814143	0.248273599240385	1
TCGA-29-1690-01	0.00186855457576618	0.0160935204945911	0.0179620430158297
TCGA-29-1691-01	2.0322570480774e-05	0.676388195843291	0.676408486359244
TCGA-29-1692-01	0.998363680476494	0.00163635157803321	1
TCGA-29-1692-02	1	3.20545275878104e-08	1
TCGA-29-1693-01	5.16718984463844e-05	0.688608599825861	0.688660239669779
TCGA-29-1694-01	0.000136199687654272	0.189772932458129	0.189909100091256
TCGA-29-1695-01	0.0011426156898386	0.197396973623067	0.198539557258378
TCGA-29-1697-01	1	3.20545275878104e-08	1
TCGA-29-1698-01	0.283807004689994	0.00242226448504834	0.286229237120515
TCGA-29-1699-01	0.970699725654915	3.20545275878104e-08	0.970699725654915
TCGA-29-1701-01	1	3.20545275878104e-08	1
TCGA-29-1703-01	9.84073996466501e-06	0.988710171007379	0.988719979692816
TCGA-29-1704-01	0.750826822497829	0.249173209556698	1
TCGA-29-1704-02	0.157933522820468	0.24923061921558	0.40716410998152
TCGA-29-1705-01	1	3.20545275878104e-08	1
TCGA-29-1705-02	1	3.20545275878104e-08	1
TCGA-29-1707-01	0.178113194217325	0.112464207513831	0.290577369676629
TCGA-29-1707-02	0.0848791068300794	0.205698294901077	0.290577369676629
TCGA-29-1710-02	1.85916259918753e-05	0.989229390244993	0.989247949816457
TCGA-29-1711-01	0.787339461710242	0.212660570344286	1
TCGA-29-1761-01	0.250507831866694	3.20545275878104e-08	0.250507831866694
TCGA-29-1762-01	1	3.20545275878104e-08	1
TCGA-29-1763-01	4.59341380109608e-05	0.760508924605539	0.760554826689023
TCGA-29-1764-01	1	3.20545275878104e-08	1
TCGA-29-1766-01	1	3.20545275878104e-08	1
TCGA-29-1769-01	0.00462408998398267	0.630391263012816	0.635015320942271
TCGA-29-1775-01	0.0483760839759385	0.548234931863774	0.596610983785185
TCGA-29-1776-01	0.000435685138761325	0.86177042733269	0.862206080416924
TCGA-29-1777-01	0.581948185074252	0.418051846980276	1
TCGA-29-1781-01	0.180327104273154	0.819672927781374	1
TCGA-29-1783-01	1	3.20545275878104e-08	1
TCGA-29-1784-01	4.67355012002658e-05	0.193390670548983	0.193437373995656
TCGA-29-1785-01	0.000407509209025363	0.289631248240807	0.290038725395305
TCGA-29-2428-01	1	3.20545275878104e-08	1
TCGA-29-2429-01	0.288565018490173	3.20545275878104e-08	0.288565018490173
TCGA-29-2431-01	0.95544161025791	0.0445584217966172	1
TCGA-29-2432-01	0.000122993222294527	0.0416250158149025	0.0417479769826695
TCGA-29-2434-01	0.381859656880003	0.00220890954952779	0.384068534375003
TCGA-30-1714-01	4.01002139928206e-05	0.620190454539932	0.620230522699398
TCGA-30-1718-01	0.451765100190753	0.548234931863774	1
TCGA-30-1853-01	0.869109343474873	3.20545275878104e-08	0.869109343474873
TCGA-30-1855-01	1	3.20545275878104e-08	1
TCGA-30-1856-01	0.91863464637333	0.0813653856811977	1
TCGA-30-1857-01	1	3.20545275878104e-08	1
TCGA-30-1859-01	0.312439262680475	0.548234931863774	0.860674162489721
TCGA-30-1860-01	0.000320801711942565	0.753397210954789	0.753717980612204
TCGA-30-1861-01	1	3.20545275878104e-08	1
TCGA-30-1862-01	0.103384281761092	0.896615750293435	1
TCGA-30-1866-01	0.167943190145438	0.168573670648256	0.336516828739166
TCGA-30-1887-01	1	3.20545275878104e-08	1
TCGA-31-1944-01	1	3.20545275878104e-08	1
TCGA-31-1950-01	0.00991920944816175	0.899290027474256	0.90920920486789
TCGA-31-1951-01	0.778613097396624	0.221386934657903	1
TCGA-31-1953-01	0.290577369676628	3.20545275878104e-08	0.290577369676629
TCGA-31-1955-01	1	3.20545275878104e-08	1
TCGA-31-1959-01	0.0996266577119138	0.290546565275632	0.390173190933018
TCGA-36-1568-01	0.313112119268743	0.686887912785785	1
TCGA-36-1569-01	1	3.20545275878104e-08	1
TCGA-36-1570-01	0.423505219647079	0.576494812407448	1
TCGA-36-1571-01	1	3.20545275878104e-08	1
TCGA-36-1574-01	0.094217327965995	0.0490427860949126	0.14326008200638
TCGA-36-1576-01	1	3.20545275878104e-08	1
TCGA-36-1577-01	3.20545275721987e-08	3.20545275878104e-08	3.20545275878104e-08
TCGA-36-1580-01	6.85966890045053e-05	0.257737858778714	0.257806423413191
TCGA-36-2530-01	0.0425159714087718	0.160724863135982	0.203240802490226
TCGA-36-2532-01	0.999987082025388	3.20545275878104e-08	0.999987082025388
TCGA-36-2537-01	7.88541378276089e-06	0.756783835901847	0.756791689261102
TCGA-36-2543-01	1	3.20545275878104e-08	1
TCGA-36-2544-01	1.95532618190412e-05	0.712767584384586	0.712787105591877
TCGA-36-2545-01	0.451765100190753	0.548234931863774	1
TCGA-36-2547-01	0.00422520344287423	0.870542854002429	0.874768025390776
TCGA-36-2548-01	1	3.20545275878104e-08	1
TCGA-36-2551-01	0.822525652517189	3.20545275878104e-08	0.822525652517189
TCGA-36-2552-01	1.5802882093094e-05	0.661666801455955	0.661682572283521
TCGA-3P-A9WA-01	2.97466015870004e-05	0.814214971317128	0.814244685864187
TCGA-42-2582-01	0.00293279694569075	0.861296693469701	0.864229458360864
TCGA-42-2587-01	1.80787535507201e-05	0.285474417105245	0.285492463804268
TCGA-42-2588-01	6.95583248316713e-05	0.163997598346576	0.16406712461688
TCGA-42-2589-01	0.277817808540294	0.699848584028107	0.977666360513874
TCGA-42-2590-01	0.451765100190753	0.548234931863774	1
TCGA-42-2591-01	0.717208066034635	0.282791966019893	1
TCGA-42-2593-01	0.000739465896563053	0.754188156422633	0.754927590264668
TCGA-57-1583-01	4.36582665533347e-05	0.611176144405134	0.61121977061716
TCGA-57-1584-01	0.810743914744445	3.20545275878104e-08	0.810743914744445
TCGA-57-1586-01	0.284301221396102	3.20545275878104e-08	0.284301221396102
TCGA-57-1992-01	1	3.20545275878104e-08	1
TCGA-57-1993-01	1	3.20545275878104e-08	1
TCGA-59-2348-01	0.385413510297405	0.614586521757123	1
TCGA-59-2349-01	3.35290358405199e-05	0.7545553730905	0.754588870071813
TCGA-59-2350-01	1	3.20545275878104e-08	1
TCGA-59-2351-01	0.0817946919689721	3.20545275878104e-08	0.0817946919689722
TCGA-59-2352-01	9.74457638194842e-06	0.357940696623738	0.357950409145593
TCGA-59-2354-01	0.0745483172478906	0.925451714806637	1
TCGA-59-2355-01	0.950947469328705	0.0490525627258221	1
TCGA-59-2363-01	1	3.20545275878104e-08	1
TCGA-59-A5PD-01	0.913128992772057	3.20545275878104e-08	0.913128992772057
TCGA-61-1722-01	1	3.20545275878104e-08	1
TCGA-61-1724-01	0.893768154282031	0.106231877772496	1
TCGA-61-1725-01	0.780747800714822	0.219252231339705	1
TCGA-61-1727-01	2.43293864272988e-05	0.365505597185305	0.365529894517205
TCGA-61-1734-01	0.647786581981169	0.352213450073358	1
TCGA-61-1736-01	1	3.20545275878104e-08	1
TCGA-61-1737-01	0.594311648413376	0.405688383641151	1
TCGA-61-1741-01	1	3.20545275878104e-08	1
TCGA-61-1895-01	0.573667763348218	0.391468642610321	0.965136373904012
TCGA-61-1899-01	0.837425590623102	3.20545275878104e-08	0.837425590623102
TCGA-61-1900-01	0.0229597605731939	0.977040271481334	1
TCGA-61-1903-01	0.451765100190753	0.548234931863774	1
TCGA-61-1904-01	1	3.20545275878104e-08	1
TCGA-61-1906-01	1	3.20545275878104e-08	1
TCGA-61-1907-01	1	3.20545275878104e-08	1
TCGA-61-1910-01	0.642684078173171	0.357315953881356	1
TCGA-61-1911-01	3.84654330866385e-07	0.16549239713085	0.165492749730654
TCGA-61-1913-01	0.35454708378967	0.645452948264858	1
TCGA-61-1914-01	0.731004366756237	0.268995665298291	1
TCGA-61-1916-02	0.00123852283633461	0.697072822212993	0.6983113129948
TCGA-61-1917-01	0.0186387461474064	0.981348912859478	0.999987626952357
TCGA-61-1919-01	7.88541378276089e-06	0.170167197377452	0.170175050736708
TCGA-61-1995-01	1	3.20545275878104e-08	1
TCGA-61-1998-01	0.139783255618734	0.860216776435794	1
TCGA-61-2000-01	1.44245374074894e-06	0.999998589600787	1
TCGA-61-2003-01	1	3.20545275878104e-08	1
TCGA-61-2008-01	0.718892531458554	0.281107500595974	1
TCGA-61-2008-02	0.719270999265599	0.280729032788929	1
TCGA-61-2016-01	0.000635448954591268	0.749037506714221	0.749672923614285
TCGA-61-2087-01	0.00575638411594302	0.895583402178445	0.90133975423986
TCGA-61-2088-01	1	3.20545275878104e-08	1
TCGA-61-2092-01	0.000132801907731619	0.217947355631296	0.2180801254845
TCGA-61-2094-01	0.000442256316913626	0.846106373398512	0.846548597660898
TCGA-61-2095-02	9.45608563379863e-06	0.370535978306265	0.370545402337371
TCGA-61-2096-01	0.766222227436425	0.233777804618102	1
TCGA-61-2097-01	1	3.20545275878104e-08	1
TCGA-61-2098-01	0.451765100190753	0.548234931863774	1
TCGA-61-2102-01	6.53912362472854e-06	0.970639783688355	0.970646290757452
TCGA-61-2109-01	0.922178466723602	0.0778215653309257	1
TCGA-61-2110-01	1.85916259918753e-06	0.74951547177485	0.749517298882922
TCGA-61-2113-01	1	3.20545275878104e-08	1
TCGA-61-2612-01	7.50717035740894e-05	0.735572008717165	0.735647048366211
TCGA-61-2613-01	1	3.20545275878104e-08	1
TCGA-61-2614-01	0.913128992772057	3.20545275878104e-08	0.913128992772057
TCGA-72-4231-01	0.166598118059454	0.833401913995074	1
TCGA-72-4232-01	1	3.20545275878104e-08	1
TCGA-72-4233-01	0.0521590311018991	0.112625634114685	0.164784633162056
TCGA-72-4234-01	0.822190233940674	3.20545275878104e-08	0.822190233940674
TCGA-72-4235-01	0.981277303044882	0.0187227290096456	1
TCGA-72-4236-01	1.85916259918753e-06	0.74951547177485	0.749517298882922
TCGA-72-4237-01	0.174783241675014	3.20545275878104e-08	0.174783241675014
TCGA-72-4238-01	1	3.20545275878104e-08	1
TCGA-72-4240-01	1	3.20545275878104e-08	1
TCGA-OY-A56P-01	0.0790261744770889	0.735218543441626	0.814244685864187
TCGA-VG-A8LO-01	0.712771783527698	0.28722824852683	1
TCGA-WR-A838-01	0.372781462071753	3.20545275878104e-08	0.372781462071753
