Sample	percent	start	end
TCGA-04-1331-01	0	0.798663131265821	0.152972182113418
TCGA-04-1332-01	0	0.791680296299669	0.791516834004039
TCGA-04-1335-01	0	0.284956859762412	0.124929534875129
TCGA-04-1336-01	1	2.33250992964784e-08	1
TCGA-04-1337-01	1	2.33250992964784e-08	1
TCGA-04-1338-01	0	0.49795303593894	0.254647106176225
TCGA-04-1341-01	0	0.755611878931912	0.747706279713844
TCGA-04-1342-01	0	0.752522936036607	0.752495715645767
TCGA-04-1343-01	0	1	0.999981456546087
TCGA-04-1346-01	0	0.503831310829526	0.0418289704823668
TCGA-04-1347-01	0	0.977722804147165	0.179942597863719
TCGA-04-1348-01	0	0.786294577530204	0.0300071803985569
TCGA-04-1349-01	0	0.976631702653874	0.073028529955212
TCGA-04-1350-01	1	2.33250992964784e-08	1
TCGA-04-1351-01	0.547402036449106	0.452597986875993	1
TCGA-04-1353-01	0	0.526556418563495	0.523588066431375
TCGA-04-1356-01	1	2.33250992964784e-08	1
TCGA-04-1360-01	0	0.0320251746863334	0.0201415964145777
TCGA-04-1361-01	0.622143678319637	2.33250992964784e-08	0.622143678319637
TCGA-04-1362-01	0	0.939786909357171	0.0730024291691376
TCGA-04-1364-01	0	0.945717525770503	0.00094154095682164
TCGA-04-1365-01	0	0.0580611869601872	0.0561423010191762
TCGA-04-1371-01	0	0.486184450406547	0.0302730398799486
TCGA-04-1514-01	0.000974475996980053	0.74890789552744	0.749882348199321
TCGA-04-1516-01	0.787299609407218	2.33250992964784e-08	0.787299609407218
TCGA-04-1517-01	0	0.792152512934234	0.235100206492439
TCGA-04-1519-01	2.33250992622924e-07	0.130292395047316	0.13029260497321
TCGA-04-1525-01	0	0.78079815783964	0.0571856560342778
TCGA-04-1530-01	0	0.814070782159621	0.0597587410342983
TCGA-04-1536-01	0	0.716850159002537	0.42058704050021
TCGA-04-1638-01	0	0.434300379508695	0.185361461599236
TCGA-04-1644-01	0	0.752522936036607	0.0309705069980896
TCGA-04-1648-01	2.09925893360632e-06	0.761265719717397	0.761267795651231
TCGA-04-1649-01	0	0.834387223518268	0.0255697668646999
TCGA-04-1651-01	0	0.249744496862681	0.249674754815887
TCGA-04-1652-01	0.730209189753228	2.33250992964784e-08	0.730209189753228
TCGA-04-1654-01	0	0.70186012068593	0.235276894119351
TCGA-04-1655-01	0.896727306637726	2.33250992964784e-08	0.896727306637726
TCGA-09-0365-01	9.79654169016282e-06	0.931356448755503	0.931366221972094
TCGA-09-0366-01	1	2.33250992964784e-08	1
TCGA-09-0367-01	0	0.786454820962136	0.763562798817847
TCGA-09-0369-01	0	0.844375147647878	0.000341736029291884
TCGA-09-1659-01	0	0.552442870300879	0.0735873060331396
TCGA-09-1661-01	0	0.961130541437132	0.0829688242321284
TCGA-09-1662-01	0	0.240533018637314	0.21098200720503
TCGA-09-1665-01	0	0.3294316429043	0.0309845020576469
TCGA-09-1666-01	0	0.400210956862748	0.13029260497321
TCGA-09-1667-01	0	0.415611423625974	0.0239602650403039
TCGA-09-1668-01	0	0.125962533546158	0.125722308348855
TCGA-09-1669-01	0	0.836596693545889	0.459813606332783
TCGA-09-1670-01	1	2.33250992964784e-08	1
TCGA-09-1672-01	0	0.0826523726104369	0.0199234367611775
TCGA-09-1673-01	0	0.981312886800121	0.0790490879512987
TCGA-09-1674-01	1	2.33250992964784e-08	1
TCGA-09-1675-01	0	0.885850719551322	0.165052134395863
TCGA-09-2043-01	0	0.906906379955791	0.233020680592808
TCGA-09-2044-01	0	0.2710862629347	0.235545156085966
TCGA-09-2049-01	0	0.713950989114829	0.101865979950864
TCGA-09-2050-01	0.636043571472023	0.363956451853076	1
TCGA-09-2051-01	0	0.694978539975675	0.687190219356697
TCGA-09-2053-01	0	0.380337319188496	0.198469164405376
TCGA-09-2054-01	0	0.702196375316895	0.4462930725948
TCGA-09-2055-01	0	0.762125879402892	0.261022765483481
TCGA-10-0925-01	0	0.202584248392527	0.0309480682525992
TCGA-10-0926-01	0	0.202146482929573	0.125722308348855
TCGA-10-0927-01	1	2.33250992964784e-08	1
TCGA-10-0928-01	0.787824657391612	2.33250992964784e-08	0.787824657391612
TCGA-10-0930-01	0	0.85657534081702	0.551133072676904
TCGA-10-0931-01	0	0.670663896702279	0.670627859423919
TCGA-10-0933-01	0	0.479763657032219	0.054060395959421
TCGA-10-0935-01	1	2.33250992964784e-08	1
TCGA-10-0936-01	0	0.951858744505073	0.031163778770577
TCGA-10-0937-01	0	0.731794993276773	0.129890806813317
TCGA-10-0938-01	0	0.922823847544166	0.659271661646483
TCGA-13-0714-01	0	0.519460013689034	0.202509001622307
TCGA-13-0717-01	0.475185943026299	0.5248140802988	1
TCGA-13-0720-01	0	0.957668023752042	0.0309845020576469
TCGA-13-0723-01	0	0.80041769188253	0.226803048833055
TCGA-13-0724-01	0	0.848793924427425	0.0766446900691431
TCGA-13-0725-01	1.76337750422931e-05	0.670646286252336	0.670663896702279
TCGA-13-0726-01	0	0.211586780378703	0.211487368805647
TCGA-13-0727-01	0	0.223642194656724	0.223610169295436
TCGA-13-0730-01	1	2.33250992964784e-08	1
TCGA-13-0751-01	0	0.777277723933082	0.0467736349498808
TCGA-13-0755-01	0.917399152533834	2.33250992964784e-08	0.917399152533834
TCGA-13-0757-01	0.188611417654749	2.33250992964784e-08	0.188611417654749
TCGA-13-0758-01	0	0.55785305709947	0.557841021348251
TCGA-13-0760-01	0	0.823191222522567	0.121648813013689
TCGA-13-0761-01	0	0.794223291921641	0.793926083506841
TCGA-13-0762-01	0	0.994868151610906	0.153606904714544
TCGA-13-0764-01	0	0.687539745969143	0.144629143983785
TCGA-13-0766-01	0.432830618353979	2.33250992964784e-08	0.43283061835398
TCGA-13-0768-01	1.04962946680316e-06	0.253635846497708	0.253636872802076
TCGA-13-0791-01	0	0.985737075002696	0.221470907816595
TCGA-13-0791-02	0	0.618348521393968	0.337270742264371
TCGA-13-0792-01	0	0.783669640834524	0.281520909365382
TCGA-13-0793-01	0	0.579011301290494	0.102759424553007
TCGA-13-0794-01	0	0.135864597985383	0.0513596993413366
TCGA-13-0795-01	0	0.794753494752972	0.129433914768968
TCGA-13-0797-01	0	0.460470767679399	0.38667001366291
TCGA-13-0799-01	4.36879109182737e-05	0.964258833774893	0.964302498360712
TCGA-13-0800-01	0	0.307341351071854	0.129908557213856
TCGA-13-0801-01	0	0.472611271919529	0.472052402541204
TCGA-13-0802-01	0.999981456546087	2.33250992964784e-08	0.999981456546087
TCGA-13-0803-01	2.72437159383575e-05	0.557841021348251	0.55786824173909
TCGA-13-0804-01	0	0.143298470395971	0.14326971054858
TCGA-13-0805-01	0	0.520839250133513	0.0611178945683121
TCGA-13-0807-01	0	0.444908074850803	0.241195708032455
TCGA-13-0883-01	0	0.583541338793521	0.583496834504129
TCGA-13-0884-01	0	0.784992127312497	0.371838259469897
TCGA-13-0885-01	0	1	0.144633995604432
TCGA-13-0886-01	0	0.962528741187311	0.862714740193848
TCGA-13-0887-01	0	0.383462089436268	0.241833532871782
TCGA-13-0888-01	0	0.955639533169597	0.910060889705122
TCGA-13-0889-01	1	2.33250992964784e-08	1
TCGA-13-0890-01	0	0.518506553606489	0.503631111502558
TCGA-13-0893-01	0	0.530946901997636	0.327509631399987
TCGA-13-0897-01	0	0.416888426160386	0.237202031186964
TCGA-13-0899-01	0	0.675428771304679	0.675383730538004
TCGA-13-0900-01	0	0.921011907183272	0.137745580640093
TCGA-13-0903-01	0	0.61531054384055	0.158588889340877
TCGA-13-0904-01	0	0.76570229354768	0.0257346053411865
TCGA-13-0905-01	0.0387242831450594	0.46360286200834	0.5023271218283
TCGA-13-0906-01	0	0.0461415480849721	0.0460688670756707
TCGA-13-0908-01	0	0.944015703203227	0.0614744187105363
TCGA-13-0910-01	0	0.484914632002708	0.0300071803985569
TCGA-13-0911-01	0	0.543589222423295	0.180640997985831
TCGA-13-0912-01	0	0.623917108941649	0.130050210541676
TCGA-13-0913-01	0	0.620421842817194	0.0302772150727164
TCGA-13-0913-02	0	0.620484377408317	0.0610165703371167
TCGA-13-0916-01	0	0.668231088849222	0.174082189999168
TCGA-13-0919-01	0	0.752522936036607	0.0017639839568101
TCGA-13-0920-01	0	0.308202607037015	0.163223773165089
TCGA-13-0921-01	0	0.722941065497998	0.214258670499198
TCGA-13-0924-01	0	0.680672836746324	0.000109581316334206
TCGA-13-1403-01	0	0.0615672059554017	0.0614744187105363
TCGA-13-1404-01	0	0.843490449957959	0.0614744187105363
TCGA-13-1405-01	0	0.452587583881722	0.375282280351272
TCGA-13-1407-01	0	0.993778636224364	0.202053159207424
TCGA-13-1408-01	0	0.883590027605721	0.87275479592031
TCGA-13-1410-01	1	2.33250992964784e-08	1
TCGA-13-1411-01	0	0.908109628526335	0.243736651045692
TCGA-13-1412-01	0	0.804921348698292	0.325725587857812
TCGA-13-1481-01	0	0.332075263004489	0.0643189845408706
TCGA-13-1482-01	0	0.557847319125051	0.202526891973442
TCGA-13-1483-01	0.997487956784749	2.33250992964784e-08	0.997487956784749
TCGA-13-1484-01	1	2.33250992964784e-08	1
TCGA-13-1485-01	5.36477283032726e-07	0.820859972151697	0.820860485303881
TCGA-13-1487-01	0	0.935163221580606	0.0309705069980896
TCGA-13-1488-01	0	0.2608261115716	0.224668568999562
TCGA-13-1489-01	0	0.580344703914922	0.0309480682525992
TCGA-13-1489-02	0	0.707101340465464	0.325520023758013
TCGA-13-1491-01	1	2.33250992964784e-08	1
TCGA-13-1492-01	0	0.236588977603053	0.236563996421743
TCGA-13-1494-01	0	0.879863679722875	0.0489381808363224
TCGA-13-1495-01	1	2.33250992964784e-08	1
TCGA-13-1496-01	0	0.452587583881722	0.380216028672332
TCGA-13-1497-01	0	0.911098879947393	0.158612634291927
TCGA-13-1498-01	0	0.55690701439849	0.265062182848625
TCGA-13-1499-01	0	0.100283815142804	0.099807190064478
TCGA-13-1500-01	0	0.21084035387721	0.183412323004482
TCGA-13-1501-01	0	0.591659779542358	0.329263538913916
TCGA-13-1504-01	0	0.61351052260538	0.589007109303654
TCGA-13-1505-01	0	0.701553279005134	0.0309705069980896
TCGA-13-1506-01	0	0.992466342814769	0.268419177784653
TCGA-13-1507-01	0	0.741804049946315	0.243722026208455
TCGA-13-1509-01	1	2.33250992964784e-08	1
TCGA-13-1511-01	0	0.459802433610236	0.0786097130564949
TCGA-13-1512-01	0	0.403171168535225	0.326922165449967
TCGA-13-1817-01	0	0.263387860573379	0.254058380670845
TCGA-13-1817-02	0	0.138916057446174	0.054060395959421
TCGA-13-1819-01	0	0.555662900254038	0.103625252237623
TCGA-13-1819-02	0	0.800361618343903	0.0763718330579728
TCGA-13-2057-01	0	0.695511308567925	0.0916033094770438
TCGA-13-2059-01	0	0.670646286252336	0.199722585264434
TCGA-13-2060-01	0.9998166180696	2.33250992964784e-08	0.9998166180696
TCGA-13-2061-01	0	0.444913043096946	0.219401201783754
TCGA-13-2065-01	0	0.38450257546416	0.144633995604432
TCGA-13-2071-01	0	0.0312739898645913	0.0309845020576469
TCGA-13-A5FT-01	0	0.91554989201412	0.4462930725948
TCGA-13-A5FU-01	0	0.889533262897754	0.889521530372825
TCGA-20-0987-01	0.927429155142513	2.33250992964784e-08	0.927429155142513
TCGA-20-0990-01	0	0.874883864330773	0.13029197519553
TCGA-20-0991-01	0	0.221534492037184	0.221515225505194
TCGA-20-1682-01	1	2.33250992964784e-08	1
TCGA-20-1683-01	0	0.92121147673256	0.249646321519886
TCGA-20-1684-01	1.95930833803256e-06	0.580123931850404	0.580125867833643
TCGA-20-1685-01	0	0.363277854740239	0.334912154877166
TCGA-20-1686-01	0	0.0394828853483669	0.0394334361379308
TCGA-20-1687-01	0	0.847489561551578	0.299733636696464
TCGA-23-1021-01	0	0.323174568401693	0.18672786923912
TCGA-23-1022-01	0	0.78079815783964	0.0890676612613392
TCGA-23-1023-01	0.731673072982929	2.33250992964784e-08	0.731673072982929
TCGA-23-1024-01	3.49876488934386e-07	0.323204821055436	0.323205147606826
TCGA-23-1026-01	0	0.351244039504135	0.0674664267851258
TCGA-23-1027-01	0	0.794068436587639	0.134186100517369
TCGA-23-1028-01	0	0.0313461577217088	0.030598471664856
TCGA-23-1029-01	0	0.502856834832546	0.502544348477729
TCGA-23-1030-01	0	0.404233906707813	0.181038271076466
TCGA-23-1031-01	0	0.650495826300038	0.103561598041737
TCGA-23-1032-01	0	0.942144936941994	0.0300071803985569
TCGA-23-1109-01	0	0.438322956152172	0.436712894525394
TCGA-23-1110-01	0	0.786165239854795	0.458994638772585
TCGA-23-1111-01	1	2.33250992964784e-08	1
TCGA-23-1113-01	0	0.380986969853149	0.380889354312736
TCGA-23-1114-01	0	0.858983680640951	0.260821866403535
TCGA-23-1116-01	0	0.410750193038521	0.173096961131428
TCGA-23-1117-01	0	0.619504606613804	0.423911030420781
TCGA-23-1118-01	0	0.594369596274254	0.594039056292608
TCGA-23-1119-01	1	2.33250992964784e-08	1
TCGA-23-1120-01	0	0.275440125963	0.0614750251631171
TCGA-23-1121-01	0	0.942632501491873	0.0516795097773218
TCGA-23-1122-01	0.612236668959368	2.33250992964784e-08	0.612236668959368
TCGA-23-1123-01	1	2.33250992964784e-08	1
TCGA-23-1124-01	0	0.165221264690614	0.13029260497321
TCGA-23-1809-01	0	0.835935613582597	0.266477993048747
TCGA-23-2072-01	0	0.507540001612231	0.0924051330892843
TCGA-23-2077-01	0	0.581537036339012	0.403930027314624
TCGA-23-2078-01	0	0.253258166490453	0.250944573219726
TCGA-23-2079-01	0	0.18632222243785	0.186219428725401
TCGA-23-2081-01	0	0.951913628463637	0.381301718742594
TCGA-23-2084-01	0.42154441919943	0.097451494989582	0.518995890863913
TCGA-23-2641-01	0	0.912077134610454	0.867248626338254
TCGA-23-2643-01	1	2.33250992964784e-08	1
TCGA-23-2645-01	0	0.834884887836129	0.185361461599236
TCGA-24-0966-01	1	2.33250992964784e-08	1
TCGA-24-0968-01	0	0.436947824925164	0.233153866909596
TCGA-24-0970-01	0	0.970662879727951	0.33005733869201
TCGA-24-0975-01	0.47118809098804	2.33250992964784e-08	0.47118809098804
TCGA-24-0979-01	0	0.731923491248609	0.56480657241585
TCGA-24-0982-01	0	0.0199234367611775	0.0199221072305196
TCGA-24-1103-01	0	0.53666810566979	0.125724314307392
TCGA-24-1104-01	0	0.457380961755421	0.0957662332427822
TCGA-24-1105-01	0	0.819943808902873	0.81758990986062
TCGA-24-1413-01	0	0.51687944133215	0.202133047672398
TCGA-24-1416-01	1	2.33250992964784e-08	1
TCGA-24-1417-01	0	0.656329550251034	0.0595396017267291
TCGA-24-1418-01	0	0.250944573219726	0.125722308348855
TCGA-24-1419-01	0	0.847562359186376	0.0309705069980896
TCGA-24-1422-01	0	0.700348234401946	0.222357611465051
TCGA-24-1423-01	0	0.257181378211073	0.0684071746885726
TCGA-24-1425-01	0.895830339945595	2.33250992964784e-08	0.895830339945595
TCGA-24-1426-01	0	0.791320483318449	0.0516795097773218
TCGA-24-1427-01	0	0.657094940058227	0.21098200720503
TCGA-24-1428-01	0	0.83270002578823	0.220132163744436
TCGA-24-1430-01	0	0.591898581908605	0.591825201146326
TCGA-24-1431-01	0	0.452587583881722	0.437659590329153
TCGA-24-1434-01	0	0.987673757994445	0.486702827412552
TCGA-24-1435-01	0	0.93653658010007	0.736369814970385
TCGA-24-1436-01	0	0.633853951103874	0.248419607899483
TCGA-24-1463-01	0	0.647922321448231	0.0912733526228794
TCGA-24-1464-01	0	0.999029022767909	0.238803882378802
TCGA-24-1466-01	0	0.99218329273522	0.137982003846216
TCGA-24-1469-01	0	0.511245170304947	0.247973445400794
TCGA-24-1470-01	0.644598751379446	2.33250992964784e-08	0.644598751379446
TCGA-24-1471-01	0	0.184572490116689	0.0716835114313512
TCGA-24-1474-01	0	0.895174788030828	0.895073137248243
TCGA-24-1544-01	0.211171826862826	0.788828196462273	1
TCGA-24-1545-01	0.762315535784994	2.33250992964784e-08	0.762315535784994
TCGA-24-1546-01	0.00176398395681013	2.33250992964784e-08	0.0017639839568101
TCGA-24-1548-01	0	0.0806286869984404	0.0309845020576469
TCGA-24-1549-01	0.00505240310100664	0.613463545855466	0.618515925631373
TCGA-24-1550-01	0	0.93259377529607	0.93075927956419
TCGA-24-1551-01	0	0.89401308146207	0.185361461599236
TCGA-24-1552-01	0	0.961130541437132	0.369956740337904
TCGA-24-1556-01	0	0.0199221072305196	0.00014531536840412
TCGA-24-1557-01	0	0.324394890944898	0.0302730398799486
TCGA-24-1558-01	0	0.740324305649115	0.00014531536840412
TCGA-24-1560-01	0	0.668396137251602	0.569778597224798
TCGA-24-1562-01	0	0.469415709995495	0.13029260497321
TCGA-24-1563-01	0	0.654871101769461	0.0517690315082905
TCGA-24-1564-01	1	2.33250992964784e-08	1
TCGA-24-1565-01	0	0.70760707526767	0.707574956605985
TCGA-24-1567-01	0.812820906715651	2.33250992964784e-08	0.812820906715651
TCGA-24-1603-01	0	0.347413545053082	0.336151347425674
TCGA-24-1614-01	0	0.91941682027022	0.0735762499360892
TCGA-24-1843-01	0	0.32919482317149	0.31515434964585
TCGA-24-1844-01	0	0.985849688581935	0.0933323057849605
TCGA-24-1845-01	0.269327177248736	0.0943477873064437	0.36367494123008
TCGA-24-1846-01	0	0.538468010279465	0.0624530932253835
TCGA-24-1847-01	0	0.991438942167562	0.180308685296641
TCGA-24-1849-01	0	0.380337319188496	0.380216028672332
TCGA-24-1850-01	0	0.173696229581675	0.173600410073905
TCGA-24-1852-01	0.999033967688953	2.33250992964784e-08	0.999033967688953
TCGA-24-1852-02	0	0.794068436587639	0.000471703482381347
TCGA-24-1920-01	0	0.477749814612111	0.0309480682525992
TCGA-24-1923-01	0	0.863317204182694	0.232052688973423
TCGA-24-1924-01	0	0.78760498160676	0.0017639839568101
TCGA-24-1927-01	0	0.647720186138024	0.132585462230693
TCGA-24-1928-01	0.00654658563464983	0.487955898395121	0.494502460704672
TCGA-24-1930-01	0	0.483716188402611	0.481730196151023
TCGA-24-2019-01	0	0.936594706247432	0.0607761818641196
TCGA-24-2020-01	0	0.935163221580606	0.0819908961204575
TCGA-24-2023-01	0	0.436868402962176	0.214670894978461
TCGA-24-2024-01	0	0.901600806227391	0.078900786970189
TCGA-24-2026-01	0	0.483020727243007	0.243017911437024
TCGA-24-2027-01	0	0.319170371936435	0.0868624364017844
TCGA-24-2029-01	1	2.33250992964784e-08	1
TCGA-24-2030-01	0	0.88455631649286	0.0920457632849503
TCGA-24-2033-01	0.52147929085727	0.222135906396563	0.743615173928734
TCGA-24-2035-01	0	0.38128289538749	0.0481974223339505
TCGA-24-2254-01	0	0.261292940108236	0.260707363491256
TCGA-24-2260-01	0.999981456546087	2.33250992964784e-08	0.999981456546087
TCGA-24-2261-01	0	0.647922321448231	0.200609988665868
TCGA-24-2262-01	0	0.759879928920026	0.504611022247666
TCGA-24-2267-01	0	0.719614999643593	0.167019279967248
TCGA-24-2271-01	0	0.099772948818761	0.0989162412479563
TCGA-24-2280-01	0	0.462847595294227	0.185361461599236
TCGA-24-2281-01	0	0.651344253460605	0.650724085721419
TCGA-24-2288-01	0	0.943959163162615	0.102759424553007
TCGA-24-2289-01	0	0.642503481037814	0.0837982647618956
TCGA-24-2290-01	0.342802336204622	0.563655828643744	0.906458141523267
TCGA-24-2293-01	0	0.935163221580606	0.474746264905205
TCGA-24-2295-01	0	0.868747613842345	0.257462795533673
TCGA-24-2297-01	0	0.744969382541704	0.200505562196471
TCGA-24-2298-01	0	0.278379554972034	0.0537947230788235
TCGA-25-1312-01	0.934385796022194	2.33250992964784e-08	0.934385796022194
TCGA-25-1313-01	0	0.435151559030975	0.418074297531981
TCGA-25-1314-01	0	0.58597948809431	0.584199409819008
TCGA-25-1315-01	0	0.75253641794398	0.0730024291691376
TCGA-25-1316-01	0	0.930905784512657	0.930735417987645
TCGA-25-1318-01	0	0.20248614302503	0.0841316504056515
TCGA-25-1319-01	0	0.756622322231954	0.0614744187105363
TCGA-25-1320-01	0	0.537522923907555	0.0615249408755384
TCGA-25-1321-01	0.184415465548455	2.33250992964784e-08	0.184415465548455
TCGA-25-1322-01	0	0.706310316374182	0.387327244984824
TCGA-25-1323-01	0	0.529957637887724	0.172825970128198
TCGA-25-1329-01	0	0.200613487430757	0.0309705069980896
TCGA-25-1623-01	0	0.302811220268429	0.302457261887124
TCGA-25-1625-01	2.33250992622924e-07	0.130292395047316	0.13029260497321
TCGA-25-1626-01	1	2.33250992964784e-08	1
TCGA-25-1627-01	0	0.812528853147787	0.458814965532967
TCGA-25-1628-01	1	2.33250992964784e-08	1
TCGA-25-1630-01	0	0.814070782159621	0.380254235184923
TCGA-25-1632-01	0	0.0608554872016114	0.0607761818641196
TCGA-25-1633-01	0	0.557847319125051	0.18537494350661
TCGA-25-1634-01	3.96526687458971e-05	0.253883815627966	0.253923444971612
TCGA-25-1635-01	1	2.33250992964784e-08	1
TCGA-25-1870-01	1	2.33250992964784e-08	1
TCGA-25-1871-01	0	0.745492331267165	0.710390972514823
TCGA-25-1877-01	0	0.685055856148701	0.0733850307723369
TCGA-25-1878-01	0	0.863963659308749	0.862067608639915
TCGA-25-2042-01	0	0.0805760655745047	0.0766493784140948
TCGA-25-2391-01	0	0.544505642248211	0.434009702121688
TCGA-25-2392-01	0	0.708790170952452	0.435607471421155
TCGA-25-2393-01	0	0.8458826721383	0.103625252237623
TCGA-25-2396-01	0	0.887932647936177	0.173027079134038
TCGA-25-2397-01	0	0.325918929605597	0.229793419858878
TCGA-25-2398-01	0	0.445466454402043	0.445355147028364
TCGA-25-2399-01	1	2.33250992964784e-08	1
TCGA-25-2400-01	0	1	0.193195709338661
TCGA-25-2401-01	0	0.563898129774881	0.563837041339913
TCGA-25-2404-01	0	0.243187578209058	0.054060395959421
TCGA-25-2408-01	0	0.93650180237707	0.13029260497321
TCGA-29-1688-01	2.33250992622924e-07	0.130292395047316	0.13029260497321
TCGA-29-1690-01	0	0.251104326824573	0.13029260497321
TCGA-29-1691-01	0	0.985244052379589	0.984070566635703
TCGA-29-1692-02	0	0.805705608510788	0.647774766870298
TCGA-29-1693-01	0	0.250648857611278	0.0482827222219527
TCGA-29-1694-01	0	0.358817699234601	0.336924177939532
TCGA-29-1695-01	0	0.50788404682635	0.138730063104657
TCGA-29-1696-01	0	0.323215224049707	0.144633995604432
TCGA-29-1697-01	0	0.561995268177063	0.32806983030897
TCGA-29-1698-01	1	2.33250992964784e-08	1
TCGA-29-1699-01	0	0.999033967688953	0.125722308348855
TCGA-29-1701-01	0	0.92490988114649	0.781409951868191
TCGA-29-1702-01	0.896374771087476	0.103625252237623	1
TCGA-29-1703-01	0	0.885644875550332	0.152539548172301
TCGA-29-1704-01	0	0.999211378393942	0.464208708136578
TCGA-29-1704-02	0	0.999029022767909	0.0763718330579728
TCGA-29-1705-01	0	0.673723379997216	0.15774302794123
TCGA-29-1705-02	0	0.673723379997216	0.15774302794123
TCGA-29-1707-02	0	0.266726498656288	0.177936872578155
TCGA-29-1710-01	0.00297936157897114	0.249054447126105	0.252033785379977
TCGA-29-1710-02	0	0.814902321948321	0.240099848218914
TCGA-29-1711-01	0	0.380896864994699	0.323540119357332
TCGA-29-1761-01	0	0.900305330214363	0.900180657558806
TCGA-29-1762-01	0	0.596010610307753	0.595891535676019
TCGA-29-1763-01	0	0.733662214122918	0.0419372922433409
TCGA-29-1764-01	1	2.33250992964784e-08	1
TCGA-29-1766-01	0	0.709463613218352	0.478252843702802
TCGA-29-1768-01	0.830498159742969	0.0199221072305196	0.850420243648389
TCGA-29-1769-01	0	0.816621381763952	0.185361461599236
TCGA-29-1770-01	0	0.910146212918224	0.224421439572878
TCGA-29-1770-02	0	0.910146212918224	0.380254235184923
TCGA-29-1775-01	1.14526237377856e-05	0.814070782159621	0.814082211458259
TCGA-29-1776-01	0	0.710390972514823	0.06815083184768
TCGA-29-1777-01	0	0.816621381763952	0.436020045776907
TCGA-29-1781-01	0	0.0451026481638295	0.0425414589644327
TCGA-29-1783-01	0	0.467071840745925	0.4462930725948
TCGA-29-1784-01	0.960527680921599	2.33250992964784e-08	0.960527680921599
TCGA-29-1785-01	0	0.875417635902291	0.0336907267242567
TCGA-29-2427-01	0	0.794068436587639	0.103625252237623
TCGA-29-2428-01	1	2.33250992964784e-08	1
TCGA-29-2429-01	0	0.023854089188462	0.0237917411981339
TCGA-29-2431-01	0	0.509441510354292	0.0614744187105363
TCGA-29-2432-01	1	2.33250992964784e-08	1
TCGA-29-2434-01	0	0.889708107841824	0.140117160107587
TCGA-29-A5NZ-01	0	0.810387865611601	0.78079815783964
TCGA-30-1714-01	0	0.499251031062688	0.0309705069980896
TCGA-30-1718-01	0	0.877198087379181	0.0522871286131045
TCGA-30-1853-01	0	0.529126541275909	0.327183663137797
TCGA-30-1855-01	0	0.810387865611601	0.103625252237623
TCGA-30-1856-01	0	0.620717068598557	0.471860436974276
TCGA-30-1857-01	0	0.978145245019905	0.313964186455992
TCGA-30-1860-01	0	0.766960309451293	0.243253051762687
TCGA-30-1861-01	0	0.937836021379973	0.241833532871782
TCGA-30-1862-01	0.435706393167127	2.33250992964784e-08	0.435706393167127
TCGA-30-1866-01	0	0.976359871947071	0.0340341421606953
TCGA-30-1867-01	0	0.744642737851635	0.125722308348855
TCGA-30-1880-01	0	0.805871986443826	0.0666413013987223
TCGA-30-1887-01	1	2.33250992964784e-08	1
TCGA-30-1891-01	0	0.380337319188496	0.380216028672332
TCGA-30-1892-01	0	0.202584248392527	0.202509001622307
TCGA-31-1944-01	0	0.961310028075955	0.0764077303857374
TCGA-31-1946-01	0	0.799865820033984	0.0855787162387849
TCGA-31-1950-01	0	0.733971878140725	0.145248518669596
TCGA-31-1951-01	0	0.455180261965123	0.0394523761185318
TCGA-31-1953-01	0	0.994085314629465	0.0917318540990784
TCGA-31-1955-01	0	0.960450008341056	0.186219428725401
TCGA-31-1956-01	0	0.303274153513488	0.257365156668161
TCGA-31-1959-01	0	0.453410516708795	0.4462930725948
TCGA-36-1568-01	0	0.240855558109913	0.240847067773782
TCGA-36-1569-01	0	0.678210009490516	0.0309845020576469
TCGA-36-1570-01	0	0.93653658010007	0.128692433188519
TCGA-36-1571-01	0	0.202584248392527	0.202509001622307
TCGA-36-1574-01	0	0.86667205320959	0.591825201146326
TCGA-36-1575-01	0	0.836763514655813	0.0829688242321284
TCGA-36-1576-01	0	0.372468410351567	0.0309845020576469
TCGA-36-1577-01	0	0.87718259951327	0.440093167910485
TCGA-36-1578-01	0	0.598111571973606	0.0309705069980896
TCGA-36-1580-01	0	0.233065907960278	0.231217627094734
TCGA-36-1581-01	0	0.591949803826585	0.460237843238166
TCGA-36-2529-01	0	0.238433433152318	0.238352774959069
TCGA-36-2530-01	0	0.933570233926488	0.641813034774551
TCGA-36-2532-01	0	0.935144071674111	0.046080179748813
TCGA-36-2534-01	0	0.809373713620776	0.0683935994808019
TCGA-36-2537-01	0	0.363656561051861	0.0593978317734128
TCGA-36-2538-01	3.28883899598323e-06	0.712274660881047	0.712277926394944
TCGA-36-2542-01	0.957232427523319	2.33250992964784e-08	0.957232427523319
TCGA-36-2543-01	0	0.467582590444472	0.0199691306306323
TCGA-36-2544-01	0	0.942776114128031	0.0756306313787148
TCGA-36-2545-01	0	0.405167820357176	0.404923466617304
TCGA-36-2547-01	0	0.45636286782282	0.0788375526260889
TCGA-36-2548-01	0	0.606301434176383	0.0554388860007232
TCGA-36-2549-01	0	0.862551254573119	0.138301720981804
TCGA-36-2551-01	0	0.0608554872016114	0.0607761818641196
TCGA-36-2552-01	0.968836244554522	0.031163778770577	1
TCGA-3P-A9WA-01	0	0.454327519661193	0.0728402964041653
TCGA-42-2582-01	0	0.787250300147377	0.0201335026051337
TCGA-42-2587-01	0	0.837078310195457	0.28922003480478
TCGA-42-2588-01	0	0.484019064816532	0.0199221072305196
TCGA-42-2589-01	0	0.982680180793777	0.157377290384797
TCGA-42-2590-01	0.301621850131945	0.0947107491760641	0.39633257598291
TCGA-42-2591-01	0	0.844375147647878	0.31070692964441
TCGA-42-2593-01	0	0.526844786765674	0.521219612527183
TCGA-57-1582-01	0	0.847125853278781	0.145483379094068
TCGA-57-1583-01	0.0119019584499744	0.452587583881722	0.464489519006597
TCGA-57-1584-01	0	0.820877349350648	0.315629132041334
TCGA-57-1585-01	0	0.989925073250142	0.239713817826123
TCGA-57-1586-01	0	0.845494845712865	0.347718380775341
TCGA-57-1992-01	1	2.33250992964784e-08	1
TCGA-57-1993-01	0	0.940783520873351	0.452699381082486
TCGA-57-1994-01	0	0.943006846009934	0.299733636696464
TCGA-59-2349-01	4.80497044803224e-06	0.274795490194688	0.274800271840037
TCGA-59-2350-01	0	0.752522936036607	0.752495715645767
TCGA-59-2351-01	0	0.946534020870179	0.55786824173909
TCGA-59-2352-01	0	0.799064486248828	0.170731586140338
TCGA-59-2355-01	0	0.645777881797354	0.103625252237623
TCGA-59-2363-01	0	0.546587990484852	0.33005733869201
TCGA-59-A5PD-01	0	0.307210800491283	0.304443160838315
TCGA-61-1721-01	1.63742196821293e-05	0.205222550370085	0.205238901264668
TCGA-61-1722-01	0	0.520848720123813	0.301410454757331
TCGA-61-1724-01	0	0.542940341486917	0.511009376876504
TCGA-61-1725-01	0.815424127743918	2.33250992964784e-08	0.815424127743918
TCGA-61-1727-01	0	0.966664024710424	0.944681284910676
TCGA-61-1728-01	0	0.762274413634995	0.443653231160691
TCGA-61-1730-01	0	0.78528259477361	0.481730196151023
TCGA-61-1733-01	0	0.315063148507735	0.314915150752916
TCGA-61-1736-01	0	0.92464019634882	0.423927684541654
TCGA-61-1737-01	0	0.131295304340297	0.131014073618492
TCGA-61-1738-01	0	0.613230084936949	0.506652738161393
TCGA-61-1740-01	0	0.336568773402072	0.221885698056777
TCGA-61-1741-01	0	0.463318225822042	0.278291316121525
TCGA-61-1743-01	0.493294757040168	0.506652738161393	0.999947471876461
TCGA-61-1895-01	0	0.522128218443846	0.484708344824832
TCGA-61-1899-01	0	0.510611147456799	0.503748226825954
TCGA-61-1900-01	0	0.336568773402072	0.336480231325272
TCGA-61-1901-01	0	0.400816103238009	0.253848478102583
TCGA-61-1903-01	0	0.751547177159167	0.0709421231512993
TCGA-61-1904-01	1	2.33250992964784e-08	1
TCGA-61-1906-01	0	0.410933831545014	0.40635086939176
TCGA-61-1907-01	0	0.216318626640548	0.216252523309238
TCGA-61-1910-01	0	0.185870905092224	0.185516433558735
TCGA-61-1911-01	0.325121817663407	0.674859662207778	0.999981456546087
TCGA-61-1913-01	0	0.870439523242435	0.046080179748813
TCGA-61-1914-01	0.941819318556292	2.33250992964784e-08	0.941819318556292
TCGA-61-1915-01	0.068720943923849	2.33250992964784e-08	0.068720943923849
TCGA-61-1916-02	0	0.684279946721741	0.301756365979391
TCGA-61-1917-01	0	0.45613365207237	0.423911030420781
TCGA-61-1918-01	0	0.814070782159621	0.268535546704873
TCGA-61-1919-01	0	0.891242502846595	0.251111557605345
TCGA-61-1995-01	0	0.175635081807654	0.175609400873366
TCGA-61-1998-01	0	0.0244516315813633	0.0207544400725952
TCGA-61-2000-01	0	0.799901740686848	0.365830087101519
TCGA-61-2002-01	6.99752977868773e-06	0.128715361761094	0.128722335965773
TCGA-61-2003-01	0	0.242056357545035	0.128691593484945
TCGA-61-2008-01	0	0.247951729733381	0.0309705069980896
TCGA-61-2008-02	0	0.247951729733381	0.231230829100916
TCGA-61-2009-01	0.00537195696090004	0.238364717409891	0.243736651045692
TCGA-61-2012-01	0.678299904423073	2.33250992964784e-08	0.678299904423073
TCGA-61-2087-01	0	0.980328404335557	0.128715361761094
TCGA-61-2088-01	1	2.33250992964784e-08	1
TCGA-61-2095-02	0	0.788651742086354	0.130361577291728
TCGA-61-2096-01	0	0.574969504765224	0.35963284147852
TCGA-61-2097-01	1	2.33250992964784e-08	1
TCGA-61-2098-01	0	0.255184096611442	0.251560215889655
TCGA-61-2101-01	9.16676401008092e-06	0.154110540257815	0.154119683696726
TCGA-61-2102-01	0	0.798663131265821	0.0609543856224835
TCGA-61-2104-01	0	0.165074549816254	0.13029197519553
TCGA-61-2109-01	0.505507079260927	2.33250992964784e-08	0.505507079260927
TCGA-61-2110-01	0	0.653943229320807	0.597698391165273
TCGA-61-2111-01	0	0.563882245382283	0.563837041339913
TCGA-61-2113-01	0	0.276983221229796	0.276950472790432
TCGA-61-2610-02	0	0.752508031298178	0.0758913126880703
TCGA-61-2611-02	0	0.356887267369455	0.355018367116163
TCGA-61-2612-01	0	0.157435206606265	0.153152135254227
TCGA-61-2613-01	0	0.208682012467172	0.208638744408041
TCGA-61-2614-01	1	2.33250992964784e-08	1
TCGA-72-4231-01	0	0.636195324567823	0.153993238333625
TCGA-72-4232-01	0	0.847635856574151	0.0309705069980896
TCGA-72-4233-01	0	0.28267186306338	0.232040046769623
TCGA-72-4234-01	0	0.83270002578823	0.128722335965773
TCGA-72-4235-01	0	0.740157414563893	0.000471703482381347
TCGA-72-4236-01	0.878739666514525	0.121260356810574	1
TCGA-72-4237-01	0	0.668284643277128	0.569719234847176
TCGA-72-4238-01	0	0.469415709995495	0.13029260497321
TCGA-72-4240-01	0	0.851154914299853	0.0300071803985569
TCGA-72-4241-01	0	0.879388360850108	0.274798382506997
TCGA-OY-A56P-01	0	0.78079815783964	0.0829688242321284
TCGA-VG-A8LO-01	0	0.882383350245585	0.180137059216269
TCGA-WR-A838-01	1	2.33250992964784e-08	1
