Sample	percent	start	end
TCGA-04-1341-01	0.013441514325206	4.92170260102398e-08	0.013441514325206
TCGA-04-1343-01	0.326542023563931	0.603641951648012	0.930183925994917
TCGA-04-1347-01	0.0347085357875699	0.380289772131076	0.414998258701619
TCGA-04-1356-01	0.310407845745178	0.618672290007192	0.929080086535344
TCGA-04-1364-01	0.00427986336566104	0.362084148121199	0.366363962269834
TCGA-04-1516-01	0.00323346017545279	0.604991827020659	0.608225237979086
TCGA-04-1654-01	0.3360559207787	0.663944128438326	1
TCGA-09-0365-01	0.000570622199674262	0.926054223775643	0.926624796758291
TCGA-09-1667-01	0.0273726888422836	0.0665303945650229	0.0939030341902805
TCGA-09-1668-01	0.018645624222494	0.981354424994532	1
TCGA-09-1670-01	0.396081990053042	0.603918059163984	1
TCGA-09-1673-01	0.000141351298729039	0.654864571478182	0.655005873559885
TCGA-09-1675-01	0.304436885365475	0.695563163851551	1
TCGA-09-2050-01	0.0206400457678968	0.681876401085688	0.702516397636559
TCGA-09-2051-01	0.934780894659224	0.0652191545578018	1
TCGA-09-2054-01	1.67337888467526e-06	0.566839477488428	0.566841101650286
TCGA-10-0928-01	0.599913023671618	0.400087025545408	1
TCGA-10-0933-01	0.073375252458735	0.926624796758291	1
TCGA-10-0934-01	0.00606466959724526	0.165586648247687	0.171651268627906
TCGA-13-0717-01	0.137891341799843	0.623043254088015	0.760934546670832
TCGA-13-0723-01	0.00549350601028478	0.0721985718006521	0.0776920285939109
TCGA-13-0730-01	0.0878028791172749	0.912197170099751	1
TCGA-13-0801-01	0.0439366789492677	0.0797212465767098	0.123657876308951
TCGA-13-0803-01	0.00922046530563872	0.694135082624559	0.703355498713172
TCGA-13-0807-01	0.0218475855012941	0.0409283866678557	0.0627759229521239
TCGA-13-0887-01	0.307838224816681	0.692161824400345	1
TCGA-13-0891-01	0.112174756666102	0.634515841287297	0.746690548736373
TCGA-13-0901-01	0.999882617392943	0.000117431824083414	1
TCGA-13-0911-01	0.00237255595631339	0.795685753619962	0.798058260359249
TCGA-13-0913-01	0.497772388185315	0.502227661031711	1
TCGA-13-0913-02	0.0628005314651338	0.937199517751892	1
TCGA-13-0920-01	0.646985270131585	0.353014779085441	1
TCGA-13-1489-01	0.315224223911482	0.537277516894729	0.852501691589184
TCGA-13-1489-02	0.315224223911482	0.537277516894729	0.852501691589184
TCGA-13-1494-01	0.0749152532028964	0.92508479601413	1
TCGA-13-1505-01	0.133835120600416	0.86616492861661	1
TCGA-13-1511-01	4.92170260198604e-08	4.92170260102398e-08	4.92170260102398e-08
TCGA-13-1512-01	0.00059237612517504	0.51982077915277	0.520413106060919
TCGA-13-2057-01	0.504750771870619	0.381333566818905	0.886084289472498
TCGA-13-2059-01	0.00814049610368492	0.852500904116768	0.860641351003427
TCGA-13-2060-01	0.999882617392943	0.000117431824083414	1
TCGA-13-A5FU-01	0.00412980065332649	0.165586648247687	0.169716399683987
TCGA-20-0987-01	0.000117431824083387	4.92170260102398e-08	0.000117431824083414
TCGA-20-1683-01	1	4.92170260102398e-08	1
TCGA-20-1684-01	0.0417307718430575	4.92170260102398e-08	0.0417307718430575
TCGA-20-1686-01	0.184602778242058	0.815397270974968	1
TCGA-23-1028-01	0.361065158814484	0.638934890402542	1
TCGA-23-1032-01	1.67337888467526e-06	0.566839477488428	0.566841101650286
TCGA-23-1114-01	0.879682630898095	0.120317418318932	1
TCGA-23-1117-01	0.136750097400494	0.863249951816532	1
TCGA-23-1124-01	0.00252557169020914	0.935071373546793	0.937596896019977
TCGA-23-2077-01	0.351233860998913	0.648766188218113	1
TCGA-24-0968-01	0.0379531190109031	0.66869583543244	0.706648905226317
TCGA-24-1105-01	0.0659825598483958	0.206765155841776	0.272747666473145
TCGA-24-1424-01	0.00810122091692107	0.986580830204607	0.994682001904502
TCGA-24-1425-01	0.169259075078211	0.830740974138815	1
TCGA-24-1427-01	0.169423213859987	0.830576835357039	1
TCGA-24-1428-01	0.00313512455746511	0.263776042451063	0.266911117791502
TCGA-24-1431-01	0.0166027731234877	4.92170260102398e-08	0.0166027731234877
TCGA-24-1466-01	0.126566504112673	0.746043837014472	0.872610291910119
TCGA-24-1474-01	1	4.92170260102398e-08	1
TCGA-24-1551-01	0.00010945866586817	0.497480235918861	0.497589645367703
TCGA-24-1553-01	0.000176689123411299	0.5614030140113	0.561579653917685
TCGA-24-1556-01	0.0308467218409215	0.509974962314523	0.540821634938419
TCGA-24-1558-01	0.0823915655404433	0.598002910891787	0.680394427215204
TCGA-24-1564-01	0.074926769986985	0.000117431824083414	0.0750441525940424
TCGA-24-1565-01	7.38747560558105e-05	0.49568228874133	0.49575611428036
TCGA-24-1567-01	0.0832610335221102	0.916739015694916	1
TCGA-24-1842-01	0.0310082521203187	0.000270644426083266	0.0312788473293759
TCGA-24-1844-01	0.100123574108931	4.92170260102398e-08	0.100123574108931
TCGA-24-1846-01	0.390172304870733	0.597442771918655	0.987615027572362
TCGA-24-1847-01	0.00836280941021663	0.824383906189986	0.832746666383177
TCGA-24-1852-01	0.626606763639957	0.373393285577069	1
TCGA-24-1852-02	0.626606763639957	0.373393285577069	1
TCGA-24-1920-01	0.37046359288621	0.629536456330816	1
TCGA-24-2019-01	0.0311402029670779	0.968859846249948	1
TCGA-24-2020-01	0.0199822109981154	0.63099505211394	0.65097721389503
TCGA-24-2023-01	0.390430841908416	0.441036132581218	0.831466925272608
TCGA-24-2024-01	0.462249704353325	0.537750344863701	1
TCGA-24-2027-01	0.018529029087853	0.600417153669139	0.618946133539966
TCGA-24-2254-01	1	4.92170260102398e-08	1
TCGA-24-2260-01	0.364610802585981	0.534310665349225	0.89892141871818
TCGA-24-2262-01	0.0652160046681365	0.683939431165363	0.749155386616473
TCGA-24-2281-01	0.133883943890228	0.426122783092888	0.56000667776609
TCGA-24-2288-01	0.0188020359311851	0.157717682476553	0.176519669190713
TCGA-24-2289-01	0.0361076281862364	0.505258691579144	0.541366270548354
TCGA-25-1313-01	0.0459766754607649	0.772930310856705	0.818906937100444
TCGA-25-1315-01	0.000983306962850792	0.198644149680394	0.199627407426219
TCGA-25-1319-01	0.310060127456348	0.128422970334142	0.438483048573464
TCGA-25-1630-01	0.0650060940521618	0.83168997683453	0.896696021669666
TCGA-25-1634-01	0.039496614163912	0.639342653463117	0.678839218410003
TCGA-25-1877-01	4.92170260198604e-08	4.92170260102398e-08	4.92170260102398e-08
TCGA-25-1878-01	0.130571638039091	0.869428411177935	1
TCGA-25-2392-01	0.0224900153419313	0.572807681714674	0.595297647839579
TCGA-25-2396-01	0.136491265060656	0.764485555098165	0.900976770941795
TCGA-25-2398-01	0.0598383063200764	0.94016174289695	1
TCGA-25-2400-01	0.416195708944683	0.583804340272343	1
TCGA-25-2401-01	0.0121684667301763	0.662668570774969	0.67483698828812
TCGA-25-2404-01	0.34678621679155	0.653213832425476	1
TCGA-29-1694-01	0.123436005955654	0.876564043261372	1
TCGA-29-1697-01	0.359072804384174	0.640927244832852	1
TCGA-29-1702-01	0.37326182690057	0.626738222316456	1
TCGA-29-1710-02	0.0180435031261671	0.822195618779091	0.840239072688232
TCGA-29-1766-01	0.0154821014410155	0.822195618779091	0.83767767100308
TCGA-29-1774-01	0.0132002032466307	0.974671392682373	0.987871546711978
TCGA-29-1781-01	0.00550192212173418	0.174998764652647	0.180500637557355
TCGA-29-2427-01	0.0657320944029807	0.934267954814045	1
TCGA-29-2429-01	0.810722539409549	0.189277509807477	1
TCGA-29-2431-01	0.0413128208580969	0.958687228358929	1
TCGA-29-2434-01	0.0438677258958139	0.606990678098404	0.650858354777192
TCGA-29-2436-01	0.0123850216446637	0.987615027572362	1
TCGA-30-1718-01	0.0567337455357697	0.743452314509396	0.80018601082814
TCGA-30-1853-01	0.0439922941886701	0.659277419248149	0.703269664219793
TCGA-30-1856-01	0.0067425356966168	0.82031902279398	0.82706150927357
TCGA-30-1860-01	0.0175448854355599	0.982455163781466	1
TCGA-30-1862-01	0.184603861016631	0.559691393497407	0.744295205297012
TCGA-30-1866-01	0.439827657724327	0.560172391492699	1
TCGA-30-1880-01	0.000869861717875014	0.466681845197491	0.46755165769834
TCGA-31-1953-01	0.0838153648861718	0.658402192874438	0.742217508543584
TCGA-31-1959-01	0.31983453038984	0.680165518827186	1
TCGA-36-1576-01	0.0187366757206308	4.92170260102398e-08	0.0187366757206308
TCGA-36-1580-01	0.480558438032713	0.519441611184313	1
TCGA-36-1581-01	0.000581449945398631	0.134069541295349	0.134650942023721
TCGA-36-2537-01	5.16778773208535e-06	0.0722384375917282	0.0722435561624343
TCGA-36-2538-01	0.000972528434152442	0.824397440872142	0.825369920089268
TCGA-36-2543-01	0.00263596547957169	0.35306128917503	0.355697205437576
TCGA-42-2587-01	8.61790125607757e-05	0.0276631677298529	0.0277492975253876
TCGA-42-2588-01	4.92170260198604e-08	4.92170260102398e-08	4.92170260102398e-08
TCGA-42-2589-01	0.148267078357246	0.00014543631188868	0.148412465452109
TCGA-57-1586-01	0.384570078449971	0.598834186461262	0.983404215694207
TCGA-57-1992-01	1	4.92170260102398e-08	1
TCGA-57-1993-01	0.0136625972060872	0.353014779085441	0.366677327074503
TCGA-59-2351-01	0.30700109242111	0.692998956795916	1
TCGA-59-2352-01	0.163027067592498	0.836972981624528	1
TCGA-61-1722-01	0.318687232296291	0.495602163422969	0.814289346502235
TCGA-61-1724-01	0.0703712912756128	0.929628757941413	1
TCGA-61-1725-01	0.329801421112096	0.67019862810493	1
TCGA-61-1733-01	0.0147317878793427	0.808460180374494	0.823191919036811
TCGA-61-1738-01	0.0231477024606347	0.976852346756391	1
TCGA-61-1740-01	0.387581668272126	0.6124183809449	1
TCGA-61-1900-01	0.0263188046641204	0.973681244552906	1
TCGA-61-1904-01	0.92167656617928	4.92170260102398e-08	0.92167656617928
TCGA-61-1910-01	2.51006832701288e-05	0.362061951242464	0.362087002708708
TCGA-61-1917-01	0.00214473034286746	0.68538365557689	0.687528336702731
TCGA-61-1918-01	0.0450688674158286	0.692161824400345	0.737230642599147
TCGA-61-2002-01	0.00614612377530813	0.151520766730393	0.157666841288675
TCGA-61-2012-01	0.330060942490299	0.669939106726727	1
TCGA-61-2018-01	0.450098611233333	0.549901437983693	1
TCGA-61-2087-01	0.488147211274715	0.497019023168029	0.985166185225718
TCGA-61-2092-01	0.0101786715852194	0.815120080684424	0.825298703052617
TCGA-61-2095-02	0.127929274346137	4.92170260102398e-08	0.127929274346137
TCGA-61-2096-01	0.00926402237366629	0.72669495070718	0.73595892386382
TCGA-61-2097-01	0.502637934160613	0.497362115056414	1
TCGA-61-2111-01	0.070022293344106	4.92170260102398e-08	0.0700222933441059
TCGA-61-2113-01	0.089678982932126	0.9103210662849	1
TCGA-61-2613-01	0.120835673602921	0.666534174432621	0.787369798818516
TCGA-72-4234-01	0.159119678679755	0.595940126897243	0.755059756359972
TCGA-72-4235-01	0.0823915655404433	0.598002910891787	0.680394427215204
TCGA-WR-A838-01	0.0600810446924064	0.0246765801569157	0.084757575632296
