Sample	percent	start	end
TCGA-04-1332-01	0	0.947327508644878	0.06656510244612
TCGA-04-1343-01	0.276762594287558	6.99735122067224e-08	0.276762594287558
TCGA-04-1346-01	0.210234647776431	0.789765422197082	1
TCGA-04-1347-01	1	6.99735122067224e-08	1
TCGA-04-1348-01	0.0170003446895212	0.224434092718542	0.241434367434551
TCGA-04-1360-01	0.374376343578902	6.99735122067224e-08	0.374376343578902
TCGA-04-1361-01	0	0.680311594848886	0.679416983495068
TCGA-04-1367-01	0.330056240510717	6.99735122067224e-08	0.330056240510717
TCGA-04-1371-01	1	6.99735122067224e-08	1
TCGA-04-1516-01	0	0.103211280401917	0.102779123990405
TCGA-04-1525-01	1	6.99735122067224e-08	1
TCGA-04-1530-01	0.220579321903487	0.329744578487259	0.550323830417234
TCGA-04-1542-01	1	6.99735122067224e-08	1
TCGA-04-1638-01	1	6.99735122067224e-08	1
TCGA-04-1644-01	0	0.817074614575399	0.75505016331118
TCGA-04-1646-01	1	6.99735122067224e-08	1
TCGA-04-1648-01	1	6.99735122067224e-08	1
TCGA-04-1651-01	0.61827622771676	0.381723842256752	1
TCGA-04-1652-01	1	6.99735122067224e-08	1
TCGA-09-1659-01	0.0155621790927262	0.812731988433099	0.828294097552313
TCGA-09-1661-01	0.0970102277483881	6.99735122067224e-08	0.0970102277483881
TCGA-09-1665-01	0	0.621002885567697	0.0876477718124581
TCGA-09-1673-01	0.092554314489793	0.0917596253114346	0.184313869827715
TCGA-09-1675-01	0	0.730641792855732	0.0995481670368499
TCGA-09-2050-01	1	6.99735122067224e-08	1
TCGA-09-2053-01	0	0.729415157186399	0.332292873855531
TCGA-09-2054-01	0	0.864433947173637	0.0473402998029127
TCGA-09-2055-01	1	6.99735122067224e-08	1
TCGA-10-0928-01	0	0.997373684165596	0.380346553615594
TCGA-10-0930-01	0	0.192149433753347	0.172563707734074
TCGA-10-0933-01	0	0.5609604340373	0.203917159198557
TCGA-10-0937-01	0.985044001443694	0.0149560685298187	1
TCGA-13-0723-01	0	0.903173382747695	0.65930064833258
TCGA-13-0724-01	0.00136861192564167	0.927640950794486	0.929009492746616
TCGA-13-0760-01	0.0191130549441814	0.745656709109334	0.764769694080003
TCGA-13-0762-01	1	6.99735122067224e-08	1
TCGA-13-0764-01	0	0.737151218777644	0.0953655003435
TCGA-13-0768-01	0	0.903173382747695	0.828294097552313
TCGA-13-0791-01	0	0.805228798690544	0.0434390665757384
TCGA-13-0791-02	0	0.823162100218583	0.154754959057798
TCGA-13-0792-01	0.0369710649730651	0.960402689166043	0.997373684165596
TCGA-13-0794-01	1	6.99735122067224e-08	1
TCGA-13-0795-01	1	6.99735122067224e-08	1
TCGA-13-0797-01	0.00253514034797268	0.99746492962554	1
TCGA-13-0801-01	0	0.844762713522423	0.799195542519335
TCGA-13-0805-01	1	6.99735122067224e-08	1
TCGA-13-0885-01	1	6.99735122067224e-08	1
TCGA-13-0888-01	0.00255109430876036	0.997448975664752	1
TCGA-13-0889-01	0.0208709295183401	0.0390748885916725	0.0599457481365004
TCGA-13-0890-01	0	0.750031173199697	0.560480555690449
TCGA-13-0891-01	0	0.955261525302212	0.696336088936894
TCGA-13-0893-01	0	0.155890769108262	0.104102393080123
TCGA-13-0899-01	0	0.960402689166043	0.93496906680945
TCGA-13-0901-01	1	6.99735122067224e-08	1
TCGA-13-0904-01	0	0.457777562881347	0.430082256662563
TCGA-13-0906-01	0	0.233540165705674	0.233017253648804
TCGA-13-0913-01	0	0.857221707294921	0.856732592444456
TCGA-13-0913-02	0.142486853026655	0.857513216946857	1
TCGA-13-0916-01	1	6.99735122067224e-08	1
TCGA-13-0919-01	1	6.99735122067224e-08	1
TCGA-13-0920-01	0	0.424436863669627	0.303573925126383
TCGA-13-1404-01	0	0.182628277891687	0.182504354801533
TCGA-13-1407-01	1	6.99735122067224e-08	1
TCGA-13-1408-01	0	0.804883899248778	0.793778193202745
TCGA-13-1410-01	1	6.99735122067224e-08	1
TCGA-13-1481-01	0.950694913947274	0.0493051560262379	1
TCGA-13-1488-01	0.41837855698104	0.351426780906356	0.769805267913884
TCGA-13-1489-01	1	6.99735122067224e-08	1
TCGA-13-1489-02	0	0.191241177564645	0.0525449296423331
TCGA-13-1491-01	0	0.363860094399866	0.363849808293568
TCGA-13-1494-01	1	6.99735122067224e-08	1
TCGA-13-1495-01	0.00298779899856708	0.957551688383879	0.960539417408934
TCGA-13-1496-01	0.334479336192078	0.665520733781434	1
TCGA-13-1501-01	0.00210046489002053	0.0955415537002623	0.0976419486167706
TCGA-13-1504-01	0.40644268518595	0.0765067291427503	0.482949344355188
TCGA-13-1507-01	0	0.500307463612724	0.499943881243194
TCGA-13-1509-01	0	0.745113084892845	0.0415464929905434
TCGA-13-1511-01	0.153264733167907	0.407695770842905	0.5609604340373
TCGA-13-1512-01	0	0.559236846484132	0.142208148527456
TCGA-13-1817-01	1	6.99735122067224e-08	1
TCGA-13-1817-02	0	0.745021909406413	0.744727740761012
TCGA-13-2059-01	0	0.94743757697961	0.911065695191742
TCGA-13-2060-01	0	0.9206097323919	0.0478196883351776
TCGA-13-A5FT-01	0	0.928624498482345	0.788395480774708
TCGA-13-A5FU-01	0.204048779375055	0.795951290598457	1
TCGA-20-0987-01	0	0.780512824675347	0.230580915900095
TCGA-20-0996-01	0.00790714682863949	0.117090036737493	0.124997113592621
TCGA-20-1682-01	0	0.434581413551714	0.237974037307917
TCGA-20-1684-01	0	0.847951336501081	0.205845419274988
TCGA-20-1686-01	1	6.99735122067224e-08	1
TCGA-23-1022-01	0	0.812082074451537	0.455113531323853
TCGA-23-1023-01	0.0052542410595893	0.950410401646561	0.955664572732638
TCGA-23-1026-01	0.0764289885706665	0.923571081402846	1
TCGA-23-1028-01	0	0.75301351426431	0.732787530608164
TCGA-23-1032-01	0	0.997373684165596	0.21375109665987
TCGA-23-1110-01	1	6.99735122067224e-08	1
TCGA-23-1114-01	0	0.551789425630822	0.551725539814159
TCGA-23-1118-01	0	0.799195542519335	0.395206478539614
TCGA-23-1121-01	0.926254635570251	6.99735122067224e-08	0.926254635570251
TCGA-23-1123-01	0	0.999922749242502	0.954268041375618
TCGA-23-1124-01	0	0.997448975664752	0.267532948077835
TCGA-23-1809-01	1	6.99735122067224e-08	1
TCGA-23-2072-01	0.00477996059371685	0.694978602799696	0.699758493419901
TCGA-23-2077-01	0	0.436146860967249	0.423554637627472
TCGA-23-2078-01	0.00699777106374153	0.0912772978916561	0.0982749989818854
TCGA-23-2081-01	0.00227064047175582	0.318991678889873	0.321262249388117
TCGA-23-2645-01	0.0186781695656926	0.914411478678861	0.933089578271041
TCGA-24-0966-01	0.00642314858133602	6.99735122067224e-08	0.00642314858133597
TCGA-24-1418-01	0	0.475081172772859	0.468179545314916
TCGA-24-1422-01	0	0.844818762305717	0.393384578201768
TCGA-24-1424-01	0	0.503069737981385	0.502106202718023
TCGA-24-1425-01	0.260549031769514	0.739451038203998	1
TCGA-24-1426-01	0	0.955657155540342	0.689198370848699
TCGA-24-1428-01	0	0.875772595041873	0.5609604340373
TCGA-24-1463-01	0.502690341598091	6.99735122067224e-08	0.502690341598091
TCGA-24-1466-01	0	0.903173382747695	0.318770282697188
TCGA-24-1544-01	0	0.309638599404581	0.051116280443201
TCGA-24-1545-01	0.155237356451089	0.844762713522423	1
TCGA-24-1552-01	0.0488379428851003	0.727025071929272	0.77586294484086
TCGA-24-1553-01	0.0119420294641666	0.306990591781387	0.318932551272041
TCGA-24-1556-01	0.133829310252897	0.160796542076962	0.294625782356347
TCGA-24-1557-01	0	0.424436863669627	0.423907234155583
TCGA-24-1558-01	1	6.99735122067224e-08	1
TCGA-24-1567-01	0	0.909442449655108	0.173205154920656
TCGA-24-1616-01	1	6.99735122067224e-08	1
TCGA-24-1842-01	0	0.351426780906356	0.236789525692944
TCGA-24-1844-01	1	6.99735122067224e-08	1
TCGA-24-1845-01	1	6.99735122067224e-08	1
TCGA-24-1846-01	1	6.99735122067224e-08	1
TCGA-24-1847-01	0.039544550805738	0.0863944062614538	0.12593888709368
TCGA-24-1850-01	0	0.924755173176746	0.543851350509778
TCGA-24-1852-01	0	0.618962597898192	0.163565184035235
TCGA-24-1852-02	0	0.657492042962057	0.149337539767696
TCGA-24-1924-01	0	0.866572267733772	0.401108534375398
TCGA-24-2019-01	0	0.935257637573873	0.222128325543649
TCGA-24-2020-01	0	0.253120083923432	0.252774624693568
TCGA-24-2023-01	0	0.861427465247305	0.5609604340373
TCGA-24-2024-01	1	6.99735122067224e-08	1
TCGA-24-2026-01	0	0.828294097552313	0.768070344651736
TCGA-24-2030-01	0	0.755123635499018	0.110365792133046
TCGA-24-2254-01	0	0.718837891104701	0.221782516446224
TCGA-24-2260-01	0	0.0419656343287812	0.0415464929905434
TCGA-24-2261-01	1	6.99735122067224e-08	1
TCGA-24-2262-01	0.0200623156110486	0.794940733134879	0.815002978772415
TCGA-24-2288-01	1	6.99735122067224e-08	1
TCGA-24-2289-01	0	0.490708077364394	0.479400147868026
TCGA-24-2290-01	0.732587126469146	6.99735122067224e-08	0.732587126469146
TCGA-24-2297-01	0	0.793778193202745	0.779678950330142
TCGA-24-2298-01	0	0.79768761333085	0.744988392094057
TCGA-25-1312-01	0.0402621291736226	6.99735122067224e-08	0.0402621291736226
TCGA-25-1314-01	0	0.227803247358745	0.12560266436743
TCGA-25-1318-01	0.994800828094533	0.00519924187897913	1
TCGA-25-1319-01	0	0.500325726699415	0.499943881243194
TCGA-25-1321-01	1	6.99735122067224e-08	1
TCGA-25-1623-01	0.560480555690449	6.99735122067224e-08	0.560480555690449
TCGA-25-1625-01	0	0.606097058019657	0.484445028179033
TCGA-25-1627-01	0	0.997373684165596	0.0180731785789807
TCGA-25-1628-01	0	0.373431841110866	0.373194490957393
TCGA-25-1633-01	0.0861710508104262	6.99735122067224e-08	0.0861710508104262
TCGA-25-1635-01	0.670736909250372	6.99735122067224e-08	0.670736909250372
TCGA-25-1877-01	0.114465120373334	6.99735122067224e-08	0.114465120373334
TCGA-25-2392-01	0.0530496485860242	0.47862407164392	0.531673650256432
TCGA-25-2393-01	0.0607296613939759	0.939270408579536	1
TCGA-25-2401-01	0	0.758660866515589	0.189210196372265
TCGA-29-1695-01	0	0.923145012686898	0.111479490553646
TCGA-29-1697-01	0.000570144177623003	0.827724023348202	0.828294097552313
TCGA-29-1698-01	0.115776773860023	0.844762713522423	0.960539417408934
TCGA-29-1701-01	0	0.506002747719878	0.105365135081766
TCGA-29-1702-01	0	0.957870697626121	0.957842848168254
TCGA-29-1703-01	0	0.639243860628998	0.53498955505383
TCGA-29-1705-01	0	0.863489374732089	0.0876477718124581
TCGA-29-1705-02	0.0389733570254316	0.864200095695775	0.903173382747695
TCGA-29-1707-02	0	0.259708230046598	0.25863259721665
TCGA-29-1711-01	0	0.719440223097949	0.712561756872554
TCGA-29-1761-01	0	0.467769780427317	0.239132518776342
TCGA-29-1769-01	0.00180314743656936	0.770595058946386	0.772398136409444
TCGA-29-1775-01	0.52387265324584	0.476127416727672	1
TCGA-29-1777-01	0.00251687726128151	0.683855263428582	0.686372070716351
TCGA-29-1778-01	0.714222648158766	0.285777421814746	1
TCGA-29-1781-01	1	6.99735122067224e-08	1
TCGA-29-1784-01	0.221750748471674	6.99735122067224e-08	0.221750748471674
TCGA-29-2429-01	0.00760947950762718	0.745098460428789	0.752707869962904
TCGA-29-2434-01	0	0.90411662569251	0.500468892505431
TCGA-30-1853-01	0	0.997373684165596	0.541053739517443
TCGA-30-1857-01	0.00364876879506032	0.199097173755846	0.202745872577395
TCGA-30-1866-01	1	6.99735122067224e-08	1
TCGA-31-1953-01	0	0.139876351206014	0.109216967009308
TCGA-31-1956-01	0.00345291293433784	0.0934651596984477	0.0969180026592733
TCGA-31-1959-01	1	6.99735122067224e-08	1
TCGA-36-1571-01	1	6.99735122067224e-08	1
TCGA-36-1574-01	4.95412466564907e-05	0.730724431573672	0.730773902846816
TCGA-36-1578-01	0.0180731785789807	6.99735122067224e-08	0.0180731785789807
TCGA-36-2529-01	0.18127114162205	0.48713460006849	0.668405671717028
TCGA-36-2530-01	0	0.152045514690869	0.104754756134613
TCGA-36-2533-01	0	0.862160157893831	0.462315555069784
TCGA-36-2534-01	0	0.765804952193397	0.475989149067512
TCGA-36-2537-01	0.487018933852779	0.512981136120733	1
TCGA-36-2538-01	0.00317343872650447	0.086275311343644	0.0894486800966362
TCGA-36-2543-01	0.0062859305238595	0.665923361370787	0.672209221921134
TCGA-36-2547-01	0	0.342155150589296	0.0486075201093378
TCGA-36-2552-01	0	0.0168771913080022	0.0167173018325643
TCGA-3P-A9WA-01	0	0.809054810392074	0.80876274095204
TCGA-42-2587-01	0.00163206219917512	0.945805584753947	0.94743757697961
TCGA-42-2589-01	0	0.276492426556851	0.276302168577107
TCGA-57-1583-01	0	0.612038648889849	0.080818357019134
TCGA-57-1585-01	1	6.99735122067224e-08	1
TCGA-57-1586-01	0	0.788271767605091	0.776905970014111
TCGA-57-1992-01	1	6.99735122067224e-08	1
TCGA-57-1993-01	0	0.999922749242502	0.815462074986135
TCGA-57-1994-01	0.732154620190073	0.267845449783439	1
TCGA-59-2348-01	0.121158506658889	6.99735122067224e-08	0.121158506658889
TCGA-59-2352-01	0	0.939270408579536	0.935293533985645
TCGA-59-2372-01	0.492341818927863	0.507658251045649	1
TCGA-5X-AA5U-01	0	0.726544353900275	0.0105008550063459
TCGA-61-1722-01	0	0.524459591066398	0.379906350250176
TCGA-61-1724-01	0	0.94578837126994	0.303442584843933
TCGA-61-1725-01	0.00593431362492042	0.382827464491591	0.388761708143
TCGA-61-1728-01	0	0.612677716977015	0.106885309634891
TCGA-61-1730-01	1	6.99735122067224e-08	1
TCGA-61-1733-01	0.760403486864082	6.99735122067224e-08	0.760403486864082
TCGA-61-1736-01	0	0.705144004788427	0.103601732600141
TCGA-61-1899-01	1	6.99735122067224e-08	1
TCGA-61-1904-01	0.00026568942592471	0.18906549114898	0.189331110601393
TCGA-61-1907-01	1	6.99735122067224e-08	1
TCGA-61-1910-01	0	0.55754831566059	0.111479490553646
TCGA-61-1913-01	0	0.820068641216554	0.814825525945409
TCGA-61-1914-01	0.300079657846319	0.699920412127193	1
TCGA-61-1915-01	0.00262638580791627	0.997373684165596	1
TCGA-61-1917-01	0	0.767902548169416	0.355625191639957
TCGA-61-1918-01	0.123549571545187	0.725570532530616	0.849120034102291
TCGA-61-1998-01	0.00359125056800999	0.240960786703801	0.244551967298299
TCGA-61-2002-01	0.0116279883412933	0.330842672814633	0.342470591182414
TCGA-61-2016-01	1	6.99735122067224e-08	1
TCGA-61-2017-01	0.00423045860220072	0.823495873871904	0.827726262500593
TCGA-61-2018-01	1	6.99735122067224e-08	1
TCGA-61-2087-01	0.880088141434941	0.119911928538571	1
TCGA-61-2095-02	0	0.373026414581024	0.230580915900095
TCGA-61-2096-01	0.960539417408934	6.99735122067224e-08	0.960539417408934
TCGA-61-2610-02	0.132377429847705	0.0180731785789807	0.150450538453174
TCGA-61-2611-02	0	0.606097058019657	0.299327232669345
TCGA-61-2612-01	0	0.0425742639381289	0.0110486776335685
TCGA-61-2613-01	0	0.82769946264541	0.827614864669128
TCGA-72-4231-01	0	0.845000553490482	0.393384578201768
TCGA-72-4233-01	0	0.475297390925639	0.468179545314916
TCGA-72-4235-01	1	6.99735122067224e-08	1
TCGA-72-4237-01	2.97387426963397e-05	0.530215402261628	0.530245071030812
TCGA-72-4240-01	0.0500048211749924	0.726711940462057	0.776716691663538
TCGA-OY-A56P-01	0	0.84685079310078	0.846650179041226
TCGA-VG-A8LO-01	0.00531511801522652	0.11760623133719	0.122921279378904
TCGA-WR-A838-01	0	0.546084905020054	0.534251474446863
