Sample	percent	start	end
TCGA-04-1331-01	1.27697100560303e-05	0.210463839347872	0.210476591940355
TCGA-04-1332-01	0	0.965206237493259	0.867757875479031
TCGA-04-1335-01	0	0.945159025170605	0.370348808567222
TCGA-04-1336-01	0.713396216680685	1.71175738028495e-08	0.713396216680685
TCGA-04-1338-01	0	0.264224301566186	0.0582439142660154
TCGA-04-1341-01	0	0.359009032156287	0.193733037126272
TCGA-04-1343-01	0	0.992061776502207	0.0366548878358994
TCGA-04-1346-01	0	0.33311580891132	0.0738983634469685
TCGA-04-1347-01	0	0.591128879000561	0.0657703402908625
TCGA-04-1348-01	0	0.613895560273083	0.0158283979659255
TCGA-04-1349-01	0.0449759801069143	1.71175738028495e-08	0.0449759801069143
TCGA-04-1351-01	0	1	0.09825074828618
TCGA-04-1353-01	0	0.451913585557588	0.162211709673487
TCGA-04-1356-01	0	0.74043635160551	0.739996943486022
TCGA-04-1357-01	0	0.744915763905795	0.43857218277173
TCGA-04-1360-01	0	0.482763031121084	0.145634537676756
TCGA-04-1361-01	0	0.715898258208125	0.475716102573569
TCGA-04-1362-01	0	0.964245650604232	0.157414920437346
TCGA-04-1364-01	0	0.733145001221681	0.0049972873780797
TCGA-04-1365-01	0	0.675325414492635	0.0356485285545267
TCGA-04-1367-01	0	0.848976216740255	0.806720715520063
TCGA-04-1371-01	0	0.681953921066143	0.524895679514102
TCGA-04-1516-01	0	0.851689352187816	0.098292686341994
TCGA-04-1517-01	0	0.980417940627832	0.976331821703214
TCGA-04-1519-01	0	0.85739186648895	0.801692599391566
TCGA-04-1525-01	0	0.98880019399004	0.177627745286531
TCGA-04-1536-01	0	0.81685815354717	0.0355487159816893
TCGA-04-1638-01	0.000539836924982609	0.652736276695584	0.653276096502993
TCGA-04-1644-01	0	0.676997784335482	0.059728812440587
TCGA-04-1646-01	0	0.416368019209478	0.41628107905214
TCGA-04-1648-01	0	0.613895560273083	0.595713290498545
TCGA-04-1649-01	0	0.516671489828378	0.450717409500329
TCGA-04-1651-01	0	0.999926822371998	0.347891510323592
TCGA-04-1652-01	0.539797999619784	1.71175738028495e-08	0.539797999619784
TCGA-04-1654-01	0	0.783390540835564	0.00506621984777889
TCGA-04-1655-01	0	0.613895560273083	0.34620934922853
TCGA-09-0364-01	0	0.984081580713452	0.168414981478614
TCGA-09-0365-01	0.00342406252269148	0.0100661604497978	0.0134902058549154
TCGA-09-0367-01	0	0.414590615933784	0.076358210154987
TCGA-09-0369-01	0	0.753653925862487	0.324898380667248
TCGA-09-1659-01	0	0.817810147414149	0.0301397167185323
TCGA-09-1661-01	0	0.806720664167341	0.764072537156861
TCGA-09-1665-01	0.449118747930271	1.71175738028495e-08	0.449118747930271
TCGA-09-1666-01	0	0.8693406519406	0.000197125979899737
TCGA-09-1667-01	0	0.366808791599599	0.0332934413981744
TCGA-09-1669-01	0	0.163776615388007	0.163721445447645
TCGA-09-1672-01	1	1.71175738028495e-08	1
TCGA-09-1673-01	0	0.896715007493903	0.0383137347954434
TCGA-09-1674-01	7.94940127348587e-05	0.98677111102674	0.986850587921902
TCGA-09-1675-01	0	0.981381334798963	0.0712240164216417
TCGA-09-2043-01	0	0.319155075187745	0.277006524568665
TCGA-09-2044-01	0	0.941080677624493	0.0634316860053598
TCGA-09-2049-01	0	0.305109489650835	0.305038982364346
TCGA-09-2050-01	0	0.535667477708725	0.535625556770485
TCGA-09-2051-01	0	0.892664082301021	0.170099778680041
TCGA-09-2053-01	0	0.86557047207564	0.850059331222554
TCGA-09-2054-01	0	0.804956578364065	0.021098761998863
TCGA-09-2055-01	0	0.342107499253588	0.0688543450924104
TCGA-10-0925-01	0	0.613895560273083	0.243518165357612
TCGA-10-0926-01	0.862030951517656	0.137969065599918	1
TCGA-10-0927-01	0	0.806720664167341	0.635976066482192
TCGA-10-0928-01	0	0.52377553971967	0.523485328373436
TCGA-10-0930-01	0	0.705560219333635	0.705542382821734
TCGA-10-0931-01	0	0.661724834521846	0.59569701168586
TCGA-10-0933-01	0	0.197163604327008	0.197068088265195
TCGA-10-0934-01	0	0.492254982557706	0.0118359121700027
TCGA-10-0936-01	0	0.806720664167341	0.40066343265486
TCGA-10-0937-01	0	0.962851098984185	0.566536300365765
TCGA-10-0938-01	0.193585243994068	1.71175738028495e-08	0.193585243994068
TCGA-13-0714-01	0	0.962517905410136	0.431374106047546
TCGA-13-0720-01	0	0.694596670077286	0.61387024338143
TCGA-13-0724-01	0	0.505627368152145	0.502981350711459
TCGA-13-0725-01	0.0477248741661473	0.952275142951426	1
TCGA-13-0726-01	0	0.502318078961793	0.50206114417903
TCGA-13-0727-01	0	0.689908440494195	0.0284228069486532
TCGA-13-0730-01	1	1.71175738028495e-08	1
TCGA-13-0751-01	0	0.942056156802727	0.587560087391377
TCGA-13-0755-01	1	1.71175738028495e-08	1
TCGA-13-0758-01	0	0.98110598150679	0.680381380913707
TCGA-13-0760-01	0	0.966525454671004	0.0160977087545469
TCGA-13-0764-01	0	0.505896781646209	0.0281058237169942
TCGA-13-0766-01	0	0.498095378915812	0.00226169367369045
TCGA-13-0768-01	0	0.613895560273083	0.204491843082379
TCGA-13-0791-01	0	0.792965820621452	0.0484023706196428
TCGA-13-0791-02	0	0.418947688934108	0.308370541518213
TCGA-13-0792-01	0	0.763030847203161	0.588253143719458
TCGA-13-0793-01	0.00150668884602116	0.893939992017048	0.895446663745496
TCGA-13-0794-01	0	0.579178895318744	0.00968224750457436
TCGA-13-0795-01	0	0.0224566135406787	0.0223771879982391
TCGA-13-0797-01	0	0.201348885356659	0.200421318267495
TCGA-13-0799-01	3.40639718652818e-06	0.596774717014838	0.59677810629445
TCGA-13-0800-01	0	0.733454675249327	0.733394797976169
TCGA-13-0801-01	0	0.572733563902488	0.221785043191233
TCGA-13-0802-01	0	0.929649082547685	0.238677829013719
TCGA-13-0803-01	0	0.957351222521715	0.0778064938391969
TCGA-13-0804-01	0	0.453262330550141	0.452514138516845
TCGA-13-0805-01	0	0.492282627439395	0.466680488536926
TCGA-13-0807-01	0	0.991299479588098	0.0539029489026386
TCGA-13-0883-01	0	0.98110598150679	0.0864898624421498
TCGA-13-0884-01	0	0.776053743293292	0.0610154377578142
TCGA-13-0885-01	0	0.336822910516822	0.330487559512241
TCGA-13-0886-01	1	1.71175738028495e-08	1
TCGA-13-0887-01	0	0.593720958966197	0.592464991223649
TCGA-13-0890-01	0	0.325523976636977	0.3254515008295
TCGA-13-0891-01	0	0.840844889892405	0.840732872489447
TCGA-13-0893-01	0	0.46454556761481	0.0116944867752535
TCGA-13-0897-01	2.4152896634127e-05	0.581273179120654	0.581297314899715
TCGA-13-0899-01	0	0.0317848011487398	0.00160357431373848
TCGA-13-0900-01	0.529538051116978	1.71175738028495e-08	0.529538051116978
TCGA-13-0901-01	7.6892141517008e-05	0.278999352510653	0.279076227534597
TCGA-13-0903-01	0	0.989854482478058	0.221785043191233
TCGA-13-0904-01	4.75868551685846e-05	0.763030847203161	0.763078416940756
TCGA-13-0905-01	0	0.488092964310851	0.157471203020006
TCGA-13-0906-01	0.783675822320543	1.71175738028495e-08	0.783675822320543
TCGA-13-0908-01	0.717910514596378	1.71175738028495e-08	0.717910514596378
TCGA-13-0910-01	1	1.71175738028495e-08	1
TCGA-13-0911-01	0	0.3273370358189	0.327192477908145
TCGA-13-0912-01	0	0.962517905410136	0.0213038818857281
TCGA-13-0913-01	0.971074586849383	1.71175738028495e-08	0.971074586849383
TCGA-13-0913-02	0	0.904081041852228	0.382795561358337
TCGA-13-0916-01	1.26156518918154e-05	0.342087796926143	0.342100395460461
TCGA-13-0920-01	0	0.885258249583606	0.0302860206218151
TCGA-13-0923-01	0	0.261943504680133	0.261885681515831
TCGA-13-0924-01	1	1.71175738028495e-08	1
TCGA-13-1403-01	0	0.972855482110133	0.294645722196772
TCGA-13-1404-01	0	0.205706300708459	0.0806879463899499
TCGA-13-1405-01	0	0.972393427440505	0.500227081734053
TCGA-13-1408-01	0	0.548816307789314	0.00552029772801521
TCGA-13-1409-01	1	1.71175738028495e-08	1
TCGA-13-1410-01	0	0.853946663762613	0.214002076087821
TCGA-13-1411-01	0	0.999926822371998	0.144355290033837
TCGA-13-1412-01	0	0.636144263762367	0.461988527322746
TCGA-13-1481-01	0	0.523399637798985	0.291000158269087
TCGA-13-1482-01	0.122709364788404	0.752616515302238	0.875325862973069
TCGA-13-1483-01	0	0.0605967932553473	0.0605323113548365
TCGA-13-1484-01	0	0.00287696774641699	0.00279208169793455
TCGA-13-1485-01	0	0.840769144628333	0.840496735558853
TCGA-13-1487-01	1	1.71175738028495e-08	1
TCGA-13-1488-01	0	0.488466829240253	0.156434699691168
TCGA-13-1489-01	0	0.268974359825848	0.0116944867752535
TCGA-13-1489-02	0	0.268974359825848	0.268932404652461
TCGA-13-1491-01	0	0.438061086253161	0.437744188609371
TCGA-13-1492-01	0	0.613909630918748	0.306678400877625
TCGA-13-1495-01	0	0.228967183454208	0.186209983263463
TCGA-13-1497-01	0	0.3535397447982	0.0975133060892311
TCGA-13-1498-01	1	1.71175738028495e-08	1
TCGA-13-1499-01	0	0.838428692997581	0.282653047285894
TCGA-13-1500-01	0	0.527012695454021	0.520059605446086
TCGA-13-1501-01	0.206798624445463	1.71175738028495e-08	0.206798624445463
TCGA-13-1504-01	0	0.613895560273083	0.000197125979899737
TCGA-13-1505-01	0	0.91220256033029	0.612709295291055
TCGA-13-1506-01	0	0.967327344533316	0.0332941432187003
TCGA-13-1507-01	0	0.488093785954394	0.390945580596778
TCGA-13-1509-01	0	0.542895356128898	0.0484023706196428
TCGA-13-1510-01	7.01820525867615e-07	0.613909630918748	0.6139103156217
TCGA-13-1511-01	0	0.317037631308481	0.0652375558062862
TCGA-13-1512-01	0	0.649107128521175	0.542137886370601
TCGA-13-1817-01	0	0.305960130363334	0.303708022530972
TCGA-13-1817-02	0	0.305960130363334	0.303708022530972
TCGA-13-1819-01	0.587828028774094	1.71175738028495e-08	0.587828028774094
TCGA-13-1819-02	0.587828028774094	1.71175738028495e-08	0.587828028774094
TCGA-13-2057-01	0	0.689908440494195	0.183650614981362
TCGA-13-2059-01	0	0.874707627560074	0.0889097909680628
TCGA-13-2060-01	0	0.628307615947512	0.098292686341994
TCGA-13-2061-01	0	0.564459476489132	0.16976405170507
TCGA-13-2065-01	0	0.947479534827878	0.168104759688607
TCGA-13-2071-01	0	0.999347597909698	0.0314556815572555
TCGA-13-A5FT-01	0	0.383604469425908	0.0143597957216131
TCGA-20-0987-01	0	0.951846536021007	0.0327305984540024
TCGA-20-0990-01	0	0.973399581310992	0.626488189028135
TCGA-20-0991-01	0	0.663397153011972	0.417557690588693
TCGA-20-1682-01	0	0.0601806136835078	0.0601218148174991
TCGA-20-1683-01	0	0.782712530854855	0.78267639565656
TCGA-20-1684-01	0	0.925253067066962	0.327989266733464
TCGA-20-1685-01	0	0.878448005729047	0.483887929601034
TCGA-20-1686-01	0	0.835908849193387	0.0806715819893955
TCGA-20-1687-01	0	0.4721356710142	0.0484023706196428
TCGA-23-1021-01	0	0.594163910423462	0.594060195043798
TCGA-23-1022-01	0	0.806720664167341	0.298986345208673
TCGA-23-1023-01	0.843669922919908	1.71175738028495e-08	0.843669922919908
TCGA-23-1026-01	5.24311285544514e-05	0.328082078218617	0.328134492229597
TCGA-23-1027-01	0	0.6369576395167	0.445809989384708
TCGA-23-1028-01	0.986436205695311	1.71175738028495e-08	0.986436205695311
TCGA-23-1030-01	0.522455518015955	1.71175738028495e-08	0.522455518015955
TCGA-23-1031-01	0	0.663397153011972	0.183201073258183
TCGA-23-1032-01	0	0.633141978258148	0.0138741872704341
TCGA-23-1110-01	0	0.567521365385328	0.56168636106297
TCGA-23-1111-01	1	1.71175738028495e-08	1
TCGA-23-1113-01	1	1.71175738028495e-08	1
TCGA-23-1114-01	0	0.504217034129053	0.13802103455398
TCGA-23-1116-01	0	0.568824423573405	0.370348808567222
TCGA-23-1117-01	0	0.540932655116801	0.0578491487790017
TCGA-23-1118-01	0	0.955743813871445	0.0355376237938658
TCGA-23-1119-01	0	0.613911650792456	0.457355519032739
TCGA-23-1120-01	0	0.457968756114183	0.457961720791351
TCGA-23-1121-01	0	0.909604951388316	0.167832761440898
TCGA-23-1122-01	0	0.256749485026351	0.253937855059135
TCGA-23-1123-01	0.737567702999961	1.71175738028495e-08	0.737567702999961
TCGA-23-1124-01	0	0.869832405600774	0.869751781828169
TCGA-23-1809-01	0	0.846768032602268	0.0296102701608474
TCGA-23-2072-01	1	1.71175738028495e-08	1
TCGA-23-2077-01	1.18111259231379e-06	0.881770595274242	0.88177175926926
TCGA-23-2078-01	0	0.370550590527196	0.0253090004511165
TCGA-23-2079-01	0	0.0254827609427771	0.0254023939337783
TCGA-23-2081-01	0.999479882520037	1.71175738028495e-08	0.999479882520037
TCGA-23-2084-01	0	0.626225400035132	0.547332933078811
TCGA-23-2641-01	0	0.250888752990569	0.250580705132434
TCGA-23-2643-01	0	0.862598587382493	0.0982662054553228
TCGA-23-2645-01	0	0.977396346500365	0.0243033772254173
TCGA-24-0966-01	0	0.892664082301021	0.0643974766368226
TCGA-24-0968-01	3.19413927138773e-05	0.790554399529719	0.790586323804859
TCGA-24-0970-01	0	0.497691506879536	0.497629284498767
TCGA-24-0979-01	0	0.827668123931371	0.827555438943035
TCGA-24-0982-01	0	0.944349980162444	0.0253290964827597
TCGA-24-1103-01	0.432763436807583	0.348345485498385	0.781108905188395
TCGA-24-1104-01	0	0.411769126244058	0.0642443085864455
TCGA-24-1413-01	1	1.71175738028495e-08	1
TCGA-24-1416-01	1	1.71175738028495e-08	1
TCGA-24-1417-01	0	0.9720467452183	0.304126530092849
TCGA-24-1418-01	0	0.542547321618362	0.542482685659687
TCGA-24-1422-01	0	0.956827287822794	0.0116944867752535
TCGA-24-1423-01	0	0.207197361209599	0.20703886959377
TCGA-24-1424-01	1	1.71175738028495e-08	1
TCGA-24-1425-01	0	0.948577079424892	0.0688543450924104
TCGA-24-1426-01	0	0.959991300164291	0.301121334601084
TCGA-24-1427-01	0	0.98080056975502	0.00968224750457436
TCGA-24-1428-01	0	0.957628304688842	0.739546426061136
TCGA-24-1431-01	0	0.910017211035755	0.0270906317675398
TCGA-24-1434-01	3.85145410537106e-06	0.20172261334547	0.201726447682002
TCGA-24-1435-01	0	0.677579816079886	0.0598426100712204
TCGA-24-1436-01	0.000427631228712799	0.851413091664231	0.85184070577537
TCGA-24-1463-01	0	0.830654079270183	0.0656930886802957
TCGA-24-1464-01	0	0.613895560273083	0.419089148564005
TCGA-24-1466-01	1.42247038291704e-05	0.309295369795569	0.309309577381824
TCGA-24-1469-01	0	0.873331665625176	0.0220127890871495
TCGA-24-1470-01	0	0.907433912385479	0.907311282086764
TCGA-24-1471-01	0	0.952576737484238	0.948593615001184
TCGA-24-1474-01	0	0.739546426061136	0.384848198103188
TCGA-24-1544-01	0	0.716813021352085	0.20703886959377
TCGA-24-1545-01	1	1.71175738028495e-08	1
TCGA-24-1546-01	0	0.912282413812074	0.0766871414531595
TCGA-24-1548-01	0	0.61834337353213	0.61088105282117
TCGA-24-1550-01	0	0.340465752750272	0.340434752824117
TCGA-24-1551-01	0	0.948577079424892	0.851214322397246
TCGA-24-1552-01	0	0.817220892053601	0.817092903954286
TCGA-24-1553-01	2.84151725107376e-06	0.972315679420298	0.972318503819975
TCGA-24-1555-01	0	0.0484564792704298	0.0484023706196428
TCGA-24-1556-01	0	0.83289810760771	0.814539612410885
TCGA-24-1557-01	0	0.351259290263623	0.278619753194028
TCGA-24-1558-01	0	0.675756606176698	0.666393515835656
TCGA-24-1560-01	1	1.71175738028495e-08	1
TCGA-24-1562-01	1	1.71175738028495e-08	1
TCGA-24-1563-01	0	0.152942697518058	0.150119735716985
TCGA-24-1564-01	0	0.923996996618971	0.437126329783
TCGA-24-1565-01	3.17188642544559e-05	0.650016636569978	0.650048338316658
TCGA-24-1567-01	0	0.650020864610707	0.261885681515831
TCGA-24-1603-01	0	0.888634040548177	0.782698374621321
TCGA-24-1604-01	6.84702952065966e-08	0.806720664167341	0.806720715520063
TCGA-24-1614-01	0	0.30428241983746	0.304251676674913
TCGA-24-1842-01	0	0.906799158513766	0.788466449230115
TCGA-24-1843-01	0	0.975141876442819	0.143291227411179
TCGA-24-1844-01	0	0.53789132442674	0.537791819970231
TCGA-24-1845-01	1.19823016611544e-07	0.753653925862487	0.75365402856793
TCGA-24-1846-01	0	0.987705764791458	0.261885681515831
TCGA-24-1847-01	0	0.0605967932553473	0.00720774815338177
TCGA-24-1849-01	1	1.71175738028495e-08	1
TCGA-24-1850-01	0	0.976761798039538	0.337408057659657
TCGA-24-1852-01	0	0.999926822371998	0.79180268148163
TCGA-24-1852-02	0	0.252908969050639	0.0114319203107099
TCGA-24-1920-01	0	0.98308148646409	0.213924516360926
TCGA-24-1923-01	0	0.87924886853693	0.480547126957313
TCGA-24-1924-01	0	0.926744332978988	0.423106489077088
TCGA-24-1927-01	0	0.595776402993152	0.547798086029297
TCGA-24-1928-01	0	0.973004576177945	0.0223771879982391
TCGA-24-1930-01	0	0.597452624290104	0.0371487811927984
TCGA-24-2019-01	0	0.806720664167341	0.170300927289785
TCGA-24-2020-01	0	0.261943504680133	0.142771144166363
TCGA-24-2023-01	0	0.968658732306035	0.0631720124107887
TCGA-24-2024-01	0	0.798003505473704	0.073431618562119
TCGA-24-2026-01	0	0.806720664167341	0.244522539000423
TCGA-24-2027-01	0	0.682912470963888	0.541733569277406
TCGA-24-2029-01	0	0.977056117603484	0.961996350053973
TCGA-24-2030-01	0	0.834082900478392	0.454072573788469
TCGA-24-2033-01	4.69021522165187e-06	0.488294780505973	0.488299453603621
TCGA-24-2035-01	0.965634639012793	1.71175738028495e-08	0.965634639012793
TCGA-24-2254-01	0	0.0384716615313375	0.0371692366934914
TCGA-24-2260-01	1.19823016611544e-06	0.863299038502456	0.863300219615048
TCGA-24-2261-01	0	0.54221839032019	0.0254023939337783
TCGA-24-2262-01	4.47282203437092e-05	0.611219706901261	0.611264418004031
TCGA-24-2267-01	1	1.71175738028495e-08	1
TCGA-24-2271-01	1	1.71175738028495e-08	1
TCGA-24-2280-01	0	0.806720664167341	0.31173388800663
TCGA-24-2281-01	0	0.923750623379244	0.00621143688783066
TCGA-24-2288-01	0	0.944937677823776	0.1836261539684
TCGA-24-2289-01	0	0.806720664167341	0.073431618562119
TCGA-24-2293-01	0	0.0619207520010359	0.0617894944451248
TCGA-24-2295-01	0.0105787975500096	0.484894425822997	0.495473206255432
TCGA-24-2297-01	0	0.955535082176508	0.0573068982761131
TCGA-24-2298-01	0	0.981568755114517	0.466550121094852
TCGA-25-1312-01	0	0.997091398977198	0.0386417246270568
TCGA-25-1313-01	0	0.471155364680153	0.168136752434042
TCGA-25-1314-01	0	0.91706499546196	0.76840932583223
TCGA-25-1315-01	0	0.57504087591036	0.174602042941351
TCGA-25-1316-01	1	1.71175738028495e-08	1
TCGA-25-1317-01	0	0.719064940891135	0.718951896433749
TCGA-25-1318-01	0	0.0258338937341703	0.0258325927985614
TCGA-25-1319-01	0	0.358474433208887	0.265690815466495
TCGA-25-1320-01	0.137974988280453	1.71175738028495e-08	0.137974988280453
TCGA-25-1321-01	0	0.157588663811433	0.157414920437346
TCGA-25-1322-01	0	0.999865079283295	0.563831826410547
TCGA-25-1323-01	0	0.931574159132566	0.795153771787205
TCGA-25-1329-01	2.97845784148695e-06	0.0642703957689192	0.0642733571091869
TCGA-25-1623-01	0.021493835602205	0.864503020173369	0.885996838658
TCGA-25-1625-01	0.979183421205257	1.71175738028495e-08	0.979183421205257
TCGA-25-1626-01	0	0.48830089147982	0.486033155302578
TCGA-25-1627-01	0	0.791193090443406	0.274697278274954
TCGA-25-1628-01	0.0075698533095819	0.629387803324692	0.6369576395167
TCGA-25-1630-01	0	0.827125034667366	0.576624593838488
TCGA-25-1632-01	0	0.798752604738411	0.601734944845637
TCGA-25-1633-01	0	0.613909630918748	0.333124521756385
TCGA-25-1634-01	0	0.911738554257248	0.61387024338143
TCGA-25-1870-01	0.00564619748332637	0.935267549561453	0.940913729927205
TCGA-25-1871-01	0	0.212111833765626	0.183431937976046
TCGA-25-1877-01	0	0.829095301647084	0.00226169367369045
TCGA-25-1878-01	0	0.290397859317303	0.063705926655236
TCGA-25-2042-01	1	1.71175738028495e-08	1
TCGA-25-2393-01	0.679639573735438	1.71175738028495e-08	0.679639573735438
TCGA-25-2396-01	2.21843756469373e-05	0.466533671106429	0.466555838364502
TCGA-25-2398-01	0	0.90951154078808	0.0632379493050728
TCGA-25-2399-01	0	0.613895560273083	0.0838755981008668
TCGA-25-2400-01	3.47486748173478e-06	0.589182679329609	0.589186137079517
TCGA-25-2401-01	0	0.931196733747814	0.138290944457684
TCGA-25-2404-01	0	0.914287617759921	0.212293519693957
TCGA-25-2408-01	0	0.806720664167341	0.6139103156217
TCGA-29-1688-01	0	0.667414716053515	0.423106489077088
TCGA-29-1691-01	0	0.810313814084045	0.326835148555035
TCGA-29-1692-01	0	0.436049942507205	0.261896071883129
TCGA-29-1692-02	0	0.99949268646524	0.261896071883129
TCGA-29-1693-01	0.419917776076595	1.71175738028495e-08	0.419917776076595
TCGA-29-1694-01	0	0.971438181234504	0.0486027318209912
TCGA-29-1695-01	0	0.926744332978988	0.6139103156217
TCGA-29-1696-01	0	0.960076819563004	0.382795561358337
TCGA-29-1697-01	0	0.320715821331831	0.179923811048415
TCGA-29-1698-01	0	0.438749435248446	0.323159286521722
TCGA-29-1699-01	0	0.650020864610707	0.0898741094881788
TCGA-29-1701-01	0.599217874088399	1.71175738028495e-08	0.599217874088399
TCGA-29-1702-01	0	0.865420094189792	0.00397244111700112
TCGA-29-1703-01	0	0.570929234683204	0.190044559441066
TCGA-29-1704-01	1	1.71175738028495e-08	1
TCGA-29-1704-02	0	0.981162075796137	0.000203373894337444
TCGA-29-1705-01	0	0.806720664167341	0.0536804546783647
TCGA-29-1705-02	0	0.806720664167341	0.0536515944489352
TCGA-29-1707-01	2.61727703427216e-05	0.213975920435052	0.214002076087821
TCGA-29-1710-02	0	0.862095570358757	0.6139103156217
TCGA-29-1711-01	0	0.636285072924459	0.00720446157921195
TCGA-29-1762-01	0	0.698960110815065	0.207056534929933
TCGA-29-1763-01	0	0.956980130639269	0.20703886959377
TCGA-29-1766-01	1.47724661908232e-05	0.613895560273083	0.6139103156217
TCGA-29-1768-01	0	0.535667477708725	0.535625556770485
TCGA-29-1769-01	0	0.93404578273136	0.201164084029896
TCGA-29-1770-01	0	0.901378519300424	0.304251676674913
TCGA-29-1770-02	0	0.61591211317236	0.599820926213431
TCGA-29-1774-01	1.18967137921462e-05	0.20703886959377	0.207050749189988
TCGA-29-1775-01	0	0.88461947308205	0.742501158945334
TCGA-29-1777-01	0	0.141094118343442	0.141082752274438
TCGA-29-1778-01	0	0.951844858498774	0.186212978838879
TCGA-29-1781-01	0	0.840575716044374	0.730589227630078
TCGA-29-1783-01	0	0.885258249583606	0.261857420401485
TCGA-29-1784-01	0	0.182556870485732	0.143231315902873
TCGA-29-1785-01	0	0.471391758374354	0.0122972992542524
TCGA-29-2425-01	0.476718113991196	0.0321450747245432	0.508863171598166
TCGA-29-2427-01	0	0.690758892913383	0.0382857646798516
TCGA-29-2428-01	0	0.978500960655359	0.098292686341994
TCGA-29-2429-01	0	0.50707400854927	0.0116944867752535
TCGA-29-2431-01	0	0.748598781084958	0.139732603640833
TCGA-29-2432-01	0.000202569368368716	0.441001457492939	0.441204009743734
TCGA-29-2434-01	0	0.756678412859927	0.206543538360671
TCGA-29-2436-01	4.87850853347001e-06	0.492254982557706	0.492259843948666
TCGA-29-A5NZ-01	0	0.675461995613998	0.00968224750457436
TCGA-30-1714-01	1	1.71175738028495e-08	1
TCGA-30-1718-01	0	0.215807021539762	0.0375975183900087
TCGA-30-1853-01	0	0.999926822371998	0.495487225548376
TCGA-30-1855-01	0	0.806720698402489	0.782874754101773
TCGA-30-1856-01	0	0.964831824801495	0.520691997092614
TCGA-30-1857-01	0	0.966881996615719	0.419053253011743
TCGA-30-1859-01	1.69463980636327e-06	0.951844858498774	0.951846536021007
TCGA-30-1860-01	0	0.973825774663505	0.0409026480099263
TCGA-30-1861-01	0	0.908281865638891	0.165458382778872
TCGA-30-1862-01	0	0.948373808235997	0.0212719233754404
TCGA-30-1866-01	0.00268201569838999	0.568465707696818	0.571147706277634
TCGA-30-1867-01	1.10065999544604e-05	0.566854909766935	0.566865899249316
TCGA-30-1880-01	0	0.384878359268226	0.0741366400742876
TCGA-30-1887-01	0	0.806720664167341	0.00094451348722735
TCGA-30-1891-01	0	0.946051809349804	0.207043046281777
TCGA-30-1892-01	3.32080931751994e-06	0.846768032602268	0.846771336294012
TCGA-31-1944-01	0	0.594163910423462	0.0401208712968312
TCGA-31-1946-01	0	0.442895619739534	0.0116944867752535
TCGA-31-1950-01	0	0.492254982557706	0.0936295168869488
TCGA-31-1951-01	0	0.488294780505973	0.152668919042674
TCGA-31-1955-01	0	0.216040659304581	0.0160704918122023
TCGA-31-1956-01	0	0.201823846676933	0.20172261334547
TCGA-31-1959-01	0	0.157789418716978	0.0302350102518861
TCGA-36-1568-01	0.0561515133972232	0.94384850372035	1
TCGA-36-1569-01	0.968836583897834	0.03116343321974	1
TCGA-36-1570-01	0	0.830583880100023	0.0212215292381683
TCGA-36-1571-01	0	0.806720664167341	0.27254547942507
TCGA-36-1574-01	0	0.395142895280812	0.0941175217984599
TCGA-36-1575-01	0	0.933129924062677	0.170275798691444
TCGA-36-1576-01	0	0.851696404628222	0.0241690042710743
TCGA-36-1577-01	0	0.0897655669527024	0.0576623275785305
TCGA-36-1578-01	0	0.715013382348022	0.0483858692784981
TCGA-36-1580-01	0	0.613911650792456	0.61387024338143
TCGA-36-1581-01	0	0.53475836336412	0.174602042941351
TCGA-36-2529-01	0	0.31737424839729	0.161236196260105
TCGA-36-2530-01	0	0.987605644102292	0.323690804305837
TCGA-36-2532-01	0	0.973629213563541	0.169723996582374
TCGA-36-2533-01	0	0.215807021539762	0.139480427543587
TCGA-36-2534-01	0	0.535667477708725	0.197106568571101
TCGA-36-2538-01	0	0.207197361209599	0.207056534929933
TCGA-36-2540-01	0	0.851663778532556	0.21575797969082
TCGA-36-2542-01	0	0.613971031655974	0.205946939560962
TCGA-36-2543-01	0	0.654140944801747	0.0642979721803136
TCGA-36-2544-01	0	0.602820267494956	0.0573555121857098
TCGA-36-2545-01	0	0.96262198025885	0.899175624492742
TCGA-36-2547-01	0	0.418349036025543	0.0969220479725483
TCGA-36-2548-01	1	1.71175738028495e-08	1
TCGA-36-2549-01	0	0.884892943441105	0.465230852564385
TCGA-36-2551-01	0	0.968074492394611	0.27254547942507
TCGA-36-2552-01	0	0.267176107345264	0.00499278545616977
TCGA-3P-A9WA-01	0	0.595713016617364	0.52749573626913
TCGA-42-2582-01	0	0.202298243117272	0.0402163188883492
TCGA-42-2587-01	0	0.761852730186263	0.0785770756590257
TCGA-42-2588-01	0	0.0975488764075909	0.0356485285545267
TCGA-42-2589-01	0	0.303223218605762	0.030341858147556
TCGA-42-2590-01	0	0.791799976904969	0.0118618452943122
TCGA-42-2591-01	0	0.919170730920744	0.273391275864183
TCGA-42-2593-01	0	0.885902486591205	0.0210958520113166
TCGA-57-1582-01	0	0.998625356118285	0.0439370632001708
TCGA-57-1583-01	0	0.947551736754173	0.0588200233298837
TCGA-57-1584-01	0	0.922724698711016	0.035759827019385
TCGA-57-1585-01	0	0.817106358367294	0.357625076314423
TCGA-57-1586-01	0	0.558483012536877	0.0463477824713785
TCGA-57-1992-01	0.883944064972559	1.71175738028495e-08	0.883944064972559
TCGA-57-1993-01	0	0.953732139480701	0.0210958520113166
TCGA-57-1994-01	0	0.613895560273083	0.080937948555323
TCGA-59-2350-01	0	0.385318657501552	0.385254740480977
TCGA-59-2351-01	0	0.940730434946937	0.441854939722689
TCGA-59-2352-01	6.84702952065966e-08	0.806720664167341	0.806720715520063
TCGA-59-2354-01	0	0.621664148614502	0.0614796834768887
TCGA-59-2355-01	0	0.448858971630258	0.374747357448868
TCGA-59-2363-01	0	0.486205323859875	0.349190494529104
TCGA-59-2372-01	0	0.980586497377057	0.0377647570860508
TCGA-59-A5PD-01	0	0.721518248685961	0.384845270998068
TCGA-5X-AA5U-01	3.80181314134628e-05	0.439251031513556	0.439289032527396
TCGA-61-1722-01	0	0.927320236631971	0.0336445570719938
TCGA-61-1724-01	0	0.951489651724816	0.183652138445431
TCGA-61-1725-01	0	0.844943744291931	0.393892524984896
TCGA-61-1727-01	0	0.342094113310875	0.155913572274351
TCGA-61-1728-01	0	0.613895560273083	0.17466291303379
TCGA-61-1730-01	0	0.495052747290143	0.228968107803193
TCGA-61-1733-01	0.000292864570172415	0.309017825453949	0.309310672906547
TCGA-61-1734-01	0.000325969957904805	0.332780903579891	0.333106856420222
TCGA-61-1736-01	0	0.528127580153296	0.0116944867752535
TCGA-61-1737-01	0	0.523399637798985	0.523164750451279
TCGA-61-1740-01	0	0.310037176973837	0.309498007634233
TCGA-61-1741-01	0.656398701433463	1.71175738028495e-08	0.656398701433463
TCGA-61-1743-01	0.0755479155639383	1.71175738028495e-08	0.0755479155639383
TCGA-61-1895-01	0	0.952180773767058	0.387580573703702
TCGA-61-1899-01	0	0.650020864610707	0.492259843948666
TCGA-61-1900-01	0	0.678245604112901	0.148664382474795
TCGA-61-1901-01	0.209645687790449	1.71175738028495e-08	0.209645687790449
TCGA-61-1903-01	7.24073371809759e-06	0.00640178430850502	0.00640900792464927
TCGA-61-1906-01	0.85856589240571	1.71175738028495e-08	0.85856589240571
TCGA-61-1910-01	0.000192469999825743	0.375130996512911	0.375323449395162
TCGA-61-1911-01	0	0.525945260669324	0.291247866679571
TCGA-61-1914-01	0.510813017312338	1.71175738028495e-08	0.510813017312338
TCGA-61-1915-01	0	0.467141824268454	0.243578059748344
TCGA-61-1916-02	0	0.97331226456703	0.138144109909613
TCGA-61-1917-01	1.76311010156986e-06	0.450092994643192	0.45009474063572
TCGA-61-1918-01	1.47724661908232e-05	0.613895560273083	0.6139103156217
TCGA-61-1919-01	0.447248139465227	1.71175738028495e-08	0.447248139465227
TCGA-61-1995-01	1	1.71175738028495e-08	1
TCGA-61-2000-01	5.49816470508971e-05	0.155448898615931	0.155503863145408
TCGA-61-2002-01	0	0.6369576395167	0.635866787891042
TCGA-61-2008-01	0	0.96478947592391	0.182556870485732
TCGA-61-2008-02	0	0.988124957056287	0.613911650792456
TCGA-61-2009-01	0.042793147095728	0.957206870021846	1
TCGA-61-2012-01	0	0.945857319476269	0.382795561358337
TCGA-61-2018-01	0.545888980140773	1.71175738028495e-08	0.545888980140773
TCGA-61-2087-01	0	0.932019198933835	0.307605505792296
TCGA-61-2088-01	0	0.784035650839427	0.252527195802141
TCGA-61-2094-01	1	1.71175738028495e-08	1
TCGA-61-2095-02	0	0.871999712972523	0.0579667122758715
TCGA-61-2096-01	0.997718364352831	1.71175738028495e-08	0.997718364352831
TCGA-61-2097-01	0	0.977405761165956	0.61387024338143
TCGA-61-2098-01	0	0.999359426153195	0.953369640620304
TCGA-61-2102-01	1	1.71175738028495e-08	1
TCGA-61-2104-01	0	0.94678892631285	0.0642443085864455
TCGA-61-2109-01	0	0.948605956771895	0.948574443318526
TCGA-61-2110-01	1	1.71175738028495e-08	1
TCGA-61-2111-01	5.94835689607308e-05	0.807890444925798	0.807949911377185
TCGA-61-2113-01	0.000155632981004594	0.73969557148167	0.739851187345101
TCGA-61-2610-02	0	0.586165193419854	0.0482249812023363
TCGA-61-2611-02	0	0.737755089080368	0.432939953228626
TCGA-61-2612-01	0	0.965761411764368	0.207043046281777
TCGA-61-2613-01	4.96409640247825e-07	0.307009163756194	0.307009643048261
TCGA-72-4231-01	0	0.956827287822794	0.300846854305174
TCGA-72-4232-01	4.87850853347001e-06	0.492254982557706	0.492259843948666
TCGA-72-4233-01	0	0.16992259467362	0.169155265192814
TCGA-72-4234-01	0	0.38550910762767	0.384845270998068
TCGA-72-4235-01	0	0.675756606176698	0.207043046281777
TCGA-72-4236-01	6.84702952065966e-08	0.806720664167341	0.806720715520063
TCGA-72-4237-01	0	0.599648141423478	0.20703886959377
TCGA-72-4238-01	1	1.71175738028495e-08	1
TCGA-72-4240-01	0	0.324439081927002	0.30834608050525
TCGA-72-4241-01	0	0.613895560273083	0.0878312468779685
TCGA-OY-A56P-01	0	0.782125689072213	0.0289751568200848
TCGA-OY-A56Q-01	6.84702952065966e-08	0.806720664167341	0.806720715520063
TCGA-VG-A8LO-01	0	0.875267817280307	0.698786932320913
TCGA-WR-A838-01	0	0.876650968596202	0.0688413699714687
