Sample	percent	start	end
TCGA-04-1331-01	0.00645752738951018	0.280905346358361	0.287362841108381
TCGA-04-1332-01	1	3.26394906657868e-08	1
TCGA-04-1337-01	0.00137340448785816	0.388661067057409	0.390034438905777
TCGA-04-1338-01	0.238206560518038	3.26394906657868e-08	0.238206560518038
TCGA-04-1342-01	8.55807445022124e-05	0.383006405859076	0.383091953964087
TCGA-04-1343-01	1	3.26394906657868e-08	1
TCGA-04-1346-01	0.500207407643379	0.466730485574765	0.966937860578653
TCGA-04-1347-01	0.0114191542827271	0.257192723756683	0.268611845399919
TCGA-04-1348-01	0.571557236300741	0.392879362190408	0.964436565851657
TCGA-04-1349-01	0.0489153358703139	0.912174996759715	0.961090299990538
TCGA-04-1353-01	0.00161696036713944	0.717446261444997	0.719063189172645
TCGA-04-1356-01	0.145021467482597	0.854978565156893	1
TCGA-04-1361-01	0.0111432200287143	0.620867771123927	0.632010958513151
TCGA-04-1364-01	0.203256683515063	0.796742859532068	0.99999951040764
TCGA-04-1365-01	0.0182862093615086	0.436616867181394	0.454903043903412
TCGA-04-1367-01	0.00342052070236398	0.0884610816342057	0.0918815696970791
TCGA-04-1371-01	0.395533834047056	0.604466198592435	1
TCGA-04-1514-01	0.388279413493159	0.611720619146332	1
TCGA-04-1516-01	0.598139881955365	0.401860150684125	1
TCGA-04-1517-01	1	3.26394906657868e-08	1
TCGA-04-1525-01	0.418483606473103	0.581516426166388	1
TCGA-04-1536-01	0.65195740820641	0.348042624433081	1
TCGA-04-1542-01	0.325999511778499	0.674000520860992	1
TCGA-04-1638-01	0.191851466294846	0.808148566344644	1
TCGA-04-1644-01	0.360310209635941	0.639689823003549	1
TCGA-04-1646-01	0.150929182651993	0.849070849987497	1
TCGA-04-1648-01	0.27783328485825	0.722166747781241	1
TCGA-04-1649-01	0.446687292431199	0.553312740208292	1
TCGA-04-1651-01	1	3.26394906657868e-08	1
TCGA-04-1652-01	0.613648242185543	0.386351790453948	1
TCGA-04-1654-01	0.124602495883099	0.839934762797234	0.964537226040843
TCGA-09-0364-01	1	3.26394906657868e-08	1
TCGA-09-0365-01	0.542356250705625	0.457643781933866	1
TCGA-09-0366-01	0.00707121509283993	3.26394906657868e-08	0.00707121509283992
TCGA-09-0367-01	0.219388555935258	0.780611476704233	1
TCGA-09-0369-01	0.0369529625445851	3.26394906657868e-08	0.0369529625445851
TCGA-09-1659-01	0.00884807632470718	0.443290663835996	0.452138707521212
TCGA-09-1661-01	0.075397876207094	0.924602156432397	1
TCGA-09-1665-01	0.0769682600210662	0.0990293570349999	0.175997584416575
TCGA-09-1666-01	1	3.26394906657868e-08	1
TCGA-09-1667-01	0.0391534190861968	0.185239717311983	0.224393103758689
TCGA-09-1668-01	0.594262669499731	0.40573736313976	1
TCGA-09-1670-01	1	3.26394906657868e-08	1
TCGA-09-1673-01	0.311771076534938	0.667142115247235	0.978913159142682
TCGA-09-1674-01	0.495357897400568	0.43990882093006	0.935266685691138
TCGA-09-1675-01	0.13580368364722	0.86419634899227	1
TCGA-09-2043-01	1	3.26394906657868e-08	1
TCGA-09-2044-01	0.0162121655672109	0.031780582460197	0.0479927153879173
TCGA-09-2050-01	0.347035010717014	0.652965021922477	1
TCGA-09-2051-01	0.449016511763452	0.550983520876039	1
TCGA-09-2053-01	0.475258727530526	0.524741305108965	1
TCGA-09-2054-01	0.262183334517603	0.708067271165265	0.970250573043378
TCGA-10-0926-01	0.300944459565595	0.514817920764568	0.815762347690673
TCGA-10-0927-01	0.0746558826659923	0.588228639501493	0.662884489527995
TCGA-10-0928-01	0.657794524157515	0.342205508481976	1
TCGA-10-0933-01	1	3.26394906657868e-08	1
TCGA-10-0936-01	0.141742667448665	0.858257365190825	1
TCGA-10-0938-01	0.120539303609702	0.879460729029788	1
TCGA-13-0714-01	0.0777980211525442	0.722181566109999	0.799979554623053
TCGA-13-0717-01	1	3.26394906657868e-08	1
TCGA-13-0720-01	0.0497482630323856	3.26394906657868e-08	0.0497482630323856
TCGA-13-0723-01	0.463203233737953	0.514535491251915	0.977738692350377
TCGA-13-0724-01	0.00961118761626391	0.0202707230329345	0.0298818780097079
TCGA-13-0727-01	0.181334043220495	0.818665989418995	1
TCGA-13-0730-01	0.583330888091492	0.415303704095861	0.998634559547862
TCGA-13-0751-01	0.605391528152556	0.394608504486934	1
TCGA-13-0757-01	0.610810434309875	0.236795098384074	0.847605500054459
TCGA-13-0758-01	0.820221065311849	3.26394906657868e-08	0.820221065311849
TCGA-13-0760-01	0.0611915705381988	0.18525349117704	0.246445029075748
TCGA-13-0761-01	0.042444556847597	0.620867771123927	0.663312295332034
TCGA-13-0764-01	0.0341057218561178	0.0407699877794483	0.0748756769960754
TCGA-13-0766-01	0.0036731177205572	0.215686323789035	0.219359408870101
TCGA-13-0768-01	0.390881760083228	0.609118272556262	1
TCGA-13-0791-01	0.043690145090043	0.0244143716508006	0.0681044841013531
TCGA-13-0791-02	0.045324077992324	0.0228147754926906	0.068138820845524
TCGA-13-0792-01	0.363506170642586	0.636493861996904	1
TCGA-13-0793-01	0.00685765490547228	0.11345059374987	0.120308216015852
TCGA-13-0794-01	0.985693948047657	0.0143060845918332	1
TCGA-13-0795-01	0.551244538882821	0.448755493756669	1
TCGA-13-0797-01	0.000792258356713273	0.262937828983626	0.263730054700849
TCGA-13-0800-01	0.00257714890328211	0.145183228798293	0.147760345062084
TCGA-13-0801-01	1	3.26394906657868e-08	1
TCGA-13-0802-01	0.663384395966895	0.336615636672596	1
TCGA-13-0803-01	0.126553292960677	3.26394906657868e-08	0.126553292960677
TCGA-13-0804-01	0.139050431701327	0.860949600938163	1
TCGA-13-0805-01	0.111342278490383	3.26394906657868e-08	0.111342278490383
TCGA-13-0807-01	0.397696918371865	0.561669004687782	0.959365890420156
TCGA-13-0883-01	1	3.26394906657868e-08	1
TCGA-13-0884-01	0.26822330490314	3.26394906657868e-08	0.26822330490314
TCGA-13-0885-01	1	3.26394906657868e-08	1
TCGA-13-0886-01	0.434685490600757	0.565314542038734	1
TCGA-13-0888-01	0.399223597907848	0.600776434731643	1
TCGA-13-0890-01	0.331218925368923	0.511599112114464	0.842818004843896
TCGA-13-0891-01	1	3.26394906657868e-08	1
TCGA-13-0893-01	0.181707406354119	0.818292626285372	1
TCGA-13-0899-01	0.00510785181135954	0.875369401515445	0.880477220687314
TCGA-13-0901-01	0.00397447813779172	0.728865317809252	0.732839763307553
TCGA-13-0903-01	0.370960508076756	0.629039524562734	1
TCGA-13-0904-01	0.227444635019177	0.77228690517017	0.999731507549857
TCGA-13-0910-01	0.0442239639597355	0.442580493798285	0.48680442511853
TCGA-13-0911-01	0.051582276012393	0.628965400279453	0.680547643652355
TCGA-13-0913-01	0.305494274005195	3.26394906657868e-08	0.305494274005195
TCGA-13-0913-02	1	3.26394906657868e-08	1
TCGA-13-0916-01	1	3.26394906657868e-08	1
TCGA-13-0920-01	1	3.26394906657868e-08	1
TCGA-13-0921-01	0.00246565240319837	0.726782428712986	0.729248048476694
TCGA-13-0923-01	0.313122384087622	3.26394906657868e-08	0.313122384087622
TCGA-13-1403-01	0.017381083646104	0.632250826129988	0.649631877136601
TCGA-13-1404-01	0.00508154438189014	0.359195179356123	0.364276691098522
TCGA-13-1405-01	1	3.26394906657868e-08	1
TCGA-13-1407-01	0.927797823683626	0.0722022089558649	1
TCGA-13-1408-01	0.598461087182919	0.401538945456571	1
TCGA-13-1409-01	0.0036079366577155	0.359748908315116	0.363356812333341
TCGA-13-1410-01	1	3.26394906657868e-08	1
TCGA-13-1411-01	0.434685490600757	0.565314542038734	1
TCGA-13-1481-01	0.359151507717624	0.640848524921867	1
TCGA-13-1482-01	0.26426779030942	3.26394906657868e-08	0.26426779030942
TCGA-13-1483-01	0.00475808702948093	0.230300427254197	0.235058481644187
TCGA-13-1484-01	0.031465284980452	0.602481554363046	0.633946806704008
TCGA-13-1487-01	0.067479601052728	3.26394906657868e-08	0.067479601052728
TCGA-13-1488-01	1.34148306599578e-05	0.475360530101885	0.475373912293054
TCGA-13-1489-01	0.000590546304454053	0.666894609989584	0.667485123654547
TCGA-13-1489-02	0.216010792965654	0.783989239673836	1
TCGA-13-1491-01	0.183717313549276	0.816282719090215	1
TCGA-13-1492-01	1	3.26394906657868e-08	1
TCGA-13-1494-01	0.00681218809498732	0.0323098970801788	0.0391220525356756
TCGA-13-1495-01	0.31831317284474	0.454568456484688	0.772881596689938
TCGA-13-1496-01	0.891748420158894	0.0473634586475442	0.939111846166947
TCGA-13-1497-01	0.138694563334696	3.26394906657868e-08	0.138694563334696
TCGA-13-1500-01	0.417234134131269	0.582765898508222	1
TCGA-13-1501-01	0.251437108613748	3.26394906657868e-08	0.251437108613748
TCGA-13-1504-01	0.57111298019341	0.381630977722797	0.952743925276717
TCGA-13-1506-01	0.539639861735201	0.46036017090429	1
TCGA-13-1507-01	0.217124452386866	0.558859527890004	0.775983947637379
TCGA-13-1509-01	0.996678670709742	0.00332136192974852	1
TCGA-13-1510-01	0.020503703717243	0.82058532202758	0.841088993105332
TCGA-13-1511-01	0.00590066503941398	0.323996263039436	0.329896895439359
TCGA-13-1817-01	0.384988536847684	0.615011495791807	1
TCGA-13-1817-02	0.384995423780212	0.615004608859278	1
TCGA-13-1819-01	0.375212291327168	0.482608977628991	0.857821236316669
TCGA-13-1819-02	0.376028931383402	0.482350897176367	0.858379795920279
TCGA-13-2059-01	0.146956075372809	3.26394906657868e-08	0.146956075372809
TCGA-13-2060-01	0.0700785531357689	0.929921479503722	1
TCGA-13-2061-01	0.914381720083532	0.0856183125559584	1
TCGA-13-2071-01	1.83433937491393e-05	0.633291797405506	0.633310108159765
TCGA-13-A5FT-01	0.00570087871710351	0.138857956624924	0.144558802702537
TCGA-13-A5FU-01	0.00556855822198072	0.734596779729101	0.740165305311591
TCGA-20-0987-01	0.0131244044720933	0.319225316050636	0.332349687883239
TCGA-20-0990-01	0.113657364923181	0.886342667716309	1
TCGA-20-0991-01	0.419409621462528	0.57746514730708	0.996874736130118
TCGA-20-1682-01	0.337447356173513	0.662552676465977	1
TCGA-20-1683-01	0.0202595929666206	3.26394906657868e-08	0.0202595929666206
TCGA-20-1684-01	0.170082133687894	0.57469529485096	0.744777395899364
TCGA-20-1685-01	0.0171587434357496	3.26394906657868e-08	0.0171587434357496
TCGA-20-1686-01	0.411101075918378	0.588898956721112	1
TCGA-20-1687-01	0.394749376528609	0.605250656110881	1
TCGA-23-1021-01	0.327405327280579	0.672594705358912	1
TCGA-23-1022-01	1	3.26394906657868e-08	1
TCGA-23-1023-01	0.00827404560252549	0.369349716573351	0.377623729536386
TCGA-23-1024-01	1	3.26394906657868e-08	1
TCGA-23-1026-01	0.0347535504666745	0.640328936870101	0.675082454697285
TCGA-23-1027-01	0.00351716623419886	0.544139900951549	0.547657034546257
TCGA-23-1028-01	0.105629878033078	3.26394906657868e-08	0.105629878033078
TCGA-23-1030-01	0.251199362563803	0.748800670075687	1
TCGA-23-1031-01	0.0243462203943092	0.162621300995083	0.186967488749902
TCGA-23-1032-01	0.0735081149770448	0.102489502079021	0.175997584416575
TCGA-23-1109-01	0.356806001279533	0.643194031359957	1
TCGA-23-1110-01	0.513195607520961	0.48680442511853	1
TCGA-23-1111-01	0.98124365141507	3.26394906657868e-08	0.98124365141507
TCGA-23-1113-01	1	3.26394906657868e-08	1
TCGA-23-1116-01	0.424307470791001	0.575692561848489	1
TCGA-23-1117-01	1	3.26394906657868e-08	1
TCGA-23-1118-01	0.00134060179974804	0.727027845043235	0.728368414203492
TCGA-23-1119-01	0.294482330007902	0.705517702631588	1
TCGA-23-1120-01	0.347946892806984	3.26394906657868e-08	0.347946892806984
TCGA-23-1121-01	0.600210596521616	0.399789436117875	1
TCGA-23-1122-01	0.0542691588832633	0.893211713804021	0.947480840047793
TCGA-23-1123-01	0.0155441331119375	0.0386545897504884	0.0541986902229352
TCGA-23-1124-01	8.43078043665959e-05	0.192620420055231	0.192704695220107
TCGA-23-1809-01	1	3.26394906657868e-08	1
TCGA-23-2072-01	0.0270286969339409	3.26394906657868e-08	0.0270286969339409
TCGA-23-2077-01	0.286986736257542	0.713013296381948	1
TCGA-23-2078-01	0.00592266405611668	0.240961627284891	0.246884258701517
TCGA-23-2084-01	0.998858009500899	3.26394906657868e-08	0.998858009500899
TCGA-23-2641-01	0.0158662522452298	0.0906853976434875	0.106551617249227
TCGA-23-2645-01	0.0108629447224441	0.714478613675496	0.72534152575845
TCGA-24-0966-01	0.211518032355723	0.788482000283768	1
TCGA-24-0968-01	0.00247270253318025	0.408839420331785	0.411312090225475
TCGA-24-0970-01	0.00167731078536392	3.26394906657868e-08	0.00167731078536393
TCGA-24-0979-01	0.395533834047056	0.604466198592435	1
TCGA-24-0982-01	0.000298031189187529	0.0403242955345293	0.0406222940842261
TCGA-24-1105-01	0.967394944005811	3.26394906657868e-08	0.967394944005811
TCGA-24-1413-01	0.137068431270682	0.862931601368809	1
TCGA-24-1417-01	1	3.26394906657868e-08	1
TCGA-24-1418-01	0.513697341771338	0.486302690868153	1
TCGA-24-1424-01	0.395526947114527	0.604473085524964	1
TCGA-24-1425-01	0.07562576513086	3.26394906657868e-08	0.0756257651308601
TCGA-24-1426-01	0.409938326703219	0.590061705936271	1
TCGA-24-1428-01	1	3.26394906657868e-08	1
TCGA-24-1430-01	0.0324093822477009	0.96759016079943	0.99999951040764
TCGA-24-1431-01	1	3.26394906657868e-08	1
TCGA-24-1434-01	0.374559044561163	0.561388696742021	0.935947708663693
TCGA-24-1435-01	0.000424378657520124	0.0335275459186226	0.0339518919366522
TCGA-24-1466-01	0.041748813464756	0.146863150742909	0.188611931568174
TCGA-24-1467-01	0.00915922858913876	0.928573533818576	0.937732729768224
TCGA-24-1469-01	0.463665539483616	0.536334493155874	1
TCGA-24-1544-01	0.0326621424633474	3.26394906657868e-08	0.0326621424633474
TCGA-24-1546-01	0.0525353165000818	0.215686323789035	0.268221607649626
TCGA-24-1548-01	1	3.26394906657868e-08	1
TCGA-24-1549-01	0.762219156358599	0.237780876280892	1
TCGA-24-1550-01	0.408567043782254	0.591432988857237	1
TCGA-24-1551-01	0.956727738308836	0.0115098594272625	0.968237565096608
TCGA-24-1552-01	0.402027395434251	0.59797263720524	1
TCGA-24-1553-01	1	3.26394906657868e-08	1
TCGA-24-1557-01	0.624615763836051	0.375384268803439	1
TCGA-24-1558-01	0.567896456307652	0.432103576331839	1
TCGA-24-1563-01	0.415140604561049	0.0969974181836496	0.512137990105208
TCGA-24-1567-01	0.567896456307652	0.432103576331839	1
TCGA-24-1603-01	0.102336455507331	0.0278276463862388	0.13016406925408
TCGA-24-1604-01	0.052396141711921	0.94760389092757	1
TCGA-24-1614-01	0.560188934344457	0.439811098295034	1
TCGA-24-1616-01	0.16980714597911	3.26394906657868e-08	0.16980714597911
TCGA-24-1842-01	0.257712801400809	0.701535260458076	0.959248029219394
TCGA-24-1843-01	0.408476338637718	0.591523694001772	1
TCGA-24-1844-01	0.287641810835025	0.712358221804466	1
TCGA-24-1845-01	0.853043957266682	0.146956075372809	1
TCGA-24-1846-01	0.0854604027001606	0.91453962993933	1
TCGA-24-1847-01	0.488340863862219	0.511659168777272	1
TCGA-24-1850-01	0.0084513433157734	0.0876115736108805	0.0960628842871631
TCGA-24-1852-01	1	3.26394906657868e-08	1
TCGA-24-1852-02	0.0206745388113409	0.0165064432149729	0.0371809493868231
TCGA-24-1920-01	0.00995155222483335	0.120212549668737	0.13016406925408
TCGA-24-1923-01	1	3.26394906657868e-08	1
TCGA-24-1924-01	5.22231850509305e-07	0.99999951040764	1
TCGA-24-1928-01	0.0629466612297979	3.26394906657868e-08	0.0629466612297979
TCGA-24-2019-01	0.0009481445640903	0.661423448007723	0.662371559932323
TCGA-24-2020-01	1	3.26394906657868e-08	1
TCGA-24-2023-01	1	3.26394906657868e-08	1
TCGA-24-2024-01	0.60089553623305	0.399104496406441	1
TCGA-24-2026-01	0.0189948779826497	0.291734900881864	0.310729746225023
TCGA-24-2027-01	0.524241202833121	0.422644521381527	0.946885691575157
TCGA-24-2029-01	0.340545137592262	0.0319284067133818	0.372473511666154
TCGA-24-2030-01	0.0464995892483298	0.111966084435816	0.158465641044656
TCGA-24-2033-01	1	3.26394906657868e-08	1
TCGA-24-2254-01	0.237780876280892	3.26394906657868e-08	0.237780876280892
TCGA-24-2260-01	0.205811996599096	0.588898956721112	0.794710920680717
TCGA-24-2261-01	0.411101075918378	0.588898956721112	1
TCGA-24-2262-01	0.222595059497385	3.26394906657868e-08	0.222595059497385
TCGA-24-2267-01	0.444292761478142	0.555707271161349	1
TCGA-24-2280-01	0.581596164442062	0.418403868197428	1
TCGA-24-2281-01	0.395518493486447	0.604481539153044	1
TCGA-24-2288-01	1	3.26394906657868e-08	1
TCGA-24-2289-01	0.00164796788326343	0.255212714334967	0.25686064957874
TCGA-24-2290-01	0.0900276139882804	3.26394906657868e-08	0.0900276139882804
TCGA-24-2295-01	0.554100624873257	0.444889705122765	0.998990297356531
TCGA-24-2298-01	0.000462827977513872	0.216678009433661	0.217140804771685
TCGA-25-1312-01	1	3.26394906657868e-08	1
TCGA-25-1313-01	0.255577917595927	3.26394906657868e-08	0.255577917595927
TCGA-25-1315-01	0.0358119838696943	0.719063189172645	0.754875140402849
TCGA-25-1317-01	1	3.26394906657868e-08	1
TCGA-25-1318-01	1	3.26394906657868e-08	1
TCGA-25-1319-01	0.352385178107009	0.647614854532481	1
TCGA-25-1320-01	1	3.26394906657868e-08	1
TCGA-25-1321-01	0.000282723268069475	0.0599577651518799	0.0602404557804587
TCGA-25-1322-01	0.0996692868888178	3.26394906657868e-08	0.0996692868888178
TCGA-25-1323-01	0.997731000528009	0.00226903211148166	1
TCGA-25-1329-01	1	3.26394906657868e-08	1
TCGA-25-1623-01	0.398409471092394	0.601322069096953	0.999731507549857
TCGA-25-1626-01	0.998766390450625	3.26394906657868e-08	0.998766390450625
TCGA-25-1627-01	0.311551837076196	0.589606744076006	0.901158548512711
TCGA-25-1628-01	0.32279888332469	0.677201149314801	1
TCGA-25-1630-01	0.756483386025983	0.0278276463862388	0.784310999772731
TCGA-25-1631-01	0.467688650462487	0.532311382177004	1
TCGA-25-1632-01	0.222068388676147	0.4356456791369	0.657714035173555
TCGA-25-1635-01	0.43500914379011	0.564990888849381	1
TCGA-25-1870-01	0.0817937149592628	0.68948055001328	0.771274232333051
TCGA-25-1871-01	0.411078913704222	0.578340244691081	0.989419125755812
TCGA-25-1877-01	0.0644770290282248	0.0442220708692774	0.108699067258012
TCGA-25-2042-01	0.0962100557505348	0.268221607649626	0.36443163076067
TCGA-25-2392-01	0.0988161558820295	0.590611387598423	0.689427510840962
TCGA-25-2393-01	0.366053682888352	0.633946349751139	1
TCGA-25-2396-01	0.423352569852345	0.576647462787146	1
TCGA-25-2397-01	0.718873488452948	3.26394906657868e-08	0.718873488452948
TCGA-25-2398-01	0.625734025425445	0.374177913228763	0.999911906014717
TCGA-25-2399-01	0.422302590077406	0.577697442562085	1
TCGA-25-2401-01	0.735691116571843	0.260898611525859	0.996589695458212
TCGA-25-2404-01	0.0770745342026448	0.590611387598423	0.667685889161577
TCGA-29-1688-01	0.113287396296586	3.26394906657868e-08	0.113287396296586
TCGA-29-1691-01	0.482236038808746	0.517763993830745	1
TCGA-29-1692-01	0.266671199203936	0.733328833435555	1
TCGA-29-1692-02	0.00242645237491952	0.062937424253942	0.0653638439893709
TCGA-29-1693-01	0.00144426482207414	0.0724967150800616	0.0739409472626451
TCGA-29-1694-01	0.114248433459486	0.885751599180005	1
TCGA-29-1695-01	0.935504040067194	0.0644959925722964	1
TCGA-29-1697-01	0.912271870767984	0.0877281618715066	1
TCGA-29-1698-01	0.346422693872291	0.653577338767199	1
TCGA-29-1699-01	0.418805856164358	0.539199979319619	0.958005802844486
TCGA-29-1701-01	0.964660146362657	0.0353398862768338	1
TCGA-29-1702-01	0.00727909600883329	0.632274130726317	0.63955319409566
TCGA-29-1703-01	0.0513566718529729	0.0442026830118273	0.0955593222253096
TCGA-29-1704-01	0.429358040296258	0.570641992343232	1
TCGA-29-1704-02	0.320781469046682	0.543211078965927	0.863992515373118
TCGA-29-1705-01	3.20519798250086e-05	0.24205230850468	0.242084327845014
TCGA-29-1705-02	0.315218263701169	0.575223238612335	0.890441469674013
TCGA-29-1707-01	0.103459090788473	3.26394906657868e-08	0.103459090788473
TCGA-29-1710-01	0.0445393919974432	0.0568315220972779	0.10137088145523
TCGA-29-1710-02	0.0445393919974432	0.0568315220972779	0.10137088145523
TCGA-29-1711-01	0.125385354066504	0.0651353022757918	0.190520623702805
TCGA-29-1761-01	0.0107512197459257	0.389893697422064	0.4006448845285
TCGA-29-1762-01	0.301582790084371	0.582102925174	0.88368568261888
TCGA-29-1763-01	0.403770442153798	0.563368510326792	0.967138919841099
TCGA-29-1766-01	0.0443931997187912	0.300965250921144	0.345358418000444
TCGA-29-1769-01	0.395717496460982	3.26394906657868e-08	0.395717496460982
TCGA-29-1770-01	1	3.26394906657868e-08	1
TCGA-29-1770-02	1	3.26394906657868e-08	1
TCGA-29-1774-01	0.980337677072909	0.0196623555665819	1
TCGA-29-1775-01	0.418483606473103	0.581516426166388	1
TCGA-29-1776-01	2.37615491981734e-05	0.338807737504599	0.338831466414307
TCGA-29-1777-01	0.914352344541941	3.26394906657868e-08	0.914352344541941
TCGA-29-1778-01	0.0547879962267443	0.601390024516501	0.656177988103754
TCGA-29-1781-01	1	3.26394906657868e-08	1
TCGA-29-1783-01	0.0283787641859794	0.311115283888661	0.33949401543515
TCGA-29-1784-01	0.351408669825538	0.457361711455609	0.808770348641657
TCGA-29-1785-01	0.00396475156957599	0.239647953064935	0.24361267199502
TCGA-29-2427-01	0.542276218674534	0.45032829289295	0.992604478927994
TCGA-29-2428-01	1	3.26394906657868e-08	1
TCGA-29-2429-01	0.395503022367876	0.604497010271615	1
TCGA-29-2431-01	0.416673550879238	0.583326481760253	1
TCGA-29-2432-01	0.404035115783534	0.595964916855957	1
TCGA-29-2434-01	0.208063990896454	0.791936041743036	1
TCGA-29-A5NZ-01	0.000821144305944568	0.300700316175482	0.301521427841936
TCGA-30-1714-01	0.599679192974232	0.400320839665259	1
TCGA-30-1718-01	0.435979222091922	0.564020810547569	1
TCGA-30-1853-01	0.120483849115076	0.879516183524414	1
TCGA-30-1855-01	0.262141294853637	3.26394906657868e-08	0.262141294853637
TCGA-30-1856-01	0.588390792491076	0.411609240148414	1
TCGA-30-1857-01	0.560939773187527	0.365755488501711	0.926695229049747
TCGA-30-1860-01	1	3.26394906657868e-08	1
TCGA-30-1861-01	0.00113480981115672	0.47693254589039	0.478067323062056
TCGA-30-1862-01	1	3.26394906657868e-08	1
TCGA-30-1866-01	1	3.26394906657868e-08	1
TCGA-30-1867-01	0.232947359388503	0.767052673250988	1
TCGA-30-1880-01	0.995860235481522	0.00413979715796853	1
TCGA-30-1887-01	0.581210300383517	0.418789732255973	1
TCGA-30-1891-01	0.0231993666111001	3.26394906657868e-08	0.0231993666111001
TCGA-30-1892-01	1	3.26394906657868e-08	1
TCGA-31-1950-01	0.208451519569023	0.791548513070468	1
TCGA-31-1951-01	0.00174872599092106	0.111983775039752	0.113732468391183
TCGA-31-1953-01	0.00453848853634177	0.285193424722384	0.289731880619235
TCGA-31-1956-01	0.00158915152109982	0.140716351304452	0.142305470186061
TCGA-31-1959-01	1	3.26394906657868e-08	1
TCGA-36-1568-01	0.971351176668326	3.26394906657868e-08	0.971351176668326
TCGA-36-1570-01	0.0172965473653028	0.305667328584657	0.322963843310469
TCGA-36-1571-01	0.257711822216089	0.596569791896809	0.854281581473407
TCGA-36-1576-01	0.0152607244145642	0.125284824435281	0.140545516210354
TCGA-36-1578-01	0.00160031422690445	0.511704537669285	0.513304819256699
TCGA-36-1581-01	0.0768447195489301	0.907792329151769	0.984637016061208
TCGA-36-2529-01	0.430501825967346	0.56898067490829	0.999482468236145
TCGA-36-2530-01	0.000586988599972459	0.834219392146279	0.834806348106761
TCGA-36-2533-01	0.850869188004217	3.26394906657868e-08	0.850869188004217
TCGA-36-2534-01	0.359151507717624	0.640848524921867	1
TCGA-36-2538-01	0.00134654218704759	0.371886718903125	0.373233228450682
TCGA-36-2543-01	0.00668107526101882	3.26394906657868e-08	0.0066810752610188
TCGA-36-2544-01	0.00681776944788963	0.43936866999918	0.446186406807579
TCGA-36-2547-01	0.214987740770507	0.785012291868984	1
TCGA-36-2548-01	1	3.26394906657868e-08	1
TCGA-36-2549-01	0.25675378788633	3.26394906657868e-08	0.25675378788633
TCGA-36-2551-01	0.339586221996255	0.660413810643235	1
TCGA-36-2552-01	0.00108532834332096	0.0608758813845659	0.0619611770883962
TCGA-3P-A9WA-01	0.00446318923139646	0.93062153129933	0.935084687891235
TCGA-42-2582-01	0.513195607520961	0.48680442511853	1
TCGA-42-2587-01	1.84413122211098e-05	0.856385261925221	0.856403670597952
TCGA-42-2588-01	0.010837551198713	0.26822330490314	0.279060823462363
TCGA-42-2589-01	0.894078879791791	0.105921152847699	1
TCGA-42-2591-01	0.289196233938066	0.710803798701425	1
TCGA-42-2593-01	1	3.26394906657868e-08	1
TCGA-57-1582-01	0.66228199716996	0.33771803546953	1
TCGA-57-1583-01	0.147760345062084	3.26394906657868e-08	0.147760345062084
TCGA-57-1584-01	0.282204267528541	0.71779576511095	1
TCGA-57-1585-01	0.885026806650479	0.106257404880446	0.991284178891434
TCGA-57-1586-01	0.318588682785374	0.681411349854116	1
TCGA-57-1992-01	1	3.26394906657868e-08	1
TCGA-57-1993-01	0.00492937907644799	0.316676922538623	0.32160626897558
TCGA-57-1994-01	0.427341572563479	0.572658460076012	1
TCGA-59-2348-01	1	3.26394906657868e-08	1
TCGA-59-2350-01	1	3.26394906657868e-08	1
TCGA-59-2351-01	1	3.26394906657868e-08	1
TCGA-59-2354-01	0.393045497197851	0.60695453544164	1
TCGA-59-2363-01	1	3.26394906657868e-08	1
TCGA-59-A5PD-01	0.0032617948592998	0.787176094262588	0.790437856482397
TCGA-5X-AA5U-01	0.383163826122514	0.563065387377062	0.946229180860085
TCGA-61-1722-01	0.585944266829403	0.414055765810088	1
TCGA-61-1724-01	1	3.26394906657868e-08	1
TCGA-61-1727-01	0.00305162917896047	3.26394906657868e-08	0.00305162917896051
TCGA-61-1728-01	0.093378547296564	0.906621485342927	1
TCGA-61-1730-01	0.00124865635456775	3.26394906657868e-08	0.00124865635456772
TCGA-61-1733-01	0.364203448081488	0.635796584558002	1
TCGA-61-1736-01	0.00406309435492502	0.105560649673395	0.109623711388829
TCGA-61-1738-01	0.0500765836689027	0.397147595744111	0.447224146773523
TCGA-61-1740-01	0.993838937104126	3.26394906657868e-08	0.993838937104126
TCGA-61-1741-01	0.55971504157961	0.44028499105988	1
TCGA-61-1895-01	1	3.26394906657868e-08	1
TCGA-61-1899-01	0.063689764513582	3.26394906657868e-08	0.063689764513582
TCGA-61-1901-01	0.303578923414471	0.477137685089168	0.780716575864148
TCGA-61-1904-01	0.58748161947883	0.41251841316066	1
TCGA-61-1906-01	1	3.26394906657868e-08	1
TCGA-61-1910-01	0.00197025021400898	0.261654281013546	0.263624498588065
TCGA-61-1911-01	1	3.26394906657868e-08	1
TCGA-61-1913-01	1	3.26394906657868e-08	1
TCGA-61-1915-01	0.255095505924019	0.744904526715472	1
TCGA-61-1916-02	0.251855481604987	0.748144551034504	1
TCGA-61-1917-01	0.560814796577802	0.439185236061689	1
TCGA-61-1918-01	0.0539844119667731	0.196748858670451	0.250733237997733
TCGA-61-1919-01	0.0864143570935878	0.913585675545903	1
TCGA-61-1995-01	1	3.26394906657868e-08	1
TCGA-61-2000-01	0.26072572014385	0.739274312495641	1
TCGA-61-2003-01	0.38822777781894	0.611772254820551	1
TCGA-61-2008-01	0.186251574161835	0.16980714597911	0.356058687501455
TCGA-61-2008-02	0.034428983371583	0.965571049267908	1
TCGA-61-2009-01	0.000263498608072601	0.999736534031418	1
TCGA-61-2012-01	0.0692997096097156	3.26394906657868e-08	0.0692997096097155
TCGA-61-2016-01	0.35203139866778	0.647968144379351	0.99999951040764
TCGA-61-2017-01	0.140065552500245	0.859934480139245	1
TCGA-61-2087-01	0.382730569523535	0.617269463115956	1
TCGA-61-2088-01	0.00966974286250226	0.109567277709483	0.119236987932495
TCGA-61-2092-01	0.0153813273325412	0.517591526762114	0.532972821455164
TCGA-61-2094-01	0.00395189161025719	0.652377543730145	0.656329402700911
TCGA-61-2095-02	0.000121908497603266	0.900513331061407	0.90063520691952
TCGA-61-2096-01	0.00275829807642752	0.807623984450808	0.810382249887745
TCGA-61-2097-01	0.414757743335644	0.585242289303846	1
TCGA-61-2098-01	0.426870225678904	0.573129806960587	1
TCGA-61-2102-01	0.0725749845786566	0.103422632477409	0.175997584416575
TCGA-61-2104-01	0.517970895562018	0.482029137077472	1
TCGA-61-2109-01	0.363907930133081	3.26394906657868e-08	0.363907930133081
TCGA-61-2111-01	0.012349836719316	0.16364778033675	0.175997584416575
TCGA-61-2113-01	1	3.26394906657868e-08	1
TCGA-61-2610-02	0.0500774649351504	0.871751673010532	0.921829105306192
TCGA-61-2612-01	0.764476177137519	0.0711208952698948	0.835597039767923
TCGA-61-2613-01	0.00447849715251452	0.376085854655108	0.380564319168132
TCGA-61-2614-01	0.0359840266249464	3.26394906657868e-08	0.0359840266249465
TCGA-72-4232-01	6.46588309911833e-05	0.775919321445878	0.775983947637379
TCGA-72-4233-01	0.488770987070094	0.511229045569396	1
TCGA-72-4235-01	0.567896456307652	0.432103576331839	1
TCGA-72-4236-01	0.0322581961269785	0.967741836512512	1
TCGA-72-4240-01	0.401509863670396	0.59797263720524	0.999482468236145
TCGA-OY-A56Q-01	0.339776967179654	0.407845874236191	0.747622808776354
TCGA-VG-A8LO-01	0.00180930488558014	0.0876115736108805	0.0894208458569699
