Sample	percent	start	end
TCGA-04-1331-01	0	0.75787981275259	0.422246074188906
TCGA-04-1332-01	0.572896828703795	0.0328263146129114	0.605723134792194
TCGA-04-1335-01	0	0.762267891145922	0.0344338161572122
TCGA-04-1336-01	2.5837799382607e-05	0.422173743694759	0.422199572969628
TCGA-04-1337-01	0.00687127760083919	0.792074686805977	0.798945955882303
TCGA-04-1338-01	0	0.948090599412395	0.0617602086500758
TCGA-04-1341-01	0	0.75787981275259	0.177110988274771
TCGA-04-1342-01	0	0.478915682267253	0.119767432186134
TCGA-04-1343-01	0	0.797409668120926	0.149023331183337
TCGA-04-1346-01	0	0.748692092470645	0.486373514569484
TCGA-04-1347-01	0.00125615520997103	0.970978866095174	0.972235012780632
TCGA-04-1349-01	0	0.422186948165641	0.105021882766258
TCGA-04-1350-01	0	0.979124498741577	0.245600584004167
TCGA-04-1351-01	0	0.95337725526225	0.0169251395667392
TCGA-04-1353-01	0	0.978791437487972	0.190924433327873
TCGA-04-1356-01	0	0.823312645931141	0.802106350939613
TCGA-04-1357-01	0	0.597448117085075	0.373399028232778
TCGA-04-1360-01	0	0.999688880843264	0.401436109387644
TCGA-04-1361-01	0	0.781017745376747	0.254107059292558
TCGA-04-1362-01	0.044265708324985	0.847121125284838	0.89138682508531
TCGA-04-1364-01	0	0.811462421831919	0.294277727888538
TCGA-04-1365-01	0	0.975605596758885	0.0838858297631535
TCGA-04-1367-01	0	0.98886289404903	0.290865646580231
TCGA-04-1371-01	0	0.928554657200684	0.00494779792730216
TCGA-04-1516-01	0	0.823193047011531	0.108156286582948
TCGA-04-1517-01	0	0.964060379740465	0.290785447960439
TCGA-04-1519-01	0	0.998938433851892	0.831537258191955
TCGA-04-1525-01	2.12857093561101e-05	0.421775614832216	0.421796892017059
TCGA-04-1530-01	0	0.849320645743465	0.478828757806579
TCGA-04-1536-01	0.284146122362635	0.689934933414005	0.974081047252127
TCGA-04-1542-01	0	0.954751611371673	0.0962283103992104
TCGA-04-1638-01	0	0.99090989391823	0.641239657890146
TCGA-04-1644-01	0	0.835366563272278	0.122969486539248
TCGA-04-1646-01	0.000282604660221771	0.489018253301339	0.489300849437048
TCGA-04-1649-01	0	0.891101663071141	0.686606102501201
TCGA-04-1651-01	0	0.76724933532666	0.560492008303012
TCGA-04-1652-01	0.000412671681990104	0.325657398520445	0.326070061677922
TCGA-04-1654-01	0	0.769133022572774	0.208866803049784
TCGA-04-1655-01	7.75730697399287e-06	0.646925064892004	0.646932813674465
TCGA-09-0364-01	0	0.709039518210883	0.289472579164426
TCGA-09-0365-01	0	0.192264086144229	0.00395903112156537
TCGA-09-0366-01	1.46024910400547e-05	0.193304630842889	0.193319224809416
TCGA-09-0367-01	9.77932149512596e-05	0.622396605156962	0.6224943898474
TCGA-09-0369-01	0	0.909717162450079	0.0587577728215879
TCGA-09-1659-01	0	0.999680347805593	0.282430163437422
TCGA-09-1661-01	0	0.797611468920921	0.189897127198148
TCGA-09-1662-01	0	0.775520534051884	0.103042550482508
TCGA-09-1664-01	0.238012684680168	0.761987323844345	1
TCGA-09-1665-01	0	0.97662669704303	0.0056578642998435
TCGA-09-1666-01	0	0.75686183244026	0.00715097540207399
TCGA-09-1668-01	0	0.75787981275259	0.233397393913116
TCGA-09-1669-01	0	0.989809149107647	0.0114423005710605
TCGA-09-1670-01	8.12386103979693e-06	0.964991444116633	0.96499955945316
TCGA-09-1672-01	0.999970965508183	2.90430163301103e-05	1
TCGA-09-1673-01	0	0.951646736468563	0.171814179729744
TCGA-09-1674-01	0	0.951218115422454	0.410003006425301
TCGA-09-1675-01	0	0.934871560137303	0.227443498844826
TCGA-09-2043-01	0	0.840743229456571	0.393318513865018
TCGA-09-2044-01	0	0.844197046781301	0.00796269659402737
TCGA-09-2049-01	0	0.988985689661075	0.477788366549156
TCGA-09-2050-01	0	0.958602415274182	0.220038109347545
TCGA-09-2051-01	0	0.848135243992707	0.00395903112156537
TCGA-09-2053-01	0	0.81848374791337	0.292198582080219
TCGA-09-2054-01	0	0.982610453480913	0.061765766632655
TCGA-09-2055-01	0	0.997412690913292	0.297015520206029
TCGA-10-0925-01	0	0.73524086250615	0.1570047731818
TCGA-10-0926-01	0	0.982705936552799	0.422199572969628
TCGA-10-0927-01	0.210578269556563	0.294698378514844	0.505276639546894
TCGA-10-0928-01	0	0.99968519825358	0.27510172472042
TCGA-10-0930-01	0	0.779919506773033	0.484383407301102
TCGA-10-0931-01	0	0.70957831006505	0.226522408149053
TCGA-10-0933-01	0	0.909500358506925	0.20179666560599
TCGA-10-0934-01	0	0.831537923103981	0.823198945974636
TCGA-10-0935-01	0	0.747714705889975	0.473331512383663
TCGA-10-0936-01	0	0.999688880843264	0.0315020826408587
TCGA-10-0937-01	0	0.683361698366717	0.18262219685024
TCGA-10-0938-01	0	0.409836633501991	0.190951618000335
TCGA-13-0714-01	0	0.475655618602097	0.421780814785243
TCGA-13-0720-01	5.61765417127616e-06	0.0202982808989393	0.0203038900285973
TCGA-13-0723-01	0.000913154374023176	0.781863709538057	0.782776855387567
TCGA-13-0724-01	0	0.781677926298287	0.150586002312939
TCGA-13-0725-01	0	0.943422993708091	0.735599718936572
TCGA-13-0726-01	0	0.922759633484124	0.215756647040282
TCGA-13-0727-01	6.47863000025778e-07	0.872249114030298	0.872249753368785
TCGA-13-0730-01	0	0.834370405713633	0.364264748123823
TCGA-13-0751-01	0	0.184167026173802	0.0680321192062464
TCGA-13-0755-01	0	0.870480499187307	0.870373294909829
TCGA-13-0757-01	0	0.656803134347555	0.325474641482845
TCGA-13-0758-01	1.4321182105833e-05	0.757846405185523	0.757860717843115
TCGA-13-0760-01	0	0.784134639843411	0.0220054766246256
TCGA-13-0761-01	0	0.845463729765022	0.251217453920233
TCGA-13-0762-01	0	0.952180550007045	0.388213251130657
TCGA-13-0764-01	0	0.947264207533296	0.294381769571634
TCGA-13-0766-01	0	0.903826476646858	0.417527491895916
TCGA-13-0791-01	0	0.751088605903846	0.0644687618874336
TCGA-13-0791-02	0	0.4200939244499	0.262717175611927
TCGA-13-0792-01	0	0.94576441321275	0.117511786332873
TCGA-13-0793-01	0	0.896927630770465	0.323120580125173
TCGA-13-0794-01	0	0.839328927478489	0.765524596152894
TCGA-13-0795-01	0	0.646925064892004	0.0278171998624621
TCGA-13-0797-01	0	0.953407773019357	0.266918916672134
TCGA-13-0799-01	0	0.974057204188823	0.304135006056496
TCGA-13-0800-01	0.00186462643469261	0.40245459264625	0.40431921055643
TCGA-13-0801-01	0	0.952347562268841	0.324329211174286
TCGA-13-0802-01	0	0.718536098653577	0.248368706539475
TCGA-13-0803-01	5.93306115813081e-06	0.898541960449805	0.89854788498645
TCGA-13-0804-01	6.13764947392842e-06	0.697217962049413	0.697224091174374
TCGA-13-0805-01	0.179062888675177	0.820937119849336	1
TCGA-13-0807-01	0	0.744911752193903	0.609428178044209
TCGA-13-0883-01	0	0.841513120862457	0.322843925575135
TCGA-13-0884-01	0	0.422173240748482	0.0735258951523071
TCGA-13-0885-01	0	0.938284502421439	0.178945813011462
TCGA-13-0886-01	0	0.987073036119249	0.277873069521701
TCGA-13-0887-01	0	0.799211281354353	0.323269682384823
TCGA-13-0888-01	0	0.982705936552799	0.284684215206722
TCGA-13-0889-01	0	0.969165548705181	0.757173079464693
TCGA-13-0890-01	0	0.794701856516213	0.126125065246624
TCGA-13-0891-01	0	0.823193047011531	0.310301076257294
TCGA-13-0893-01	0	0.863394037300815	0.838920083302906
TCGA-13-0897-01	0	0.999710089832002	0.518768079639957
TCGA-13-0900-01	0	0.987423606722881	0.0354539020242922
TCGA-13-0901-01	0	0.662256120498153	0.428416278778586
TCGA-13-0903-01	0	0.899331304794718	0.425546569619972
TCGA-13-0904-01	0	0.562347462361547	0.561878085618028
TCGA-13-0905-01	0	0.781790432822949	0.255777071091848
TCGA-13-0906-01	0	0.75787981275259	0.587614477392105
TCGA-13-0908-01	0	0.932188614537473	0.932116105028549
TCGA-13-0910-01	0.000928668987971162	0.888897547899921	0.88982620836338
TCGA-13-0911-01	7.75730697399287e-07	0.504406568062373	0.504407335268557
TCGA-13-0912-01	0	0.85216711707921	0.852160868611065
TCGA-13-0913-01	0	0.999680347805593	0.550436373238375
TCGA-13-0913-02	0	0.78507461233583	0.0719883116649301
TCGA-13-0916-01	0	0.763304395225345	0.479882600745765
TCGA-13-0919-01	0	0.726982501697742	0.0307266843994726
TCGA-13-0920-01	0	0.894848817418158	0.0897644704292823
TCGA-13-0921-01	0	0.670067524032648	0.0387211944766065
TCGA-13-0923-01	0	0.847344723264979	0.061765766632655
TCGA-13-0924-01	0	0.762582454205974	0.243906055705034
TCGA-13-1403-01	0	0.96280373010873	0.422280257486671
TCGA-13-1404-01	0	0.894848817418158	0.646932813674465
TCGA-13-1405-01	0	0.65783465158678	0.175557353129117
TCGA-13-1407-01	9.71794500038667e-06	0.409836633501991	0.409846342922479
TCGA-13-1408-01	0	0.632940984659013	0.00270182739647595
TCGA-13-1409-01	0	0.544805054272506	0.486361784839378
TCGA-13-1410-01	0	0.793653119760408	0.0939258479196846
TCGA-13-1411-01	0.00101707671393521	0.281923705061665	0.282940773251087
TCGA-13-1412-01	0.0944789694804698	0.750207571895403	0.84468653285136
TCGA-13-1477-01	0	0.831601660888865	0.0633818949842719
TCGA-13-1481-01	0	0.909347386118301	0.594242184078474
TCGA-13-1482-01	0	0.737369262951497	0.193002044723824
TCGA-13-1483-01	0	0.821955739500153	0.708197517948192
TCGA-13-1484-01	0	0.906950301542719	0.188816824170118
TCGA-13-1485-01	0.0169589989330037	0.78248168559495	0.799440676003441
TCGA-13-1487-01	0	0.83971218106557	0.0576223929140428
TCGA-13-1488-01	0	0.895824950895394	0.345680994031886
TCGA-13-1489-01	0	0.960191989767311	0.598768777286114
TCGA-13-1489-02	0	0.757846405185523	0.598768777286114
TCGA-13-1491-01	0	0.936274874017925	0.932575661532909
TCGA-13-1492-01	0	0.764153769191918	0.00611170085587476
TCGA-13-1494-01	0	0.97987100740787	0.879614540609894
TCGA-13-1495-01	0	0.764928374653581	0.271874838460476
TCGA-13-1496-01	0	0.757846038631457	0.440507431193199
TCGA-13-1497-01	0	0.716044008378846	0.469701996318229
TCGA-13-1498-01	0	0.920695763603384	0.108041947287957
TCGA-13-1499-01	0.379194427027917	0.184716286130126	0.56391070463353
TCGA-13-1500-01	0	0.423095107174953	0.420776840248032
TCGA-13-1501-01	0	0.735864746050661	0.273942348308334
TCGA-13-1504-01	0	0.905412257731631	0.0810378325395534
TCGA-13-1505-01	0	0.909323270270576	0.154691859649142
TCGA-13-1506-01	0	0.951521528419295	0.535597744659324
TCGA-13-1507-01	0	0.597801262091681	0.41141827167337
TCGA-13-1509-01	0	0.893598671989964	0.0629941916013222
TCGA-13-1510-01	0	0.987081390142144	0.00536560989072665
TCGA-13-1511-01	0	0.116335650727918	0.11256336611611
TCGA-13-1817-01	0	0.54899250824866	0.294277727888538
TCGA-13-1817-02	0	0.757846405185523	0.294277727888538
TCGA-13-1819-01	0	0.959623822440801	0.44812019652208
TCGA-13-1819-02	0	0.959611172063275	0.691313296044612
TCGA-13-2057-01	0	0.947264207533296	0.104925461997925
TCGA-13-2059-01	0	0.732401790447826	0.0124371794527317
TCGA-13-2060-01	0	0.839328927478489	0.0810378325395534
TCGA-13-2061-01	0	0.979398161187496	0.00481842991561277
TCGA-13-2065-01	0	0.934515423026579	0.677593126214487
TCGA-13-2071-01	0.0202522996749637	0.113259750645033	0.133512041795483
TCGA-13-A5FT-01	0	0.956210794911534	0.322595623555862
TCGA-13-A5FU-01	0	0.811098936590852	0.757860717843115
TCGA-20-0987-01	0	0.792318215097881	0.108393319195826
TCGA-20-0990-01	0	0.946025868555826	0.894492748503539
TCGA-20-0991-01	0	0.790535884313218	0.22157773871808
TCGA-20-0996-01	0	0.0792024366604803	0.0497008270960039
TCGA-20-1682-01	0	0.957510561530822	0.489300849437048
TCGA-20-1683-01	0	0.957213857325837	0.801109434699297
TCGA-20-1684-01	0	0.837362381964476	0.171814179729744
TCGA-20-1685-01	0.217012674382556	0.782987334141957	1
TCGA-20-1686-01	0.206676293001566	8.52451320643155e-09	0.206676293001566
TCGA-20-1687-01	0	0.500796470837913	0.422240635549511
TCGA-23-1021-01	0	0.995437654984174	0.447837685631503
TCGA-23-1022-01	0	0.653410386635091	0.422173240748482
TCGA-23-1023-01	0	0.826766395059765	0.826693212114302
TCGA-23-1024-01	0	0.538057407686001	0.398806467568592
TCGA-23-1026-01	0	0.805747417720376	0.193304630842889
TCGA-23-1027-01	0	0.99001250989355	0.160934573747746
TCGA-23-1028-01	0	0.985264569177243	0.52200994346952
TCGA-23-1029-01	0	0.788328461630893	0.684461727118195
TCGA-23-1030-01	4.68848223702866e-07	0.849247803778528	0.849248264102239
TCGA-23-1031-01	0	0.784040145615052	0.385303655774976
TCGA-23-1032-01	0	0.638526944690367	0.10916442108258
TCGA-23-1109-01	0	0.907001465670694	0.195413791462039
TCGA-23-1110-01	0	0.999355384839487	0.133336232236108
TCGA-23-1113-01	2.63407456589428e-05	0.422173240748482	0.422199572969628
TCGA-23-1114-01	0	0.986393675043103	0.414484266271966
TCGA-23-1116-01	0	0.373396777761305	0.06453903797391
TCGA-23-1117-01	0	0.972146758495905	0.252516964804126
TCGA-23-1118-01	0	0.980817211319408	0.422246074188906
TCGA-23-1120-01	0	0.925790558235587	0.375864666943179
TCGA-23-1121-01	0	0.943268989853374	0.0165712614520015
TCGA-23-1122-01	0	0.719463079787943	0.56567583295064
TCGA-23-1124-01	0	0.953946445530339	0.213291161771118
TCGA-23-1809-01	0	0.612921122884335	0.306981801323741
TCGA-23-2072-01	2.35447053430421e-05	0.0278947132606099	0.0279182494414398
TCGA-23-2077-01	0	0.410443791951687	0.408466121948003
TCGA-23-2078-01	0	0.791547394520061	0.371902234540864
TCGA-23-2079-01	0	0.925790558235587	0.523825579527093
TCGA-23-2081-01	0	0.839353299061608	0.379676667261791
TCGA-23-2084-01	0	0.786729680663554	0.768691776722678
TCGA-23-2641-01	0	0.78405841364675	0.0264338333426307
TCGA-23-2643-01	0	0.996276654618233	0.0811839256460593
TCGA-23-2645-01	0	0.845717061247059	0.0647867858998278
TCGA-24-0966-01	0	0.998054680523752	0.47576434876743
TCGA-24-0968-01	0	0.694419961095486	0.0587558889041799
TCGA-24-0970-01	0.00787388821594488	0.781677926298287	0.789551805989718
TCGA-24-0975-01	0	0.694461927273764	0.303760447472836
TCGA-24-0979-01	0	0.646925064892004	0.0427739270468073
TCGA-24-0980-01	0.232601161761571	0.767398846762942	1
TCGA-24-0982-01	0	0.659334965902629	0.294277727888538
TCGA-24-1103-01	0	0.933130027672616	0.61664716201226
TCGA-24-1104-01	2.77472903300514e-05	0.0695453140614777	0.0695730528272946
TCGA-24-1105-01	0	0.788086459226844	0.00894009169921095
TCGA-24-1413-01	0.284105366665225	0.715894641859288	1
TCGA-24-1416-01	0	0.97945069776209	0.422191551402746
TCGA-24-1417-01	0.000291478678419493	0.691313296044612	0.691604766198519
TCGA-24-1418-01	0	0.899735051311432	0.292198726996942
TCGA-24-1422-01	0	0.968287600570501	0.113681858963089
TCGA-24-1423-01	0	0.918031034888173	0.552261880682185
TCGA-24-1424-01	0	0.921895009163511	0.0061828379181802
TCGA-24-1425-01	0	0.987081390142144	0.160934573747746
TCGA-24-1426-01	9.1212290793103e-07	0.0685943705206241	0.0685952741190189
TCGA-24-1427-01	0	0.784504970268544	0.00244301465247876
TCGA-24-1428-01	0	0.50660444328996	0.212521901179206
TCGA-24-1430-01	0.544568507556879	4.05852071463375e-05	0.544609084239512
TCGA-24-1434-01	0	0.698373204072617	0.422246074188906
TCGA-24-1435-01	0	0.978791122080985	0.0342440008227178
TCGA-24-1436-01	0	0.440486136959329	0.351450972728787
TCGA-24-1463-01	0	0.870070572398554	0.0203292930778088
TCGA-24-1464-01	0	0.909494101514267	0.811611796875991
TCGA-24-1466-01	0	0.992336940043485	0.42309266916419
TCGA-24-1467-01	0	0.724328905996715	0.570938381477283
TCGA-24-1469-01	0	0.896752196289668	0.0902663852395259
TCGA-24-1470-01	0	0.726233222564673	0.113945112978442
TCGA-24-1474-01	0	0.958888583180904	0.409786390021437
TCGA-24-1544-01	0	0.95188365826277	0.548963797688343
TCGA-24-1545-01	0	0.793573304743707	0.349191090192486
TCGA-24-1546-01	0	0.819002788470548	0.279738053985946
TCGA-24-1548-01	7.75730697399287e-06	0.646925064892004	0.646932813674465
TCGA-24-1549-01	0	0.379823041677231	0.0549356283323175
TCGA-24-1550-01	0	0.951549002925204	0.36124923569215
TCGA-24-1551-01	0	0.896927630770465	0.225180547483789
TCGA-24-1553-01	4.47195960280952e-05	0.513673660086334	0.513718371157848
TCGA-24-1555-01	0.000112012102899194	0.410197714830348	0.410309718408734
TCGA-24-1556-01	0	0.901575732388663	0.131465144220441
TCGA-24-1557-01	0	0.757202378216418	0.757137745357652
TCGA-24-1558-01	0	0.378766317452597	0.378751058574044
TCGA-24-1562-01	0	0.665617012104945	0.544619040870881
TCGA-24-1563-01	0	0.807725582145823	0.422199572969628
TCGA-24-1564-01	0	0.701086786772738	0.55715338272459
TCGA-24-1565-01	0	0.874689741819093	0.764144716158944
TCGA-24-1567-01	0	0.820661249554509	0.240021077029274
TCGA-24-1603-01	0	0.486416733851196	0.486404023802077
TCGA-24-1604-01	0	0.884880464843748	0.352156972908552
TCGA-24-1614-01	0	0.899515144445489	0.186303695396913
TCGA-24-1616-01	0	0.717503183394194	0.0125555678914733
TCGA-24-1842-01	5.01241373704155e-05	0.120314884945669	0.120365000558526
TCGA-24-1843-01	0.0033802848742266	0.896335518086494	0.899715794436207
TCGA-24-1844-01	0	0.620278996745273	0.422199572969628
TCGA-24-1845-01	0	0.784882367515085	0.554202733313538
TCGA-24-1846-01	0	0.760881916125065	0.198980993336286
TCGA-24-1847-01	0	0.991878415005216	0.516105337136312
TCGA-24-1850-01	0	0.952236777695836	0.0119037154192895
TCGA-24-1852-01	0	0.955856993517415	0.0497008270960039
TCGA-24-1852-02	0	0.909494101514267	0.0152362459708036
TCGA-24-1920-01	0	0.978269353679596	0.368280254145062
TCGA-24-1924-01	0	0.843249777305618	0.204831741795361
TCGA-24-1927-01	0	0.885674207837451	0.314533624908055
TCGA-24-1928-01	0.0016035632192217	0.795094742803163	0.796698297497871
TCGA-24-1930-01	0	0.983126604228131	0.289565163901837
TCGA-24-2019-01	0	0.738458627537014	0.0177063600506124
TCGA-24-2020-01	0	0.786837012808729	0.0199072018087789
TCGA-24-2023-01	0	0.526881421430517	0.0452439558814844
TCGA-24-2024-01	0	0.697237679248348	0.0338831667052429
TCGA-24-2026-01	5.16585497388976e-06	0.255260315104196	0.255265472434657
TCGA-24-2027-01	0	0.923614420516553	0.243701671977552
TCGA-24-2029-01	0	0.764504007339538	0.664600131454812
TCGA-24-2030-01	2.57440297378664e-06	0.864158004170055	0.864160570048516
TCGA-24-2033-01	0	0.864158004170055	0.408910547441507
TCGA-24-2035-01	0	0.979825844537158	0.0943130483563579
TCGA-24-2254-01	0.247269410896128	0.752730597628385	1
TCGA-24-2262-01	0	0.783788825918121	0.268195829071645
TCGA-24-2267-01	0	0.966087193562506	0.106383989150272
TCGA-24-2271-01	0	0.941275864907335	0.71927888210762
TCGA-24-2280-01	2.57440297378664e-06	0.864158004170055	0.864160570048516
TCGA-24-2281-01	1.4321182105833e-05	0.423109496553164	0.423123809210757
TCGA-24-2288-01	0	0.953005109115814	0.0249404665050055
TCGA-24-2289-01	0	0.854749243261918	0.300803251235679
TCGA-24-2290-01	0	0.871069338458225	0.833431243049964
TCGA-24-2293-01	0	0.958778190735505	0.107018749973574
TCGA-24-2295-01	0.321220278602913	4.05852071463375e-05	0.321260855285546
TCGA-24-2297-01	0	0.798036006725227	0.0957080082140845
TCGA-24-2298-01	0	0.964991444116633	0.113575643529138
TCGA-25-1312-01	0.157975178186194	0.00944077045504665	0.167415940116727
TCGA-25-1313-01	0	0.724220354846158	0.131465144220441
TCGA-25-1314-01	0	0.792195794564416	0.214390934787202
TCGA-25-1315-01	0	0.944382879463248	0.0733341618023522
TCGA-25-1316-01	0	0.922952585839461	0.294277727888538
TCGA-25-1317-01	0	0.999967095379209	0.0210968402425763
TCGA-25-1318-01	0	0.932161489536603	0.115669110519563
TCGA-25-1319-01	0	0.691313296044612	0.6384227921886
TCGA-25-1320-01	0.149509194335304	0.760936617926001	0.910445803736792
TCGA-25-1321-01	0	0.351448960943681	0.292198726996942
TCGA-25-1322-01	6.94747822396065e-06	0.128349963180923	0.128356902134634
TCGA-25-1323-01	0	0.896534412027502	0.193304630842889
TCGA-25-1329-01	0	0.99528770879772	0.835368702925081
TCGA-25-1623-01	0	0.563974195207532	0.544609084239512
TCGA-25-1625-01	0.000596187401260564	0.825611707129916	0.826207886006664
TCGA-25-1626-01	0	0.95485678681502	0.616489680156175
TCGA-25-1627-01	0	0.706338219334223	0.135279574025304
TCGA-25-1628-01	0.0353482151101565	0.644835664094355	0.680183870679998
TCGA-25-1631-01	0	0.795750618845557	0.794521852896364
TCGA-25-1632-01	0	0.455972594440353	0.372885443364021
TCGA-25-1633-01	0	0.74066988625026	0.0220667337761806
TCGA-25-1634-01	0	0.989848276623043	0.163787830595964
TCGA-25-1870-01	0.000150747490690209	0.930586449338409	0.930737188304586
TCGA-25-1871-01	0	0.852169623286078	0.00929173639150127
TCGA-25-1877-01	0	0.963453442928112	0.294277727888538
TCGA-25-1878-01	0	0.92244420092373	0.896756407399168
TCGA-25-2391-01	0	0.899882269653674	0.0619145705343451
TCGA-25-2392-01	0	0.813162474015579	0.295239471987563
TCGA-25-2393-01	0	0.949966239518088	0.409275899550956
TCGA-25-2396-01	0	0.801927881732132	0.0211800480155138
TCGA-25-2397-01	0	0.918491605809599	0.656810039203213
TCGA-25-2398-01	0	0.982705936552799	0.0115755557607501
TCGA-25-2399-01	0	0.894763989987721	0.0680321192062464
TCGA-25-2400-01	0	0.995851835504993	0.0249404665050055
TCGA-25-2401-01	0	0.703278848282352	0.0394854170812422
TCGA-25-2404-01	0.301904302928736	0.0040316514491604	0.305935945853384
TCGA-25-2408-01	0	0.558188838288894	0.207545614328929
TCGA-29-1688-01	0	0.790399679641976	0.177898201491394
TCGA-29-1690-01	0	0.0386379952281821	0.0386115180903126
TCGA-29-1691-01	0	0.399083897849327	0.398831512588251
TCGA-29-1692-01	0	0.733739627542879	0.106361475911022
TCGA-29-1692-02	0	0.831355421801777	0.0866586152071587
TCGA-29-1693-01	0	0.989225015367992	0.48222910938478
TCGA-29-1694-01	0	0.679384382164427	0.295239471987563
TCGA-29-1695-01	0	0.641235873006304	0.0056578642998435
TCGA-29-1696-01	0	0.963542677531852	0.933568068305765
TCGA-29-1697-01	0	0.48333308498585	0.061765766632655
TCGA-29-1698-01	0	0.978121436327274	0.110151636426922
TCGA-29-1701-01	0	0.95055508731352	0.341191115902418
TCGA-29-1702-01	0	0.656803134347555	0.361961876467665
TCGA-29-1703-01	0	0.713110587008887	0.198803231663397
TCGA-29-1704-01	3.48652588171767e-06	0.210653498385184	0.210656976386553
TCGA-29-1704-02	0	0.470811811210812	0.422199572969628
TCGA-29-1705-01	0	0.221661568780478	0.150544428262266
TCGA-29-1705-02	0	0.516104979106759	0.0315020826408587
TCGA-29-1707-01	0	0.96499955945316	0.75973887268019
TCGA-29-1707-02	0	0.741993581177984	0.57762171061201
TCGA-29-1710-01	1.19087448820528e-05	0.0423929068821737	0.0424048071025426
TCGA-29-1710-02	0	0.973924605386647	0.411411554357001
TCGA-29-1711-01	0	0.934453040639287	0.377939559019433
TCGA-29-1761-01	0	0.951807900914332	0.531806475956713
TCGA-29-1762-01	0	0.973263248082291	0.0552507369612115
TCGA-29-1763-01	0	0.997815678748334	0.436156144598657
TCGA-29-1764-01	0	0.771022472389784	0.77089849187041
TCGA-29-1766-01	0	0.896927630770465	0.134210906957735
TCGA-29-1768-01	0.249085473179358	0.750914535345155	1
TCGA-29-1769-01	0	0.581979484361065	0.128517836418548
TCGA-29-1770-01	0	0.965019234029529	0.193319224809416
TCGA-29-1770-02	0	0.952669575753393	0.420445918647229
TCGA-29-1771-01	0	0.972414811812166	0.171814179729744
TCGA-29-1774-01	0	0.934017497688493	0.276404543115419
TCGA-29-1775-01	0	0.951611632523377	0.646932813674465
TCGA-29-1776-01	0	0.998054680523752	0.0344573182399894
TCGA-29-1777-01	0	0.481186510278449	0.335390755840621
TCGA-29-1778-01	0	0.897420322057471	0.21620901738005
TCGA-29-1781-01	0	0.94857688879002	0.1172514988481
TCGA-29-1783-01	0	0.982705936552799	0.223686098032992
TCGA-29-1784-01	0.000108482954451685	0.189234508265845	0.189342982695784
TCGA-29-1785-01	0	0.761987323844345	0.259820597187838
TCGA-29-2425-01	0	0.455996411930118	0.311913351528963
TCGA-29-2427-01	0	0.770897622370068	0.59069752954153
TCGA-29-2428-01	1.53441236848211e-07	0.292198582080219	0.292198726996942
TCGA-29-2429-01	0	0.943403472572959	0.0491998499822076
TCGA-29-2431-01	0	0.600812981114998	0.413403051121028
TCGA-29-2432-01	0	0.922112435396125	0.0750950619609354
TCGA-29-2434-01	0	0.828070747867133	0.178764684155876
TCGA-29-2436-01	0.283387474789605	0.716612533734908	1
TCGA-29-A5NZ-01	0	0.750872168514758	0.46445249882123
TCGA-30-1714-01	0	0.956340589148881	0.117511786332873
TCGA-30-1853-01	0	0.958420851668425	0.333173402100467
TCGA-30-1855-01	0	0.699317788326654	0.359171445281423
TCGA-30-1856-01	0	0.759243641088263	0.486373514569484
TCGA-30-1857-01	0	0.615250599546059	0.351440947901313
TCGA-30-1859-01	0	0.858594958030071	0.388852188965406
TCGA-30-1860-01	0	0.987740999921302	0.129002710726988
TCGA-30-1861-01	0	0.984711362371326	0.0269990682366138
TCGA-30-1862-01	1.4321182105833e-05	0.757846405185523	0.757860717843115
TCGA-30-1867-01	0	0.253288885044144	0.253250413916261
TCGA-30-1880-01	0	0.678975060616108	0.275118543584881
TCGA-30-1887-01	0	0.975170070857117	0.422191551402746
TCGA-30-1891-01	0	0.983105275896209	0.50290721701651
TCGA-30-1892-01	0	0.923835154260272	0.164209129085271
TCGA-31-1944-01	0	0.999281715996774	0.670080242606281
TCGA-31-1946-01	0	0.670067524032648	0.422199572969628
TCGA-31-1950-01	0	0.531936798713876	0.516118771769049
TCGA-31-1951-01	0	0.972765101106864	0.0847812446252945
TCGA-31-1953-01	4.88454603966804e-05	0.524675456439942	0.524724293375826
TCGA-31-1955-01	0	0.956512750216625	0.345695366361071
TCGA-31-1956-01	0	0.972686189688558	0.203461562697385
TCGA-31-1959-01	0	0.994850401272703	0.370307758452669
TCGA-36-1568-01	0	0.894324355270611	0.024300267042309
TCGA-36-1569-01	0	0.173076847667768	0.173029383178503
TCGA-36-1570-01	3.33734690144858e-05	0.989809149107647	0.989842514052149
TCGA-36-1571-01	0	0.537727270340409	0.431797816756247
TCGA-36-1574-01	0	0.986110703828816	0.089979032425475
TCGA-36-1575-01	0	0.423082917121137	0.216282115080382
TCGA-36-1576-01	0	0.830117082824306	0.358889735695083
TCGA-36-1577-01	0	0.771160961630552	0.111887721727702
TCGA-36-1578-01	0	0.749360184140396	0.125239010299931
TCGA-36-1580-01	0	0.837718212192727	0.0961137324178506
TCGA-36-1581-01	0	0.938283982426136	0.703355287591841
TCGA-36-2529-01	0	0.982679152532456	0.646932813674465
TCGA-36-2530-01	0	0.767717143559758	0.0154895945018664
TCGA-36-2532-01	0	0.593025156383899	0.37934245519891
TCGA-36-2533-01	1.53441236848211e-06	0.556917211087541	0.556918736975396
TCGA-36-2534-01	0	0.75832849197816	0.741472307198358
TCGA-36-2537-01	0	0.985409690489248	0.336536799914127
TCGA-36-2538-01	0	0.943515177793384	0.210754053542399
TCGA-36-2540-01	0	0.987081390142144	0.0470665138437412
TCGA-36-2542-01	0	0.936789635269498	0.145161019188065
TCGA-36-2543-01	0	0.992179142780413	0.230198851659423
TCGA-36-2544-01	0	0.758520080411392	0.103871269553699
TCGA-36-2545-01	0	0.866821309291569	0.211017980994291
TCGA-36-2547-01	0	0.767486862361301	0.294277727888538
TCGA-36-2548-01	0	0.83027412993022	0.196177596365529
TCGA-36-2549-01	0	0.979700713208508	0.00990923507565744
TCGA-36-2552-01	0	0.885250931661092	0.11749763564103
TCGA-3P-A9WA-01	0.000630242831327709	0.125586904206431	0.126217138513246
TCGA-42-2582-01	0	0.524479520505	0.220939320878633
TCGA-42-2587-01	0	0.571239288267256	0.0404143247555817
TCGA-42-2588-01	0.0242572012018336	0.759418018529427	0.783675211206748
TCGA-42-2589-01	0	0.959157753208388	0.548963797688343
TCGA-42-2590-01	0	0.991002785538116	0.181998645761742
TCGA-42-2591-01	0	0.564245786196754	0.061765766632655
TCGA-42-2593-01	0	0.508396253333255	0.248282557809497
TCGA-57-1582-01	0	0.951611632523377	0.368176775079834
TCGA-57-1583-01	0	0.982705936552799	0.0685828709523736
TCGA-57-1584-01	0	0.75787981275259	0.508010945338503
TCGA-57-1585-01	0	0.294550333294825	0.294277727888538
TCGA-57-1586-01	0	0.643803200634169	0.0145639005689874
TCGA-57-1992-01	0	0.714453342748033	0.559485825916893
TCGA-57-1993-01	0	0.995490592210886	0.789574677258522
TCGA-59-2348-01	0	0.806049185486178	0.327619775547523
TCGA-59-2350-01	0	0.898095795955616	0.216744586968243
TCGA-59-2351-01	0	0.757846405185523	0.639370794772414
TCGA-59-2352-01	7.75730697399287e-06	0.646925064892004	0.646932813674465
TCGA-59-2354-01	0	0.737334482937812	0.446654875332746
TCGA-59-2355-01	0	0.831355421801777	0.830043269064869
TCGA-59-2363-01	0	0.943515177793384	0.120682964899328
TCGA-59-2372-01	0	0.839328927478489	0.545853074969206
TCGA-59-A5PD-01	0	0.982800362585052	0.0398295943000059
TCGA-5X-AA5U-01	0	0.982705936552799	0.111878557876057
TCGA-61-1721-01	0	0.564348523629337	0.203254058998087
TCGA-61-1722-01	0	0.763497066271748	0.0666714449404423
TCGA-61-1724-01	0	0.909494101514267	0.252445341844571
TCGA-61-1725-01	0	0.758204451787195	0.0590513911528101
TCGA-61-1727-01	0	0.754801125153902	4.86664456204045e-05
TCGA-61-1728-01	0	0.998979291843459	0.0955459657434596
TCGA-61-1730-01	0.000794160694847389	0.69102035114993	0.691814503320264
TCGA-61-1734-01	0	0.51027246458133	0.210986491442685
TCGA-61-1736-01	0	0.486404023802077	0.125239010299931
TCGA-61-1737-01	0	0.744600931395127	0.168225496082338
TCGA-61-1738-01	0	0.971571967622672	0.0541643474307868
TCGA-61-1740-01	0	0.786077009838107	0.204688674891026
TCGA-61-1743-01	0	0.670067524032648	0.486412821099657
TCGA-61-1895-01	0	0.823193047011531	0.333888455313206
TCGA-61-1900-01	0	0.964191162821338	0.146234502605569
TCGA-61-1901-01	0.491583876026573	0.50841613249794	1
TCGA-61-1903-01	0	0.925476805004285	0.924602403067079
TCGA-61-1904-01	0	0.464531546631747	0.20513946819586
TCGA-61-1906-01	0	0.420712863776779	0.349191090192486
TCGA-61-1910-01	0	0.762572352657882	0.33951095993247
TCGA-61-1911-01	0	0.495582188104772	0.409917479984784
TCGA-61-1913-01	0	0.775854430707779	0.255954415063592
TCGA-61-1915-01	0	0.978119032414564	0.12521714492368
TCGA-61-1916-02	0	0.979092540341747	0.016762543002759
TCGA-61-1917-01	0	0.94970180911992	0.214273756829328
TCGA-61-1918-01	0	0.948836204480293	0.646932813674465
TCGA-61-1919-01	0	0.858598367835334	0.145290506542939
TCGA-61-1998-01	0	0.986439596595487	0.821238001065769
TCGA-61-2000-01	0.0243614559977588	0.975638552526754	1
TCGA-61-2002-01	0	0.893712542436731	0.449225919648348
TCGA-61-2003-01	0	0.934871560137303	0.122973152079906
TCGA-61-2008-01	0	0.493320839352208	0.416338884928211
TCGA-61-2008-02	0	0.73665658807793	0.0478495841469697
TCGA-61-2009-01	1	8.52451320643155e-09	1
TCGA-61-2012-01	0	0.900671656621153	0.0882526991677484
TCGA-61-2017-01	0	0.60844118433721	0.100884442108804
TCGA-61-2018-01	0	0.830415389637766	0.812743238458457
TCGA-61-2087-01	0	0.895753864980168	0.216091021068914
TCGA-61-2092-01	0	0.359082381167946	0.242356810683656
TCGA-61-2095-02	0	0.460479265860743	0.387349197952426
TCGA-61-2097-01	0	0.818989780063469	0.0264602849069607
TCGA-61-2098-01	0	0.796921699414209	0.324992529116668
TCGA-61-2101-01	0	0.931709085098783	0.66908466471453
TCGA-61-2102-01	0.000498343039230355	0.32538172428942	0.325880058804138
TCGA-61-2104-01	0	0.894577320198582	0.791441085316465
TCGA-61-2109-01	0	0.934453040639287	0.637445576098193
TCGA-61-2110-01	1.29572600005156e-05	0.740713702247894	0.740726650983381
TCGA-61-2111-01	0	0.555818742321971	0.320013139343602
TCGA-61-2610-02	0	0.692085020220827	0.0646974319529032
TCGA-61-2611-02	1.70490263164678e-07	0.104928965572833	0.104929127538583
TCGA-61-2612-01	0.00142674776729361	0.407374796724459	0.40880153596724
TCGA-61-2613-01	0	0.941196467591779	0.0452439558814844
TCGA-61-2614-01	0	0.410443791951687	0.194327887828864
TCGA-72-4231-01	0	0.968287600570501	0.0719860356199169
TCGA-72-4232-01	0.000114774045162462	0.0251828866101994	0.0252976521308487
TCGA-72-4233-01	0	0.943277846822546	0.423406098463992
TCGA-72-4234-01	0	0.975416932233667	0.426643503973173
TCGA-72-4235-01	0	0.549438647169309	0.375157464807059
TCGA-72-4236-01	0	0.475127354521681	0.27510172472042
TCGA-72-4237-01	1.71086979085755e-05	0.308658547488426	0.308675647661822
TCGA-72-4238-01	0	0.896927630770465	0.66565880779296
TCGA-72-4240-01	1.99729343297421e-05	0.478915682267253	0.47893564667707
TCGA-72-4241-01	0	0.884880464843748	0.352184004139776
TCGA-OY-A56P-01	8.31140032927807e-06	0.150081402281051	0.150089705156867
TCGA-WR-A838-01	1.59578886322139e-05	0.935153627753196	0.935169577117315
