Sample	percent	start	end
TCGA-04-1331-01	0	0.564799747814251	0.0620680861087064
TCGA-04-1332-01	0	0.835367458395161	0.132939127002486
TCGA-04-1336-01	0.00022385447072085	0.164757288677265	0.164981132937044
TCGA-04-1338-01	0	0.721586120275374	0.393473658354273
TCGA-04-1341-01	0	0.442142701951133	0.440302649447289
TCGA-04-1342-01	0	0.111711815127391	0.0551981646608668
TCGA-04-1343-01	0	0.170813428719592	0.023165542581556
TCGA-04-1346-01	8.01967346185083e-05	0.42358832865696	0.423668515180637
TCGA-04-1348-01	7.17829188143765e-06	0.805441506713459	0.805448674794399
TCGA-04-1349-01	0	0.867537529958137	0.302973266876986
TCGA-04-1350-01	0	0.318040052254697	0.255789108605432
TCGA-04-1351-01	0	0.920211018908805	0.318043758826466
TCGA-04-1353-01	0	0.549345242776469	0.38802545734756
TCGA-04-1356-01	1.94007888687504e-07	0.838919089336773	0.83891927313372
TCGA-04-1357-01	0	0.850466265285448	0.328384154652796
TCGA-04-1360-01	0	0.47143886318239	0.257436817604055
TCGA-04-1361-01	1.27534659458259e-05	0.678617733003117	0.678630476258121
TCGA-04-1362-01	0	0.164869986838709	0.00128562901268303
TCGA-04-1365-01	0	0.843037192680528	0.0690894460300788
TCGA-04-1367-01	7.06495043067811e-05	0.576265134121432	0.576335773414797
TCGA-04-1371-01	0	0.566875121676132	0.181768962295302
TCGA-04-1516-01	2.06567346744643e-05	0.0924673864059816	0.0924880329297145
TCGA-04-1517-01	0	0.639425801182635	0.204592121797091
TCGA-04-1519-01	7.7889061837278e-05	0.131698609929393	0.131776488780289
TCGA-04-1525-01	0	0.793257065905154	0.379780612203533
TCGA-04-1530-01	0.000155196100008493	0.0775204162159472	0.0776756021050142
TCGA-04-1536-01	0	0.895256601062252	0.123634947731518
TCGA-04-1542-01	0	0.648198909385675	0.173506595175645
TCGA-04-1638-01	7.8195390082574e-05	0.425083721041081	0.425161906220222
TCGA-04-1644-01	5.00336133983563e-07	0.98182936409871	0.981829854223902
TCGA-04-1646-01	9.80250384947389e-07	0.832718454261139	0.832719424300583
TCGA-04-1648-01	0	0.982450587569228	0.450084149390077
TCGA-04-1649-01	0	0.889918218731478	0.599537697580952
TCGA-04-1651-01	0	0.753917596190796	0.500359976531989
TCGA-04-1654-01	0	0.750323845115456	0.339514356593974
TCGA-04-1655-01	0	0.671290769813296	0.136760020471712
TCGA-09-0364-01	0	0.671290769813296	0.29631098492475
TCGA-09-0366-01	0	0.645605789734536	0.294893461180584
TCGA-09-0367-01	0	0.436203824361105	0.00548099855084272
TCGA-09-0369-01	0	0.318040052254697	0.21245515941618
TCGA-09-1659-01	1.5234724732724e-05	0.460359521940873	0.460374746454664
TCGA-09-1661-01	2.01666094819906e-05	0.771001410110601	0.771021566509141
TCGA-09-1662-01	0.000125788588460072	0.0412759339279383	0.0414017123054568
TCGA-09-1664-01	3.62488423600337e-06	0.145430641454817	0.145434256128112
TCGA-09-1665-01	0	0.749458253392723	0.114187243466687
TCGA-09-1666-01	0	0.8360091037487	0.0914703186003675
TCGA-09-1667-01	0	0.954399538334744	0.00194837017138105
TCGA-09-1669-01	0	0.809104886198955	0.131735634803308
TCGA-09-1674-01	0	0.888450937069334	0.039409669937238
TCGA-09-1675-01	0	0.450077992192347	0.443993986490638
TCGA-09-2043-01	0	0.866685804693974	0.119770892612529
TCGA-09-2044-01	4.9206527136057e-05	0.207648940724075	0.20769813704027
TCGA-09-2050-01	0	0.927995667129923	0.11578605226642
TCGA-09-2051-01	0	0.416940617718259	0.321195488454785
TCGA-09-2053-01	7.76031554750017e-07	0.175705072148368	0.175705837968982
TCGA-09-2054-01	0	0.81215535392032	0.119760089436411
TCGA-09-2055-01	0	0.998007191811168	0.428750225074678
TCGA-10-0925-01	0	0.275026144605189	0.0688654486061768
TCGA-10-0926-01	2.97240507352276e-05	0.684748024902689	0.684777738742483
TCGA-10-0927-01	0	0.633178685901249	0.630425918179603
TCGA-10-0928-01	0	0.409278357842078	0.349414221770744
TCGA-10-0930-01	0	0.794569590537774	0.205510156915418
TCGA-10-0933-01	0	1	0.74326289737385
TCGA-10-0935-01	2.97240507352276e-05	0.684748024902689	0.684777738742483
TCGA-10-0936-01	0	0.76709771611667	0.559289556181632
TCGA-10-0937-01	0.00144325531677087	0.816136753179141	0.81757999828497
TCGA-10-0938-01	0	0.466980858017655	0.023765721301623
TCGA-13-0714-01	0	0.952565806403694	0.132913262687641
TCGA-13-0717-01	6.59524712122415e-05	0.0930661151723543	0.093132057432625
TCGA-13-0720-01	0	0.751242012976024	0.0025083790475483
TCGA-13-0723-01	0	0.795005076982228	0.0914703186003675
TCGA-13-0724-01	0	0.873235766289602	0.317443763903346
TCGA-13-0725-01	0.000227509987781383	0.748612246255806	0.748839746032646
TCGA-13-0726-01	0	0.773929366955731	0.17335365569371
TCGA-13-0727-01	8.76098781546729e-06	0.290454203304461	0.290462954081335
TCGA-13-0730-01	0	0.42358832865696	0.175705837968982
TCGA-13-0751-01	9.70039443437521e-07	0.442389265555772	0.442390225384274
TCGA-13-0755-01	0	0.871809440713854	0.265727795781823
TCGA-13-0757-01	3.21644657560862e-05	0.0503784573150277	0.0504106115698422
TCGA-13-0758-01	4.77872062661852e-06	0.86886489108877	0.868869659598456
TCGA-13-0760-01	0	0.926858188667607	0.136760020471712
TCGA-13-0761-01	3.40739118184316e-05	0.485914138929376	0.485948202630253
TCGA-13-0768-01	1.44791150609937e-05	0.847411223062285	0.847425691966405
TCGA-13-0791-01	0	0.863020393231118	0.262071175939607
TCGA-13-0791-02	0	0.782432171115121	0.468694529698432
TCGA-13-0792-01	0.598772346671022	0.198326208172384	0.797098544632464
TCGA-13-0793-01	0	0.866502783778351	0.20570933154051
TCGA-13-0794-01	0	0.698973857559531	0.273906157485679
TCGA-13-0797-01	0	0.504847389208272	0.0277837676295224
TCGA-13-0800-01	7.14765905690805e-07	0.845140973381689	0.845141677936653
TCGA-13-0801-01	0	0.881894297517959	0.0872607864863335
TCGA-13-0802-01	0	0.444352329271986	0.0487712244885498
TCGA-13-0803-01	0	0.148870615751019	1.30291613665845e-05
TCGA-13-0804-01	0	0.993713960609578	0.0621188140661274
TCGA-13-0805-01	0	0.875792422668609	0.551975795739182
TCGA-13-0807-01	0.000975012171952827	0.338501318875838	0.33947632083685
TCGA-13-0883-01	3.59323031732277e-05	0.959041197493475	0.959077119585707
TCGA-13-0884-01	1.98092265291452e-06	0.828581031816048	0.828583002527759
TCGA-13-0885-01	0	0.375086499438265	0.375066424727257
TCGA-13-0886-01	0	0.528776128191101	0.150272138949839
TCGA-13-0887-01	0	0.886270421142726	0.148877058855111
TCGA-13-0888-01	0	0.310117209151185	0.249324367527646
TCGA-13-0889-01	4.91452614869978e-05	0.851484449318104	0.85153358436865
TCGA-13-0891-01	0	0.567509415151783	0.220403989365835
TCGA-13-0893-01	0	0.475477668354379	0.00344061758551628
TCGA-13-0899-01	5.82023666062512e-06	0.558027585920427	0.558033395946146
TCGA-13-0900-01	0	0.961648929001915	0.137741373638343
TCGA-13-0903-01	8.56800102093078e-05	0.990744189958965	0.990829859758232
TCGA-13-0905-01	0.285722524485378	0.0166206251910339	0.302343139465471
TCGA-13-0906-01	6.45331503423698e-06	0.148870615751019	0.148877058855111
TCGA-13-0908-01	0	0.847411223062285	0.000738097907040824
TCGA-13-0910-01	0	0.873661062214429	0.0746021189214853
TCGA-13-0911-01	4.73481357812609e-05	0.369083160174485	0.369130498099325
TCGA-13-0912-01	0	0.588802128107248	0.133236969955387
TCGA-13-0913-01	0.000514529342682281	0.473471238769573	0.473985757901313
TCGA-13-0913-02	0	0.437741071394474	0.201980060849451
TCGA-13-0919-01	0	0.860673255160952	0.112280380772544
TCGA-13-0923-01	0	0.845140973381689	0.258487472430713
TCGA-13-0924-01	3.55340764543429e-06	0.26786671233272	0.267870255529424
TCGA-13-1403-01	0	0.330049620478705	0.275331931670585
TCGA-13-1404-01	0	0.42358832865696	0.114858623081903
TCGA-13-1405-01	0	0.838919089336773	0.318043758826466
TCGA-13-1407-01	1.22224969873128e-05	0.549216513436854	0.549228725722899
TCGA-13-1408-01	0.00731517976331895	0.335246673168041	0.342561842720419
TCGA-13-1410-01	0.00230654957766423	0.367463602741605	0.369770142108328
TCGA-13-1411-01	0	0.88227106083779	0.517142424724071
TCGA-13-1412-01	0.083750050365469	0.352890199846709	0.436640240001237
TCGA-13-1481-01	1.94007888687504e-07	0.716424969256387	0.716425153053334
TCGA-13-1482-01	0	0.664400191630782	0.179429798970455
TCGA-13-1483-01	0.000672860201734304	0.364175189450235	0.364848039441028
TCGA-13-1485-01	0	0.424293567754222	0.421446971691043
TCGA-13-1487-01	3.06328245296059e-08	0.667258387323516	0.667258407745399
TCGA-13-1488-01	0	0.999708344877654	0.182691592337309
TCGA-13-1489-02	0	0.216972459518263	0.154545019745
TCGA-13-1491-01	0	0.92879967666441	0.662165629190762
TCGA-13-1492-01	0	0.362080261635363	0.0357047114979143
TCGA-13-1495-01	1.55716858025497e-05	0.809104886198955	0.809120447673816
TCGA-13-1496-01	0	0.789505024814528	0.148335909587913
TCGA-13-1497-01	0	0.326547420704943	0.123478965389013
TCGA-13-1498-01	0	0.621053560452174	0.274064978469924
TCGA-13-1501-01	0	0.27132500505799	0.200882374426199
TCGA-13-1504-01	0	0.179737709911685	0.0923563424170618
TCGA-13-1505-01	0	0.860968514745651	0.446177953715477
TCGA-13-1506-01	5.20758017003301e-07	0.818876236465882	0.818876747012958
TCGA-13-1507-01	0	0.637731765142382	0.555074173198112
TCGA-13-1509-01	0	0.969438570373431	0.144228925959462
TCGA-13-1510-01	0	0.239876285457979	0.0883291879293356
TCGA-13-1511-01	2.2852087099086e-05	0.315361017741695	0.315383859617852
TCGA-13-1512-01	1.56635842761385e-05	0.788230852478219	0.788246505851554
TCGA-13-1817-02	0	0.871691647292596	0.486288798795256
TCGA-13-1819-01	0	0.91730967177725	0.0942652472995072
TCGA-13-1819-02	0	0.183720324272545	0.0237138395078114
TCGA-13-2057-01	0	0.864120152475497	0.204592121797091
TCGA-13-2059-01	0	0.79553157354836	0.000291665333287838
TCGA-13-2060-01	0	0.367321037576244	0.112876209631528
TCGA-13-2061-01	0	0.564332250068163	0.088158767315536
TCGA-13-2065-01	0	0.909661166039283	0.175705837968982
TCGA-13-2071-01	0	0.632784686512149	0.00772436282244393
TCGA-13-A5FT-01	0	0.684748024902689	0.0560891816279594
TCGA-20-0987-01	0	0.217392445753505	0.217296462903313
TCGA-20-0990-01	0	0.504368690059348	0.212456354096337
TCGA-20-0991-01	9.18984735888178e-07	0.845140769162859	0.845141677936653
TCGA-20-1682-01	0.000195427209557376	0.938710436915772	0.938905853914388
TCGA-20-1683-01	0	0.141418364308871	0.129507219350077
TCGA-20-1684-01	0	0.841596806638321	0.0714070642683398
TCGA-20-1685-01	0	0.811234296363306	0.401621428077365
TCGA-20-1686-01	0	0.999981079125382	0.0691708068120295
TCGA-20-1687-01	0	0.731603993303174	0.456097648540659
TCGA-23-1021-01	1.68480534912833e-06	0.895256601062252	0.89525827565666
TCGA-23-1022-01	0	0.878048091124729	0.0743417399129835
TCGA-23-1023-01	0	0.427748143696783	0.0324487179458379
TCGA-23-1024-01	0	0.401133385916959	0.0620605198010475
TCGA-23-1026-01	0	0.239114988291828	0.00667163517465952
TCGA-23-1027-01	1.84715931913524e-05	0.847392761680036	0.847411223062285
TCGA-23-1028-01	0	0.991940524288144	0.949815540362718
TCGA-23-1029-01	0	0.923748926345028	0.38202069876291
TCGA-23-1030-01	4.819564392658e-06	0.183722458359321	0.183727267712772
TCGA-23-1031-01	4.90125192473695e-06	0.317623466262978	0.317628357303961
TCGA-23-1032-01	0	0.15756217937516	0.0551981646608668
TCGA-23-1109-01	0	0.910409566786307	0.309302090112335
TCGA-23-1110-01	0	0.981811423474477	0.212456354096337
TCGA-23-1111-01	0	0.902151998809159	0.806498277894082
TCGA-23-1113-01	0	0.26786671233272	0.204592121797091
TCGA-23-1114-01	1.73586005667767e-07	0.835367458395161	0.835367621770226
TCGA-23-1116-01	2.14429771707241e-07	0.304538634843274	0.304538839062104
TCGA-23-1117-01	0	0.834522645938401	0.339974002126041
TCGA-23-1118-01	0	0.829237544300425	0.219135698531836
TCGA-23-1120-01	0	0.854504692652601	0.0412463324085012
TCGA-23-1121-01	0	0.479008836569205	0.023937990095836
TCGA-23-1122-01	0	0.50372075476584	0.255789108605432
TCGA-23-1123-01	5.17286296889945e-05	0.512687278622959	0.512738997041706
TCGA-23-1124-01	0	0.823692094286772	0.182685087967567
TCGA-23-1809-01	0	0.905863614782347	0.275743881894859
TCGA-23-2072-01	0	0.566816051379497	0.566811803627829
TCGA-23-2078-01	0.00408444808053803	0.446403574679079	0.450488012548675
TCGA-23-2079-01	0	0.684749240004729	0.178331632632952
TCGA-23-2081-01	0.154653888803378	1.0210941536748e-08	0.154653888803378
TCGA-23-2084-01	1.09257074155594e-06	0.43239065036366	0.43239173272346
TCGA-23-2641-01	0	0.466822343361656	0.0994490155539391
TCGA-23-2643-01	0	0.609552333740294	0.499043755538542
TCGA-23-2645-01	0	0.917843183260199	0.0277707180462727
TCGA-24-0966-01	2.37404390104446e-05	0.617894866961745	0.617918597189814
TCGA-24-0968-01	0	0.945239711143901	0.111916197332653
TCGA-24-0970-01	9.7320483530558e-05	0.0272752218985649	0.0273725321711539
TCGA-24-0975-01	0	0.497256258750649	0.0832626004396709
TCGA-24-0979-01	0	0.573423623107124	0.137997923543778
TCGA-24-0982-01	3.16437077390829e-05	0.00668596112559783	0.00671759462239541
TCGA-24-1103-01	0	0.212476449229228	0.212387695725624
TCGA-24-1105-01	1.43361618798556e-05	0.529024693140275	0.529039019091214
TCGA-24-1417-01	0	0.684748024902689	0.004843335464493
TCGA-24-1418-01	0	0.866763581435455	0.0569257538549214
TCGA-24-1423-01	0	0.318040052254697	0.148335909587913
TCGA-24-1424-01	2.12387583405268e-06	0.888450937069334	0.888453050734227
TCGA-24-1425-01	0	0.442704773437485	0.400876682847401
TCGA-24-1426-01	0	0.678556140603929	0.179383849733661
TCGA-24-1427-01	0	0.533703601813635	0.0898812408278942
TCGA-24-1428-01	0	0.981077542686279	0.179140625106896
TCGA-24-1430-01	0	0.940372808826403	0.605243030516767
TCGA-24-1435-01	0	0.912101254310013	0.0619107355000393
TCGA-24-1436-01	0	0.680662361720112	0.275135850960771
TCGA-24-1464-01	3.71678270959218e-06	0.318040052254697	0.318043758826466
TCGA-24-1466-01	0	0.998455789104521	0.100046600694863
TCGA-24-1469-01	0	0.795005076982228	0.235228305726453
TCGA-24-1470-01	0	0.552202723703298	0.204592121797091
TCGA-24-1474-01	0	0.473154403465463	0.0404355223869685
TCGA-24-1545-01	0.000451262349087135	0.338180348140417	0.338631600278563
TCGA-24-1546-01	0	0.485302095095274	0.406543602221256
TCGA-24-1548-01	0	0.870236210322604	0.117714725531628
TCGA-24-1549-01	0	0.879246702493865	0.592702646498369
TCGA-24-1550-01	0	0.493220241165693	0.0898812408278942
TCGA-24-1551-01	0	0.743606577243189	0.318043758826466
TCGA-24-1553-01	0	0.807190569517509	0.0898012789449304
TCGA-24-1555-01	0	0.572035282233793	0.0671410962805808
TCGA-24-1556-01	3.62488423600337e-06	0.145430641454817	0.145434256128112
TCGA-24-1557-01	0	0.498877215082516	0.447317392678563
TCGA-24-1558-01	2.99078476824052e-05	0.182655190330827	0.182685087967567
TCGA-24-1562-01	8.58740180979953e-06	0.414158034047404	0.414166611238272
TCGA-24-1563-01	0	0.378431644720664	0.0783989452015733
TCGA-24-1564-01	3.71678270959218e-06	0.318040052254697	0.318043758826466
TCGA-24-1565-01	0	0.318040052254697	0.0714070642683398
TCGA-24-1567-01	0	0.469699725413487	0.17642627094721
TCGA-24-1614-01	0	0.622948486555692	0.399227483051318
TCGA-24-1842-01	7.23955753049687e-06	0.432061020749838	0.432068250096427
TCGA-24-1843-01	0	0.939924058368927	0.626118248706718
TCGA-24-1845-01	2.15450865858228e-06	0.21245420979862	0.212456354096337
TCGA-24-1846-01	0	0.868772165528919	0.868728871136917
TCGA-24-1847-01	0	0.910450982365071	0.00487450946892265
TCGA-24-1849-01	3.71474052129021e-05	0.294324446254005	0.294361583448276
TCGA-24-1850-01	0	0.317443620950164	0.275135850960771
TCGA-24-1852-01	0	0.700732998562851	0.146142558507827
TCGA-24-1852-02	4.93188474926655e-06	0.250004099693016	0.250009021366824
TCGA-24-1920-01	0	0.569915511198227	0.293873857827057
TCGA-24-1923-01	4.66640027000997e-06	0.0914656624110389	0.0914703186003675
TCGA-24-1924-01	1.09359183570693e-05	0.0783989452015733	0.0784098709089889
TCGA-24-1927-01	0	0.732172722323391	0.590353517294609
TCGA-24-1928-01	0	0.895256601062252	0.292050132618687
TCGA-24-1930-01	2.2464071321711e-06	0.860991867168884	0.860994103365075
TCGA-24-2019-01	4.49689864094615e-05	0.845989206503855	0.846034165279323
TCGA-24-2020-01	0	0.38223311697914	0.309302090112335
TCGA-24-2023-01	0	0.332003729199215	0.183722458359321
TCGA-24-2024-01	0	0.958000467701965	0.131735634803308
TCGA-24-2026-01	0	0.855204182989793	0.0407037536094912
TCGA-24-2027-01	4.97272851530603e-06	0.803146230015222	0.803151192532796
TCGA-24-2029-01	4.66640027000997e-06	0.0914656624110389	0.0914703186003675
TCGA-24-2030-01	0.000158228749636924	0.37763245475057	0.377790673289266
TCGA-24-2035-01	0	0.689020854643143	0.281448459221002
TCGA-24-2038-01	0	0.788230852478219	0.302584311692992
TCGA-24-2254-01	0	0.298487161201216	0.0206971700028433
TCGA-24-2261-01	0	0.584115877766943	0.0732410821057519
TCGA-24-2262-01	0	0.549216513436854	0.0606761816167887
TCGA-24-2267-01	0	0.62651652648031	0.403431327670931
TCGA-24-2271-01	0	0.403855265540537	0.382290522892308
TCGA-24-2280-01	0	0.312191827403394	0.312165309588293
TCGA-24-2281-01	0	0.796565216946462	0.200736327329783
TCGA-24-2288-01	0	0.924903212017069	0.303121121310049
TCGA-24-2289-01	0.000256366108488272	0.625957753128066	0.626214109025613
TCGA-24-2290-01	2.31175715783426e-05	0.507085035352628	0.507108142713265
TCGA-24-2293-01	0	0.853241660453479	0.397982309788897
TCGA-24-2297-01	0	0.832718454261139	0.0745518810892567
TCGA-24-2298-01	0	0.961275024745706	0.0697355944088234
TCGA-25-1314-01	0	0.485744708776903	0.064439189258596
TCGA-25-1315-01	0	0.917399119624876	0.212456354096337
TCGA-25-1316-01	2.44245720916058e-05	0.594712935819066	0.594737350180216
TCGA-25-1317-01	0	0.310117209151185	0.175705837968982
TCGA-25-1320-01	3.71678270959218e-06	0.318040052254697	0.318043758826466
TCGA-25-1323-01	0	0.897120179575336	0.171945903820569
TCGA-25-1329-01	7.56630765881266e-06	0.788230852478219	0.788238408574936
TCGA-25-1623-01	1.7021639496951e-05	0.840163435512932	0.840180446941487
TCGA-25-1625-01	1.43667947043852e-05	0.666375886281643	0.666390242865406
TCGA-25-1627-01	0	0.318040052254697	0.131776488780289
TCGA-25-1628-01	8.7916206399969e-06	0.377804784810432	0.377813566220131
TCGA-25-1630-01	0	0.683262322702062	0.0873984810325941
TCGA-25-1631-01	2.2464071321711e-07	0.542964527536367	0.542964741966138
TCGA-25-1633-01	0	0.671290769813296	0.227857006628596
TCGA-25-1635-01	0	0.336881945239905	0.0338990086013091
TCGA-25-1870-01	7.84812964448504e-05	0.745341252830652	0.745419723916155
TCGA-25-1877-01	0	0.700729567686504	0.473167953384846
TCGA-25-1878-01	6.95365116822054e-06	0.183720324272545	0.183727267712772
TCGA-25-2391-01	0	0.498877215082516	0.412788654892457
TCGA-25-2392-01	6.08572113988171e-06	0.069729518898625	0.0697355944088234
TCGA-25-2393-01	0	0.975081912683339	0.148877058855111
TCGA-25-2396-01	0	0.498877215082516	0.0551981646608668
TCGA-25-2398-01	0	0.916637934779082	0.0026443785775182
TCGA-25-2399-01	0.000334643186102925	0.348843093179273	0.349177726154434
TCGA-25-2400-01	0	0.318040052254697	0.247108266469876
TCGA-25-2401-01	0	0.916885825806117	0.509003354723146
TCGA-25-2404-01	1.5316412264803e-07	0.317443620950164	0.317443763903346
TCGA-29-1688-01	8.01967346185083e-05	0.42358832865696	0.423668515180637
TCGA-29-1690-01	4.66640027000997e-06	0.0914656624110389	0.0914703186003675
TCGA-29-1691-01	0	0.505134990586839	0.194216814761738
TCGA-29-1692-01	0.066811701518414	1.0210941536748e-08	0.066811701518414
TCGA-29-1692-02	0.00135282721875948	0.3825916844012	0.383944501409018
TCGA-29-1693-01	0	0.375349380127437	0.318043758826466
TCGA-29-1694-01	0	0.913172637347936	0.908492452306888
TCGA-29-1695-01	0	0.583434522061873	0.0606531763655669
TCGA-29-1696-01	0	0.702067823891728	0.111387954695523
TCGA-29-1697-01	0	0.904956709590265	0.342602512900452
TCGA-29-1698-01	0	0.839295842445663	0.258523108616583
TCGA-29-1699-01	0	0.428188163799267	0.0213690091104266
TCGA-29-1701-01	0	0.742423660091154	0.209885249235093
TCGA-29-1702-01	0	0.576062426510578	0.246281976661014
TCGA-29-1703-01	0.000126033651056309	0.809582737839734	0.809708761279848
TCGA-29-1704-01	0	0.388102846073263	0.079224898049365
TCGA-29-1704-02	0	0.816376628617091	0.477381222703473
TCGA-29-1705-01	0	0.542840607550203	0.482868174233216
TCGA-29-1705-02	0	0.54279683324395	0.290105918300501
TCGA-29-1707-01	0	0.874270083609844	0.0920253751699024
TCGA-29-1707-02	0	0.412788654892457	0.0342469464332579
TCGA-29-1710-02	2.47104784538821e-05	0.532670703814262	0.532695404081775
TCGA-29-1761-01	0	0.342601154845232	0.10631062529539
TCGA-29-1762-01	0	0.838919089336773	0.00128562901268303
TCGA-29-1763-01	0	0.437184850777607	0.0776535771041774
TCGA-29-1764-01	0	0.795005076982228	0.448843999910879
TCGA-29-1766-01	1.10176058891483e-05	0.0357047114979143	0.035715718892862
TCGA-29-1768-01	0	0.810074701001679	0.582875013521839
TCGA-29-1769-01	0	0.924531278472572	0.00250968604806157
TCGA-29-1770-01	0	0.563919870984346	0.00194837017138105
TCGA-29-1770-02	0	0.696300704548838	0.348354622159324
TCGA-29-1771-01	7.7889061837278e-05	0.131698609929393	0.131776488780289
TCGA-29-1776-01	0	0.969438570373431	0.281415069442265
TCGA-29-1777-01	0	0.61922446428857	0.0775478019610767
TCGA-29-1778-01	0.045056974092452	0.95494303611849	1
TCGA-29-1781-01	0	0.910450982365071	0.141859528036805
TCGA-29-1783-01	0	0.899959076588617	0.0748389004441575
TCGA-29-1785-01	0	0.975400289839617	0.545619607180587
TCGA-29-2425-01	3.71678270959218e-06	0.318040052254697	0.318043758826466
TCGA-29-2427-01	0	0.987592174424283	0.318043758826466
TCGA-29-2428-01	0	0.583434522061873	0.0201758605949985
TCGA-29-2429-01	0	0.832734914298853	0.0613524522729872
TCGA-29-2432-01	0	0.903611254671276	0.00622918486809532
TCGA-29-2434-01	0	0.256509950021321	0.0196120328267065
TCGA-29-A5NZ-01	0	0.886003987045909	0.684777738742483
TCGA-30-1718-01	0	0.280804077335139	0.0873984810325941
TCGA-30-1853-01	1.10278168306581e-06	0.469699725413487	0.469700817984229
TCGA-30-1855-01	4.56020647830733e-05	0.451985671761811	0.452031263615652
TCGA-30-1856-01	0	0.696248720645611	0.318043758826466
TCGA-30-1857-01	0	0.0641172689056143	0.0062206383100516
TCGA-30-1859-01	0	0.90224343779038	0.864120816186695
TCGA-30-1860-01	0	0.966362759095238	0.0273725321711539
TCGA-30-1861-01	0.000112841114625558	0.211798565244271	0.211911396147955
TCGA-30-1867-01	0	0.750067621960149	0.0797348222574263
TCGA-30-1887-01	0	0.549216513436854	0.505661201246609
TCGA-30-1891-01	0	0.708501033582132	0.10065043493199
TCGA-30-1892-01	0	0.896397898416693	0.194070982095094
TCGA-31-1944-01	0	0.803804754055076	0.671297713253522
TCGA-31-1950-01	0	0.996105056782944	0.144242465667905
TCGA-31-1951-01	1.71543817365793e-06	0.446176248488245	0.446177953715477
TCGA-31-1953-01	0	0.998429557195782	0.816769075943081
TCGA-31-1955-01	0	0.55308345825229	0.227572427688716
TCGA-31-1956-01	0	0.590738980336606	0.117714725531628
TCGA-31-1959-01	0	0.951710262247407	0.113471384990255
TCGA-36-1568-01	0	0.787251296437294	0.25190650020572
TCGA-36-1570-01	0	0.998455789104521	0.093132057432625
TCGA-36-1571-01	0	0.41429833238375	0.25190650020572
TCGA-36-1574-01	0	0.549226612058007	0.0767693606241303
TCGA-36-1575-01	0	0.662917358704718	0.0759776859069872
TCGA-36-1577-01	0	0.770103276117276	0.0661173677066844
TCGA-36-1578-01	0.000112769638034989	0.0728732329378589	0.0729859923649523
TCGA-36-1580-01	0	0.671290769813296	0.113669487466488
TCGA-36-1581-01	0	0.841596806638321	0.0914703186003675
TCGA-36-2529-01	0	0.383616474913014	0.241233952663015
TCGA-36-2530-01	0	0.667353216337319	0.332275748681037
TCGA-36-2532-01	4.86040815869747e-06	0.528857049902566	0.528861900099783
TCGA-36-2533-01	0	0.875223132046609	0.795917414395193
TCGA-36-2534-01	0	0.922513708750579	0.767197589335578
TCGA-36-2537-01	0	0.855035110220272	0.551815208262057
TCGA-36-2540-01	0	0.905014513730153	0.546378055494057
TCGA-36-2542-01	0	0.112373810887359	0.0501827544100495
TCGA-36-2543-01	0	0.82921898080876	0.557902838848001
TCGA-36-2544-01	0	0.462903496330525	0.0410724400745881
TCGA-36-2545-01	0	0.618556107112041	0.00250968604806157
TCGA-36-2547-01	0	0.639425801182635	0.183727267712772
TCGA-36-2548-01	0	0.763208807566046	0.112584830204602
TCGA-36-2549-01	0	0.855841958396499	0.0411491548781517
TCGA-36-2551-01	0	0.852110716993729	0.136600362190264
TCGA-36-2552-01	2.52210255293755e-05	0.999974789185412	1
TCGA-3P-A9WA-01	0	0.716705882468265	0.0601472956903435
TCGA-42-2582-01	0	0.860343319218885	0.150272138949839
TCGA-42-2587-01	0	0.8730670917468	0.154641308923438
TCGA-42-2588-01	0	0.931885780571646	0.161549490769115
TCGA-42-2589-01	0	0.971063437495897	0.442390225384274
TCGA-42-2590-01	0	0.336866169335272	0.182685087967567
TCGA-42-2591-01	0	0.5751308006291	0.331594382765025
TCGA-42-2593-01	0	0.703589019325044	0.0881830080906804
TCGA-57-1582-01	0	0.809104886198955	0.0292553072542756
TCGA-57-1584-01	2.34851654726979e-07	0.816768851302368	0.816769075943081
TCGA-57-1585-01	0	0.912136379948807	0.0539438934495605
TCGA-57-1586-01	1.31210598401812e-05	0.696265783128874	0.696278893977773
TCGA-57-1992-01	7.43356541918437e-06	0.0898738174734165	0.0898812408278942
TCGA-57-1993-01	0	0.78985061412993	0.55789769253348
TCGA-57-1994-01	0.000283006454887519	0.181783788582374	0.18206678482632
TCGA-59-2348-01	0	0.282193204450966	0.00364169144572857
TCGA-59-2349-01	2.59460023765762e-05	0.555924560828937	0.555950496620372
TCGA-59-2350-01	1.3366122436418e-05	0.903789445811565	0.90380280172306
TCGA-59-2352-01	1.4611857300622e-05	0.639425801182635	0.639440402828994
TCGA-59-2354-01	0	0.220416181229998	0.0914703186003675
TCGA-59-2363-01	0	0.882404701640271	0.076212333342884
TCGA-59-2372-01	0.0242373953227884	0.594342237798492	0.618579622910338
TCGA-59-A5PD-01	0	0.59955837473751	0.00243553419081688
TCGA-5X-AA5U-01	8.60782369281926e-06	0.599536543744562	0.599545141357313
TCGA-61-1721-01	2.38936031330926e-06	0.454140047678153	0.454142426827525
TCGA-61-1722-01	0	0.795185759592245	0.0555699756740656
TCGA-61-1724-01	0	0.428134158129622	0.236251676917397
TCGA-61-1727-01	0	0.918224173909815	0.655547499349614
TCGA-61-1728-01	0	0.856309149814342	0.0934115309017501
TCGA-61-1734-01	0	0.584463774755126	0.0702538201123322
TCGA-61-1736-01	0.00534273219185763	0.0177418069907006	0.0230845289716166
TCGA-61-1737-01	0	0.294153606991603	0.0332881798692473
TCGA-61-1738-01	8.8222534645265e-06	0.475188075842217	0.47519688788474
TCGA-61-1740-01	5.71812724552644e-07	0.497372030405488	0.497372592007271
TCGA-61-1743-01	0	0.819804676533608	0.571831114458303
TCGA-61-1895-01	0	0.0874066906295681	0.0873577393759698
TCGA-61-1899-01	0	0.443472605606203	0.038821366542147
TCGA-61-1900-01	0	0.0523993455930117	0.0522687680729835
TCGA-61-1901-01	0	0.836841315903637	0.179724558219021
TCGA-61-1903-01	2.15450865858228e-06	0.21245420979862	0.212456354096337
TCGA-61-1904-01	4.28859543414483e-07	0.806138954862349	0.806139373510951
TCGA-61-1906-01	0	0.579120726024081	0.0491165176866475
TCGA-61-1907-01	0	0.447522111844894	0.410924330980644
TCGA-61-1910-01	8.1074875588357e-06	0.00363359416911124	0.00364169144572857
TCGA-61-1911-01	1.36520287986944e-05	0.208736028190041	0.208749670007898
TCGA-61-1913-01	0	0.554390152437308	0.0185941755441783
TCGA-61-1914-01	0.000241417290117824	0.830433572301359	0.830674979380535
TCGA-61-1916-02	0	0.910390074098965	0.0644522694746701
TCGA-61-1917-01	0	0.962562716368574	0.0914703186003675
TCGA-61-1919-01	0	0.923187416460458	0.145303086373476
TCGA-61-2000-01	0.000625491644070023	0.209378327043836	0.210003808476964
TCGA-61-2003-01	1.74607099818754e-06	0.0606514405055102	0.0606531763655669
TCGA-61-2008-02	0	0.829114859838184	0.407209825311008
TCGA-61-2009-01	0	0.999974789185412	0.200736327329783
TCGA-61-2012-01	0	0.755531649926202	0.753840615902753
TCGA-61-2016-01	2.9458566255971e-05	0.220374541010521	0.220403989365835
TCGA-61-2017-01	0	0.0748936004578259	0.0680213815481466
TCGA-61-2087-01	0	0.524324464021043	0.25579362184158
TCGA-61-2088-01	0.000513743100186021	0.991542164827019	0.992055897716264
TCGA-61-2092-01	2.12387583405268e-06	0.888450937069334	0.888453050734227
TCGA-61-2095-02	0	0.969941908524219	0.000449771551626732
TCGA-61-2101-01	2.92747693087934e-05	0.287322527965267	0.287351792523634
TCGA-61-2102-01	0	0.809104886198955	0.298471130023045
TCGA-61-2104-01	3.88015777375008e-06	0.517558714598487	0.517562584545319
TCGA-61-2109-01	0	0.290296852695794	0.00194837017138105
TCGA-61-2610-02	0	0.932673452599717	0.00782258186882734
TCGA-61-2611-02	5.23821299456261e-06	0.173501367173592	0.173506595175645
TCGA-61-2612-01	0	0.898558788913719	0.023165542581556
TCGA-61-2613-01	0	0.612703011641637	0.194070982095094
TCGA-61-2614-01	0	0.674271741866745	0.0914703186003675
TCGA-72-4231-01	1.15383639061516e-05	0.131211098737946	0.131222626890911
TCGA-72-4232-01	2.34851654726979e-07	0.816768851302368	0.816769075943081
TCGA-72-4233-01	0	0.900138156080817	0.0569503826458433
TCGA-72-4234-01	0	0.764800846511557	0.00294834809532551
TCGA-72-4236-01	0.00153382636796341	0.940226649409631	0.941760465566653
TCGA-72-4238-01	5.89171325119421e-06	0.414158034047404	0.414163915549714
TCGA-72-4240-01	0	0.88827764718097	0.148877058855111
TCGA-OY-A56P-01	0	0.700732998562851	0.00708754724423943
TCGA-VG-A8LO-01	0	0.892941310918656	0.0914703186003675
