Sample	percent	start	end
TCGA-04-1331-01	1	3.88468152090482e-08	1
TCGA-04-1337-01	1	3.88468152090482e-08	1
TCGA-04-1341-01	1	3.88468152090482e-08	1
TCGA-04-1342-01	1	3.88468152090482e-08	1
TCGA-04-1343-01	1	3.88468152090482e-08	1
TCGA-04-1346-01	1	3.88468152090482e-08	1
TCGA-04-1347-01	1	3.88468152090482e-08	1
TCGA-04-1348-01	0.000203751545714777	3.88468152090482e-08	0.000203751545714725
TCGA-04-1349-01	1	3.88468152090482e-08	1
TCGA-04-1350-01	1	3.88468152090482e-08	1
TCGA-04-1351-01	0.39612517003251	3.88468152090482e-08	0.39612517003251
TCGA-04-1353-01	6.35922364795214e-05	3.88468152090482e-08	6.35922364795594e-05
TCGA-04-1356-01	1	3.88468152090482e-08	1
TCGA-04-1360-01	1	3.88468152090482e-08	1
TCGA-04-1362-01	0.53942955627303	0.460570482573785	1
TCGA-04-1364-01	1	3.88468152090482e-08	1
TCGA-04-1365-01	0.173666746224944	0.771581270489753	0.945247977867882
TCGA-04-1367-01	1	3.88468152090482e-08	1
TCGA-04-1371-01	0.782968165501107	3.88468152090482e-08	0.782968165501107
TCGA-04-1514-01	1	3.88468152090482e-08	1
TCGA-04-1516-01	1	3.88468152090482e-08	1
TCGA-04-1517-01	1	3.88468152090482e-08	1
TCGA-04-1519-01	0.767062026243665	0.23293801260315	1
TCGA-04-1530-01	0.00825048084587852	3.88468152090482e-08	0.00825048084587854
TCGA-04-1536-01	0.0924929073484811	6.35922364795594e-05	0.0925564607381454
TCGA-04-1542-01	1	3.88468152090482e-08	1
TCGA-04-1638-01	1	3.88468152090482e-08	1
TCGA-04-1646-01	1	3.88468152090482e-08	1
TCGA-04-1648-01	1	3.88468152090482e-08	1
TCGA-04-1649-01	1	3.88468152090482e-08	1
TCGA-04-1651-01	0.552998360353624	0.447001678493191	1
TCGA-04-1652-01	0.0372871544148473	3.88468152090482e-08	0.0372871544148473
TCGA-04-1655-01	1	3.88468152090482e-08	1
TCGA-09-0364-01	7.14781399647644e-06	0.363837484193231	0.363844593160412
TCGA-09-0366-01	0.717708934487798	0.282096287580798	0.999805183221781
TCGA-09-0367-01	1	3.88468152090482e-08	1
TCGA-09-0369-01	1	3.88468152090482e-08	1
TCGA-09-1659-01	1	3.88468152090482e-08	1
TCGA-09-1661-01	1	3.88468152090482e-08	1
TCGA-09-1665-01	0.895544798613448	3.88468152090482e-08	0.895544798613448
TCGA-09-1668-01	1	3.88468152090482e-08	1
TCGA-09-1670-01	1	3.88468152090482e-08	1
TCGA-09-1673-01	0.142714031189953	0.0395393373727806	0.182253329715918
TCGA-09-1674-01	1	3.88468152090482e-08	1
TCGA-09-1675-01	1	3.88468152090482e-08	1
TCGA-09-2043-01	0.940859569695382	3.88468152090482e-08	0.940859569695382
TCGA-09-2044-01	0.573005208270207	0.426994830576608	1
TCGA-09-2049-01	0.704476349592746	0.29552368925407	1
TCGA-09-2050-01	1	3.88468152090482e-08	1
TCGA-09-2051-01	1	3.88468152090482e-08	1
TCGA-09-2053-01	1	3.88468152090482e-08	1
TCGA-09-2054-01	0.117352887887781	0.367139618872342	0.484492467913308
TCGA-09-2055-01	0.00417805266820127	0.0848685983167831	0.0890466121381691
TCGA-10-0927-01	0.5714273671773	0.428572671669515	1
TCGA-10-0928-01	0.592134817405984	3.88468152090482e-08	0.592134817405984
TCGA-10-0930-01	0.0115329201896843	0.00805912143421195	0.0195920027770812
TCGA-10-0931-01	0.605444590922836	0.39455544792398	1
TCGA-10-0933-01	1	3.88468152090482e-08	1
TCGA-10-0934-01	0.0128493610631223	0.70362572088035	0.716475043096657
TCGA-10-0935-01	1	3.88468152090482e-08	1
TCGA-10-0936-01	1	3.88468152090482e-08	1
TCGA-10-0937-01	0.000765748421187737	0.648228220066897	0.64899392964127
TCGA-10-0938-01	1	3.88468152090482e-08	1
TCGA-13-0717-01	1	3.88468152090482e-08	1
TCGA-13-0720-01	0.512018388839217	0.487981650007598	1
TCGA-13-0723-01	1.23532872330408e-05	0.854227986364457	0.854240300804875
TCGA-13-0724-01	0.334486267961602	3.88468152090482e-08	0.334486267961602
TCGA-13-0725-01	0.358143667642809	0.641856371204006	1
TCGA-13-0727-01	1	3.88468152090482e-08	1
TCGA-13-0730-01	0.00377229768345564	0.65413091594264	0.65790317477928
TCGA-13-0751-01	1	3.88468152090482e-08	1
TCGA-13-0757-01	1	3.88468152090482e-08	1
TCGA-13-0758-01	1	3.88468152090482e-08	1
TCGA-13-0760-01	1	3.88468152090482e-08	1
TCGA-13-0761-01	0.000943977609317269	0.891455588611605	0.892399527374108
TCGA-13-0762-01	0.516845688329826	3.88468152090482e-08	0.516845688329826
TCGA-13-0764-01	1	3.88468152090482e-08	1
TCGA-13-0766-01	0.501572402538779	0.498427636308036	1
TCGA-13-0791-01	0.02023647144122	0.0346938964194735	0.0549303290138783
TCGA-13-0791-02	0.239939374106329	0.381987648577414	0.621926983836928
TCGA-13-0792-01	0.268803412428557	0.469523585766154	0.738326959347896
TCGA-13-0793-01	1	3.88468152090482e-08	1
TCGA-13-0794-01	0.44877398674298	3.88468152090482e-08	0.44877398674298
TCGA-13-0799-01	0.0165813357524022	0.148569178563892	0.165150475469479
TCGA-13-0801-01	1	3.88468152090482e-08	1
TCGA-13-0802-01	0.423586954866527	3.88468152090482e-08	0.423586954866527
TCGA-13-0803-01	1	3.88468152090482e-08	1
TCGA-13-0804-01	0.390438112827933	0.264516549830985	0.654954623812103
TCGA-13-0884-01	1	3.88468152090482e-08	1
TCGA-13-0885-01	1	3.88468152090482e-08	1
TCGA-13-0886-01	7.82374858092584e-05	3.88468152090482e-08	7.82374858092627e-05
TCGA-13-0887-01	1	3.88468152090482e-08	1
TCGA-13-0888-01	1	3.88468152090482e-08	1
TCGA-13-0891-01	1	3.88468152090482e-08	1
TCGA-13-0893-01	0.0217649770788252	3.88468152090482e-08	0.0217649770788252
TCGA-13-0900-01	1	3.88468152090482e-08	1
TCGA-13-0901-01	0.00366764436331158	3.88468152090482e-08	0.00366764436331157
TCGA-13-0904-01	1	3.88468152090482e-08	1
TCGA-13-0911-01	0.00179114895516052	0.946732314676606	0.948523424784952
TCGA-13-0913-01	0.716294055784648	0.283705983062167	1
TCGA-13-0913-02	0.546287262253606	0.453712776593209	1
TCGA-13-0916-01	1	3.88468152090482e-08	1
TCGA-13-0919-01	1	3.88468152090482e-08	1
TCGA-13-0920-01	1	3.88468152090482e-08	1
TCGA-13-0921-01	0.0105194844747926	0.908219504395439	0.918738950023417
TCGA-13-0923-01	1	3.88468152090482e-08	1
TCGA-13-0924-01	1	3.88468152090482e-08	1
TCGA-13-1403-01	0.00225047369806453	0.68174024098078	0.683990675832029
TCGA-13-1404-01	0.538712249830395	3.88468152090482e-08	0.538712249830395
TCGA-13-1405-01	1	3.88468152090482e-08	1
TCGA-13-1407-01	1	3.88468152090482e-08	1
TCGA-13-1408-01	1	3.88468152090482e-08	1
TCGA-13-1409-01	1	3.88468152090482e-08	1
TCGA-13-1410-01	0.00120102698548403	0.626938261844316	0.628139249982985
TCGA-13-1481-01	1	3.88468152090482e-08	1
TCGA-13-1482-01	0.00314297927724413	0.284553542876162	0.287696483306591
TCGA-13-1484-01	1	3.88468152090482e-08	1
TCGA-13-1485-01	1	3.88468152090482e-08	1
TCGA-13-1487-01	1	3.88468152090482e-08	1
TCGA-13-1488-01	0.999624312450218	6.35922364795594e-05	0.999687865839882
TCGA-13-1489-01	0.0456735214202893	3.88468152090482e-08	0.0456735214202892
TCGA-13-1489-02	0.396189267277587	0.603810771569228	1
TCGA-13-1491-01	1	3.88468152090482e-08	1
TCGA-13-1492-01	1	3.88468152090482e-08	1
TCGA-13-1494-01	0.47622741951173	3.88468152090482e-08	0.47622741951173
TCGA-13-1495-01	0.000203751545714777	3.88468152090482e-08	0.000203751545714725
TCGA-13-1497-01	0.924742181456892	0.0752578573899229	1
TCGA-13-1499-01	1	3.88468152090482e-08	1
TCGA-13-1501-01	0.000948794614401851	0.351920213613975	0.352868969381562
TCGA-13-1504-01	1	3.88468152090482e-08	1
TCGA-13-1505-01	1	3.88468152090482e-08	1
TCGA-13-1506-01	1	3.88468152090482e-08	1
TCGA-13-1507-01	1	3.88468152090482e-08	1
TCGA-13-1509-01	0.589336331685918	0.410663707160898	1
TCGA-13-1510-01	0.00263058978477932	0.249905446851807	0.252535997789772
TCGA-13-1511-01	0.120610814891196	0.828731928073102	0.949342704117483
TCGA-13-1512-01	0.00290344981473177	0.410663707160898	0.413567118128814
TCGA-13-1817-01	1	3.88468152090482e-08	1
TCGA-13-1819-01	0.00243429682758261	0.253879786821109	0.256314044801877
TCGA-13-1819-02	0.00243429682758261	0.253879786821109	0.256314044801877
TCGA-13-2057-01	1	3.88468152090482e-08	1
TCGA-13-2059-01	0.960681079456654	3.88468152090482e-08	0.960681079456654
TCGA-13-2061-01	1	3.88468152090482e-08	1
TCGA-13-2065-01	1	3.88468152090482e-08	1
TCGA-13-A5FT-01	3.88468151982415e-08	3.88468152090482e-08	3.88468152090482e-08
TCGA-13-A5FU-01	1	3.88468152090482e-08	1
TCGA-20-0987-01	0.168251267105418	0.483295325609343	0.651546553867946
TCGA-20-0990-01	1	3.88468152090482e-08	1
TCGA-20-0991-01	1	3.88468152090482e-08	1
TCGA-20-1682-01	0.161326278440919	3.88468152090482e-08	0.161326278440919
TCGA-20-1683-01	0.387432923204197	0.610631573075366	0.998064457432748
TCGA-20-1684-01	0.0704290428735207	0.0697633250014684	0.140192329028174
TCGA-20-1685-01	1	3.88468152090482e-08	1
TCGA-23-1021-01	1	3.88468152090482e-08	1
TCGA-23-1022-01	1.27806022002215e-05	0.308050233282895	0.30806297503828
TCGA-23-1023-01	0.00140524469298119	0.916877488332748	0.918282694178914
TCGA-23-1024-01	0.780502830068181	0.219497208778634	1
TCGA-23-1026-01	0.50192439353129	0.447001678493191	0.948926033177666
TCGA-23-1028-01	0.623069119050571	3.88468152090482e-08	0.623069119050571
TCGA-23-1030-01	0.635609376005161	0.364390662841654	1
TCGA-23-1032-01	1	3.88468152090482e-08	1
TCGA-23-1109-01	1	3.88468152090482e-08	1
TCGA-23-1110-01	0.764816874559283	3.88468152090482e-08	0.764816874559283
TCGA-23-1111-01	1	3.88468152090482e-08	1
TCGA-23-1113-01	1	3.88468152090482e-08	1
TCGA-23-1114-01	1	3.88468152090482e-08	1
TCGA-23-1117-01	0.156657240875427	3.88468152090482e-08	0.156657240875427
TCGA-23-1118-01	0.598099862420119	0.401900176426696	1
TCGA-23-1120-01	0.44175281336405	0.558247225482765	1
TCGA-23-1121-01	1	3.88468152090482e-08	1
TCGA-23-1122-01	1	3.88468152090482e-08	1
TCGA-23-1123-01	0.649097572944219	0.350902465902596	1
TCGA-23-1124-01	1	3.88468152090482e-08	1
TCGA-23-1809-01	1	3.88468152090482e-08	1
TCGA-23-2072-01	1	3.88468152090482e-08	1
TCGA-23-2077-01	0.630783241919008	3.88468152090482e-08	0.630783241919008
TCGA-23-2078-01	0.885913857342685	0.11408618150413	1
TCGA-23-2079-01	0.116566900275875	3.88468152090482e-08	0.116566900275875
TCGA-23-2084-01	1	3.88468152090482e-08	1
TCGA-23-2641-01	0.948222672741687	3.88468152090482e-08	0.948222672741687
TCGA-23-2643-01	1	3.88468152090482e-08	1
TCGA-23-2645-01	0.428572671669515	3.88468152090482e-08	0.428572671669515
TCGA-24-0970-01	0.00340970151039525	0.380642422213914	0.384052084877494
TCGA-24-0979-01	0.257237045130987	3.88468152090482e-08	0.257237045130987
TCGA-24-1103-01	0.00204835371858808	0.705959054835232	0.708007369707005
TCGA-24-1105-01	1	3.88468152090482e-08	1
TCGA-24-1413-01	1	3.88468152090482e-08	1
TCGA-24-1417-01	0.207990782116915	3.88468152090482e-08	0.207990782116915
TCGA-24-1418-01	0.014199831746674	0.548866457701878	0.563066250601737
TCGA-24-1422-01	0.563890075011646	3.88468152090482e-08	0.563890075011646
TCGA-24-1423-01	1	3.88468152090482e-08	1
TCGA-24-1424-01	1	3.88468152090482e-08	1
TCGA-24-1425-01	0.320328623856233	3.88468152090482e-08	0.320328623856233
TCGA-24-1426-01	0.0137093130111658	3.88468152090482e-08	0.0137093130111658
TCGA-24-1428-01	0.281385002394518	3.88468152090482e-08	0.281385002394518
TCGA-24-1430-01	1	3.88468152090482e-08	1
TCGA-24-1431-01	1	3.88468152090482e-08	1
TCGA-24-1434-01	1	3.88468152090482e-08	1
TCGA-24-1436-01	0.082541207924626	3.88468152090482e-08	0.0825412079246259
TCGA-24-1463-01	0.0186874935320053	3.88468152090482e-08	0.0186874935320053
TCGA-24-1464-01	1	3.88468152090482e-08	1
TCGA-24-1466-01	0.923137264133792	3.88468152090482e-08	0.923137264133792
TCGA-24-1467-01	0.00494469456613857	0.879393069790324	0.884337725509647
TCGA-24-1469-01	1	3.88468152090482e-08	1
TCGA-24-1470-01	0.00580841465525627	0.422417898809951	0.428226274618392
TCGA-24-1474-01	1	3.88468152090482e-08	1
TCGA-24-1544-01	1	3.88468152090482e-08	1
TCGA-24-1545-01	0.706790920535887	3.88468152090482e-08	0.706790920535887
TCGA-24-1548-01	1	3.88468152090482e-08	1
TCGA-24-1549-01	0.555737837761404	0.317400467467035	0.873138266381624
TCGA-24-1550-01	0.000281833644263242	0.642538210504365	0.642820005301813
TCGA-24-1551-01	0.80090968364086	0.199090355205955	1
TCGA-24-1552-01	0.00102594438938556	0.475246964742941	0.476272870285512
TCGA-24-1553-01	1	3.88468152090482e-08	1
TCGA-24-1555-01	0.114230924737559	0.81030272701535	0.924533612906093
TCGA-24-1556-01	1	3.88468152090482e-08	1
TCGA-24-1557-01	1	3.88468152090482e-08	1
TCGA-24-1558-01	0.000203751545714777	3.88468152090482e-08	0.000203751545714725
TCGA-24-1564-01	1	3.88468152090482e-08	1
TCGA-24-1567-01	0.99890848218656	3.88468152090482e-08	0.99890848218656
TCGA-24-1604-01	1	3.88468152090482e-08	1
TCGA-24-1616-01	0.635070803759253	0.364929235087562	1
TCGA-24-1842-01	0.154005751504071	0.62983223303614	0.783837945693395
TCGA-24-1843-01	0.911984382337192	3.88468152090482e-08	0.911984382337192
TCGA-24-1844-01	1	3.88468152090482e-08	1
TCGA-24-1845-01	1	3.88468152090482e-08	1
TCGA-24-1846-01	1	3.88468152090482e-08	1
TCGA-24-1847-01	1	3.88468152090482e-08	1
TCGA-24-1850-01	1	3.88468152090482e-08	1
TCGA-24-1852-01	1	3.88468152090482e-08	1
TCGA-24-1852-02	1	3.88468152090482e-08	1
TCGA-24-1920-01	0.0646253675297186	3.88468152090482e-08	0.0646253675297186
TCGA-24-1923-01	1	3.88468152090482e-08	1
TCGA-24-1924-01	7.89367284828268e-05	3.88468152090482e-08	7.89367284828035e-05
TCGA-24-1928-01	0.077330917682977	3.88468152090482e-08	0.0773309176829771
TCGA-24-1930-01	1	3.88468152090482e-08	1
TCGA-24-2019-01	0.0875897400277895	3.88468152090482e-08	0.0875897400277894
TCGA-24-2020-01	1	3.88468152090482e-08	1
TCGA-24-2023-01	0.795370011253145	3.88468152090482e-08	0.795370011253145
TCGA-24-2024-01	0.60413549209747	0.395864546749345	1
TCGA-24-2026-01	1	3.88468152090482e-08	1
TCGA-24-2033-01	1	3.88468152090482e-08	1
TCGA-24-2035-01	0.316160399432277	0.677580252081645	0.993740612667107
TCGA-24-2254-01	1	3.88468152090482e-08	1
TCGA-24-2260-01	1	3.88468152090482e-08	1
TCGA-24-2262-01	0.00663200598427419	0.902768325052746	0.909400292190205
TCGA-24-2280-01	1	3.88468152090482e-08	1
TCGA-24-2281-01	1	3.88468152090482e-08	1
TCGA-24-2288-01	1	3.88468152090482e-08	1
TCGA-24-2289-01	0.0384717491975025	0.219630725282471	0.258102435633158
TCGA-24-2290-01	0.615351577662398	0.384648461184418	1
TCGA-24-2293-01	1	3.88468152090482e-08	1
TCGA-24-2295-01	1	3.88468152090482e-08	1
TCGA-25-1312-01	1	3.88468152090482e-08	1
TCGA-25-1313-01	0.979667887699762	0.0203321511470532	1
TCGA-25-1314-01	0.184185764537954	0.240160334791177	0.424346060482316
TCGA-25-1315-01	0.345674733440923	0.654325305405892	1
TCGA-25-1316-01	1	3.88468152090482e-08	1
TCGA-25-1317-01	1	3.88468152090482e-08	1
TCGA-25-1318-01	1	3.88468152090482e-08	1
TCGA-25-1319-01	1	3.88468152090482e-08	1
TCGA-25-1320-01	1	3.88468152090482e-08	1
TCGA-25-1321-01	1	3.88468152090482e-08	1
TCGA-25-1322-01	0.116197583603785	3.88468152090482e-08	0.116197583603785
TCGA-25-1323-01	1	3.88468152090482e-08	1
TCGA-25-1329-01	0.678606507245553	3.88468152090482e-08	0.678606507245553
TCGA-25-1623-01	1	3.88468152090482e-08	1
TCGA-25-1626-01	1	3.88468152090482e-08	1
TCGA-25-1627-01	1	3.88468152090482e-08	1
TCGA-25-1628-01	1	3.88468152090482e-08	1
TCGA-25-1630-01	0.00911660943753852	0.247558438817975	0.256675009408699
TCGA-25-1631-01	1	3.88468152090482e-08	1
TCGA-25-1632-01	1	3.88468152090482e-08	1
TCGA-25-1633-01	1	3.88468152090482e-08	1
TCGA-25-1634-01	1	3.88468152090482e-08	1
TCGA-25-1870-01	1	3.88468152090482e-08	1
TCGA-25-1871-01	1	3.88468152090482e-08	1
TCGA-25-1877-01	1	3.88468152090482e-08	1
TCGA-25-1878-01	0.999921102118332	7.89367284828035e-05	1
TCGA-25-2393-01	1	3.88468152090482e-08	1
TCGA-25-2396-01	1	3.88468152090482e-08	1
TCGA-25-2397-01	0.178385624254335	0.812561708165942	0.990947293573463
TCGA-25-2398-01	0.191206394061472	3.88468152090482e-08	0.191206394061472
TCGA-25-2400-01	1	3.88468152090482e-08	1
TCGA-25-2401-01	0.136289195271131	0.490693701563849	0.626982857988164
TCGA-25-2404-01	1	3.88468152090482e-08	1
TCGA-25-2408-01	1	3.88468152090482e-08	1
TCGA-29-1688-01	0.104774832982003	0.895225205864812	1
TCGA-29-1691-01	0.722460366148326	3.88468152090482e-08	0.722460366148326
TCGA-29-1692-01	0.00192707396153917	0.78112973997185	0.783056775086574
TCGA-29-1692-02	0.00519622769454718	0.390495800348503	0.395691989196234
TCGA-29-1695-01	1	3.88468152090482e-08	1
TCGA-29-1696-01	0.0838688366808411	0.335976626026682	0.419845423860708
TCGA-29-1697-01	1	3.88468152090482e-08	1
TCGA-29-1698-01	1	3.88468152090482e-08	1
TCGA-29-1699-01	1	3.88468152090482e-08	1
TCGA-29-1702-01	0.105780072018888	0.171190300602872	0.276970333774944
TCGA-29-1703-01	1	3.88468152090482e-08	1
TCGA-29-1704-01	0.00307437580160403	0.647215755522386	0.650290092477174
TCGA-29-1704-02	0.00301237628454764	0.647300441579518	0.65031277901725
TCGA-29-1705-01	3.88468151982415e-08	3.88468152090482e-08	3.88468152090482e-08
TCGA-29-1705-02	0.00109909294240385	0.836888516166646	0.837987570262235
TCGA-29-1707-01	0.0017959659602451	0.189410466948042	0.191206394061472
TCGA-29-1707-02	0.00167845434427042	0.189410466948042	0.191088882445497
TCGA-29-1710-02	1	3.88468152090482e-08	1
TCGA-29-1711-01	0.115544219018966	0.88445581982785	1
TCGA-29-1761-01	0.133286219915861	3.88468152090482e-08	0.133286219915861
TCGA-29-1762-01	1	3.88468152090482e-08	1
TCGA-29-1763-01	1	3.88468152090482e-08	1
TCGA-29-1764-01	0.999596536977351	0.00040350186946414	1
TCGA-29-1766-01	1	3.88468152090482e-08	1
TCGA-29-1768-01	0.55296611749701	0.447033921349806	1
TCGA-29-1769-01	0.552998360353624	0.447001678493191	1
TCGA-29-1770-01	1	3.88468152090482e-08	1
TCGA-29-1770-02	1	3.88468152090482e-08	1
TCGA-29-1774-01	3.88468151982415e-08	3.88468152090482e-08	3.88468152090482e-08
TCGA-29-1775-01	1	3.88468152090482e-08	1
TCGA-29-1776-01	0.160668563012797	0.839331475834018	1
TCGA-29-1777-01	0.393695262895045	3.88468152090482e-08	0.393695262895045
TCGA-29-1778-01	0.4263486526526	3.88468152090482e-08	0.4263486526526
TCGA-29-1781-01	0.0912063785227457	3.88468152090482e-08	0.0912063785227457
TCGA-29-1783-01	1	3.88468152090482e-08	1
TCGA-29-1784-01	0.478140158998461	0.521859879848354	1
TCGA-29-1785-01	0.394260678290255	0.60573936055656	1
TCGA-29-2425-01	1	3.88468152090482e-08	1
TCGA-29-2427-01	0.0995465178181018	3.88468152090482e-08	0.0995465178181018
TCGA-29-2428-01	1	3.88468152090482e-08	1
TCGA-29-2429-01	1	3.88468152090482e-08	1
TCGA-29-2431-01	1	3.88468152090482e-08	1
TCGA-29-2434-01	0.156657240875427	3.88468152090482e-08	0.156657240875427
TCGA-29-2436-01	3.88468151982415e-08	3.88468152090482e-08	3.88468152090482e-08
TCGA-30-1714-01	1	3.88468152090482e-08	1
TCGA-30-1718-01	1	3.88468152090482e-08	1
TCGA-30-1853-01	0.28697711798275	3.88468152090482e-08	0.28697711798275
TCGA-30-1856-01	1	3.88468152090482e-08	1
TCGA-30-1857-01	0.772895186320203	0.227104852526612	1
TCGA-30-1859-01	1	3.88468152090482e-08	1
TCGA-30-1860-01	0.106764761090533	0.604406526327108	0.711171248570826
TCGA-30-1861-01	0.0998849512721089	3.88468152090482e-08	0.0998849512721088
TCGA-30-1862-01	1	3.88468152090482e-08	1
TCGA-30-1866-01	0.0788692904116426	0.321508984336032	0.400378235900859
TCGA-30-1867-01	0.000739915289080906	3.88468152090482e-08	0.000739915289080906
TCGA-30-1887-01	0.19833307539048	0.00250053064749556	0.200833567191161
TCGA-30-1891-01	0.571589824558459	0.428410214288356	1
TCGA-30-1892-01	1	3.88468152090482e-08	1
TCGA-31-1944-01	5.15497237680665e-05	0.503601410543399	0.503652921420351
TCGA-31-1946-01	0.0151078760519329	0.984892162794882	1
TCGA-31-1950-01	0.134529861857617	3.88468152090482e-08	0.134529861857617
TCGA-31-1951-01	1	3.88468152090482e-08	1
TCGA-31-1953-01	0.0971073262918042	0.389142882315593	0.486250169760582
TCGA-31-1955-01	1	3.88468152090482e-08	1
TCGA-31-1959-01	1	3.88468152090482e-08	1
TCGA-36-1568-01	0.725257764157566	0.274742274689249	1
TCGA-36-1569-01	1	3.88468152090482e-08	1
TCGA-36-1570-01	0.625784511432928	0.374215527413887	1
TCGA-36-1571-01	1	3.88468152090482e-08	1
TCGA-36-1575-01	1	3.88468152090482e-08	1
TCGA-36-1576-01	1	3.88468152090482e-08	1
TCGA-36-1578-01	0.00088407582028158	0.55242132976067	0.553305366734136
TCGA-36-1581-01	0.531861691663815	3.88468152090482e-08	0.531861691663815
TCGA-36-2529-01	0.127913278058977	0.218201628644958	0.34611486785712
TCGA-36-2530-01	0.234817304981995	0.76518273386482	1
TCGA-36-2532-01	0.019298631628704	0.0636997644639901	0.0829983572458789
TCGA-36-2533-01	0.00172413819894355	3.88468152090482e-08	0.00172413819894357
TCGA-36-2534-01	0.709526940577115	0.290473098269701	1
TCGA-36-2543-01	0.915155758636346	0.084844280210469	1
TCGA-36-2544-01	0.392016342388992	0.607791832037559	0.999808135579736
TCGA-36-2545-01	0.406858078910002	0.593141959936813	1
TCGA-36-2547-01	1	3.88468152090482e-08	1
TCGA-36-2548-01	1	3.88468152090482e-08	1
TCGA-36-2549-01	0.000880579606913739	0.587582475673347	0.588463016433446
TCGA-36-2551-01	0.0740520522461695	3.88468152090482e-08	0.0740520522461695
TCGA-3P-A9WA-01	1	3.88468152090482e-08	1
TCGA-42-2582-01	0.450189098527022	0.511132642605882	0.961321702286088
TCGA-42-2587-01	0.889441575477653	0.110558463369163	1
TCGA-42-2588-01	0.011139363104911	0.581089230512961	0.592228554771057
TCGA-42-2589-01	0.360909522038109	0.639090516808706	1
TCGA-42-2590-01	0.839357852821537	0.160642186025278	1
TCGA-42-2593-01	1	3.88468152090482e-08	1
TCGA-57-1582-01	0.736271496662126	3.88468152090482e-08	0.736271496662126
TCGA-57-1583-01	1	3.88468152090482e-08	1
TCGA-57-1585-01	0.675438160997984	0.309856027487385	0.985294149638554
TCGA-57-1586-01	0.979788778988659	3.88468152090482e-08	0.979788778988659
TCGA-57-1992-01	1	3.88468152090482e-08	1
TCGA-57-1993-01	0.418789412036359	0.0485749900474459	0.46736436323699
TCGA-57-1994-01	8.31710313394351e-05	3.88468152090482e-08	8.31710313394796e-05
TCGA-59-2348-01	7.89367284828268e-05	3.88468152090482e-08	7.89367284828035e-05
TCGA-59-2350-01	1	3.88468152090482e-08	1
TCGA-59-2351-01	1	3.88468152090482e-08	1
TCGA-59-2352-01	1	3.88468152090482e-08	1
TCGA-59-2355-01	0.393773306146778	0.168871534203689	0.562644801503651
TCGA-59-2363-01	1	3.88468152090482e-08	1
TCGA-59-2372-01	1	3.88468152090482e-08	1
TCGA-59-A5PD-01	1	3.88468152090482e-08	1
TCGA-5X-AA5U-01	0.000403501869464135	3.88468152090482e-08	0.00040350186946414
TCGA-61-1722-01	1	3.88468152090482e-08	1
TCGA-61-1724-01	0.899841877923417	3.88468152090482e-08	0.899841877923417
TCGA-61-1727-01	0.920182458829368	3.88468152090482e-08	0.920182458829368
TCGA-61-1733-01	1	3.88468152090482e-08	1
TCGA-61-1736-01	0.0270005954439834	0.330529525599585	0.357530082196753
TCGA-61-1738-01	0.000891573255614841	0.406104139920634	0.406995674329434
TCGA-61-1741-01	0.013922737413865	3.88468152090482e-08	0.013922737413865
TCGA-61-1743-01	1	3.88468152090482e-08	1
TCGA-61-1895-01	0.261988904106481	0.738011134740334	1
TCGA-61-1899-01	1	3.88468152090482e-08	1
TCGA-61-1900-01	1	3.88468152090482e-08	1
TCGA-61-1903-01	0.395038197296448	0.604961841550367	1
TCGA-61-1904-01	0.486174030002794	3.88468152090482e-08	0.486174030002794
TCGA-61-1906-01	0.513379581243763	0.486620457603052	1
TCGA-61-1910-01	0.00251078620670794	0.648430106965483	0.650940854325375
TCGA-61-1911-01	1	3.88468152090482e-08	1
TCGA-61-1913-01	1	3.88468152090482e-08	1
TCGA-61-1915-01	0.509475709397231	0.490524329449584	1
TCGA-61-1916-02	0.240032994930957	3.88468152090482e-08	0.240032994930957
TCGA-61-1917-01	0.200075160818046	3.88468152090482e-08	0.200075160818046
TCGA-61-1918-01	1	3.88468152090482e-08	1
TCGA-61-1919-01	0.5714273671773	0.428572671669515	1
TCGA-61-1995-01	1	3.88468152090482e-08	1
TCGA-61-1998-01	9.71170379956038e-07	0.262537498830711	0.262538431154276
TCGA-61-2000-01	0.101820532686176	3.88468152090482e-08	0.101820532686177
TCGA-61-2002-01	0.417920098005853	0.582079940840962	1
TCGA-61-2003-01	1	3.88468152090482e-08	1
TCGA-61-2008-01	0.753073987333452	0.246926051513363	1
TCGA-61-2008-02	1	3.88468152090482e-08	1
TCGA-61-2009-01	1	3.88468152090482e-08	1
TCGA-61-2012-01	1	3.88468152090482e-08	1
TCGA-61-2016-01	1	3.88468152090482e-08	1
TCGA-61-2018-01	0.878982963962276	0.12101707488454	1
TCGA-61-2087-01	0.00118082664158095	0.916705591175495	0.917886378970261
TCGA-61-2092-01	0.00464102901173391	0.334077677159347	0.338718667324266
TCGA-61-2094-01	0.00338468416140758	0.854469069699577	0.85785371501417
TCGA-61-2095-02	0.000328177894794744	0.00233636400646786	0.00266450305444743
TCGA-61-2097-01	1	3.88468152090482e-08	1
TCGA-61-2098-01	1	3.88468152090482e-08	1
TCGA-61-2101-01	1	3.88468152090482e-08	1
TCGA-61-2102-01	1	3.88468152090482e-08	1
TCGA-61-2104-01	1	3.88468152090482e-08	1
TCGA-61-2110-01	1	3.88468152090482e-08	1
TCGA-61-2113-01	1	3.88468152090482e-08	1
TCGA-61-2610-02	0.399614429820431	0.329118958892922	0.728733349866538
TCGA-61-2611-02	0.489243122637531	0.510756916209284	1
TCGA-61-2612-01	1	3.88468152090482e-08	1
TCGA-61-2613-01	0.00255953895978174	0.297526631045691	0.300086131158658
TCGA-61-2614-01	1	3.88468152090482e-08	1
TCGA-72-4231-01	0.563890075011646	3.88468152090482e-08	0.563890075011646
TCGA-72-4233-01	0.014199831746674	0.548866457701878	0.563066250601737
TCGA-72-4234-01	1	3.88468152090482e-08	1
TCGA-72-4235-01	0.000403501869464135	3.88468152090482e-08	0.00040350186946414
TCGA-72-4236-01	1	3.88468152090482e-08	1
TCGA-72-4238-01	1.74810668392087e-06	0.308050233282895	0.308051942542763
TCGA-72-4240-01	0.00559903032133775	0.54036809532822	0.545967086802742
TCGA-72-4241-01	1	3.88468152090482e-08	1
TCGA-OY-A56P-01	0.14699226979455	0.853007769052265	1
TCGA-OY-A56Q-01	1	3.88468152090482e-08	1
TCGA-VG-A8LO-01	0.606026516214505	0.39397352263231	1
