Sample	percent	start	end
TCGA-04-1331-01	0.0181724722847814	3.0929919736522e-08	0.0181724722847815
TCGA-04-1332-01	0	0.767748438549394	0.340610019673285
TCGA-04-1335-01	0	0.999065452473487	0.120560930178985
TCGA-04-1336-01	0.000578327640269197	0.282085848219337	0.282664144929686
TCGA-04-1338-01	0	0.93710171928908	0.275729966211537
TCGA-04-1341-01	0	0.837145837726671	0.289410455315019
TCGA-04-1342-01	2.94452836419016e-05	0.16201280659515	0.162042220948872
TCGA-04-1343-01	0	0.717551158241985	0.112482035129337
TCGA-04-1346-01	0	0.769778864064054	0.350803376829667
TCGA-04-1347-01	3.64973053544578e-06	0.661928244194439	0.661931862995054
TCGA-04-1350-01	1	3.0929919736522e-08	1
TCGA-04-1351-01	1	3.0929919736522e-08	1
TCGA-04-1353-01	0.00162660448185673	0.51195657909396	0.513583152645897
TCGA-04-1356-01	0	0.851118800151705	0.0181724722847815
TCGA-04-1357-01	4.06728445263661e-05	0.0535219683157613	0.0535626102303679
TCGA-04-1360-01	0	0.8507687353195	0.770309590557764
TCGA-04-1362-01	0	0.609944977528485	0.513576069694265
TCGA-04-1364-01	0.600200475368123	0.399799555561796	1
TCGA-04-1365-01	0	0.24288468020659	0.0858586427196505
TCGA-04-1367-01	2.48367255929065e-05	0.108133319336514	0.108158125132187
TCGA-04-1371-01	1.22791781573896e-05	0.989180188248152	0.98919243649639
TCGA-04-1514-01	5.87668476046355e-07	0.148790296814026	0.148790853552583
TCGA-04-1516-01	4.49102435378583e-05	0.451895407135792	0.45194028644941
TCGA-04-1517-01	4.33018877086788e-06	0.792901762801291	0.792906062060142
TCGA-04-1519-01	1.06398924084182e-05	0.436796750279931	0.43680735924242
TCGA-04-1536-01	0.000934578456432455	0.999065452473487	1
TCGA-04-1542-01	0	0.993777611526022	0.993656273450679
TCGA-04-1638-01	0	0.998969662511892	0.316501631831638
TCGA-04-1644-01	0	0.767748438549394	0.74591834859962
TCGA-04-1648-01	1	3.0929919736522e-08	1
TCGA-04-1649-01	0	0.999036223699284	0.0559962381794352
TCGA-04-1652-01	0.000106398924084182	0.0367272383781909	0.0368336063723553
TCGA-04-1654-01	0	0.694734620360288	0.577640099082142
TCGA-09-0364-01	0	0.234938845671887	0.0996526446287689
TCGA-09-0367-01	0.00175972685664112	0.998240304073279	1
TCGA-09-0369-01	1	3.0929919736522e-08	1
TCGA-09-1662-01	0	0.452170250403063	0.000217251756618353
TCGA-09-1665-01	0	0.425806731179469	0.0535374023457375
TCGA-09-1666-01	0	0.769778864064054	0.435031332318048
TCGA-09-1667-01	0	0.740697532788344	0.683258197341178
TCGA-09-1668-01	0	0.805603412733118	0.607673917237844
TCGA-09-1669-01	0.894508003023956	3.0929919736522e-08	0.894508003023956
TCGA-09-1673-01	0	0.694030686315744	0.0367962739591664
TCGA-09-1674-01	0	0.493990131004913	0.175930187954318
TCGA-09-1675-01	0	0.883650549559722	0.879755359180807
TCGA-09-2043-01	0	0.424698574013164	0.0349937400935333
TCGA-09-2044-01	0	0.770270990017863	0.26743985073963
TCGA-09-2049-01	0	0.121691078518261	0.121555760119172
TCGA-09-2050-01	0	0.88866005215898	0.309423567126617
TCGA-09-2051-01	0	0.520355939042572	0.0424548409252574
TCGA-09-2053-01	0	0.763904035098778	0.0622756923554291
TCGA-09-2054-01	1.88981809928591e-05	0.234702262715398	0.234721129966471
TCGA-09-2055-01	0.000238284102076901	0.913852564619252	0.91409081779141
TCGA-10-0925-01	0	0.769778864064054	0.283601166849782
TCGA-10-0926-01	0	0.870642724351874	0.403961299989478
TCGA-10-0927-01	1	3.0929919736522e-08	1
TCGA-10-0928-01	0	0.811552287926376	0.296339654316082
TCGA-10-0930-01	0	0.57726884725488	0.404575413546946
TCGA-10-0931-01	0	0.517980119113596	0.0465614063760298
TCGA-10-0933-01	1	3.0929919736522e-08	1
TCGA-10-0934-01	5.87668476046355e-07	0.148790296814026	0.148790853552583
TCGA-10-0935-01	0	0.942322906259393	0.532781477580417
TCGA-10-0936-01	0	0.888316760979209	0.610812932937686
TCGA-10-0937-01	0	0.29679766456836	0.152960206740533
TCGA-10-0938-01	0	0.872053840082541	0.621903257768034
TCGA-13-0714-01	0.00158222004695533	0.598560756600275	0.60014294571731
TCGA-13-0720-01	2.81462270106412e-06	0.683255413648396	0.683258197341178
TCGA-13-0723-01	0	0.119398429143606	0.0864343722466572
TCGA-13-0724-01	0.000853758576016186	0.898355901555509	0.899209629201605
TCGA-13-0725-01	0	0.683255413648396	0.351144657564651
TCGA-13-0726-01	0	0.966431325030959	0.645029960885405
TCGA-13-0727-01	0	0.763904035098778	0.763851516094971
TCGA-13-0730-01	0	0.625414298543133	0.623729329302629
TCGA-13-0751-01	0	0.85062450910351	0.149636353840015
TCGA-13-0757-01	3.13320087492083e-05	0.044898242728979	0.0449295438078084
TCGA-13-0758-01	0.00179211048266325	0.787749240252915	0.789541319805659
TCGA-13-0760-01	0	0.879823838023227	0.573158013475176
TCGA-13-0761-01	0	0.052616494913853	0.0519466456409196
TCGA-13-0764-01	0	0.727855089861624	0.645029960885405
TCGA-13-0766-01	0	0.763935057808329	0.016335637138099
TCGA-13-0768-01	0	0.769778864064054	0.0368358023966605
TCGA-13-0791-01	0	0.698174460460026	0.00624295687063936
TCGA-13-0791-02	0.127734320896804	3.0929919736522e-08	0.127734320896804
TCGA-13-0792-01	0	0.565552593637703	0.230336628256449
TCGA-13-0793-01	5.87668476046355e-07	0.148790296814026	0.148790853552583
TCGA-13-0795-01	1.97332888272407e-05	0.462951430685091	0.462971133043998
TCGA-13-0797-01	0	0.663518908109497	0.524716006115959
TCGA-13-0799-01	0.000106275204405014	0.845273045311033	0.845379289585519
TCGA-13-0800-01	0	0.875018627544195	0.704701384924275
TCGA-13-0801-01	0	0.553093217767606	0.267694527699197
TCGA-13-0802-01	0.0246562804408404	0.370121740782899	0.39477799029382
TCGA-13-0803-01	6.49528315630181e-07	0.916178525517524	0.91617914411592
TCGA-13-0804-01	0	0.683255413648396	0.118354668070308
TCGA-13-0807-01	7.70155002818644e-06	0.350795706209559	0.350803376829667
TCGA-13-0883-01	0	0.520355939042572	0.0541496291780986
TCGA-13-0884-01	0	0.259212461145061	0.0535374023457375
TCGA-13-0885-01	0	0.991675181158087	0.908245743408973
TCGA-13-0887-01	0.000592895632491188	0.338251551429312	0.338844416131883
TCGA-13-0888-01	1.1413140403216e-05	0.767936832690847	0.76794821490133
TCGA-13-0891-01	0	0.925007285542607	0.165316307608445
TCGA-13-0897-01	0.00101456322901434	0.51635481368837	0.517369345987465
TCGA-13-0899-01	0	0.81133011831251	0.303242810324679
TCGA-13-0900-01	0.229384883694532	0.516037379921546	0.745422232686158
TCGA-13-0901-01	7.70155002818644e-06	0.350795706209559	0.350803376829667
TCGA-13-0904-01	3.1053639471081e-05	0.763904035098778	0.763935057808329
TCGA-13-0906-01	1	3.0929919736522e-08	1
TCGA-13-0910-01	0	0.961452443052296	0.307892876326035
TCGA-13-0911-01	0.829600452863514	3.0929919736522e-08	0.829600452863514
TCGA-13-0912-01	0.979749562913838	3.0929919736522e-08	0.979749562913838
TCGA-13-0913-01	0	0.107694114475469	0.107428488324296
TCGA-13-0913-02	0	0.500151834976258	0.125218264711492
TCGA-13-0916-01	0	0.402663727994367	0.215470440677744
TCGA-13-0919-01	0.194481273387272	3.0929919736522e-08	0.194481273387272
TCGA-13-0920-01	0	0.989487786300483	0.182537622999785
TCGA-13-0921-01	1	3.0929919736522e-08	1
TCGA-13-0923-01	0	0.954689399580355	0.0331854223328991
TCGA-13-1404-01	0	0.924701667005143	0.0535374023457375
TCGA-13-1407-01	0.000263615706386478	0.789225401604904	0.789488986381371
TCGA-13-1408-01	0	0.769778864064054	0.266090904147745
TCGA-13-1409-01	0	0.788214921125302	0.788133358926811
TCGA-13-1412-01	0	0.559274995256897	0.125555679206502
TCGA-13-1481-01	0.000130678911120834	0.146546918801599	0.1466775667828
TCGA-13-1482-01	0	0.0610844574245634	0.0559962381794352
TCGA-13-1484-01	1	3.0929919736522e-08	1
TCGA-13-1485-01	1.89600408324429e-05	0.763699279029756	0.763718208140668
TCGA-13-1487-01	0	0.891402670006768	0.0781568452521058
TCGA-13-1488-01	0	0.972352796315281	0.0367962739591664
TCGA-13-1489-01	0.215470440677744	3.0929919736522e-08	0.215470440677744
TCGA-13-1489-02	0	0.317307912980774	0.215470440677744
TCGA-13-1491-01	0	0.105891271310637	0.0864343722466572
TCGA-13-1494-01	0	0.909336672609954	0.42061743295646
TCGA-13-1495-01	0	0.839744662377347	0.121683655337511
TCGA-13-1496-01	0.00014224670112301	0.66319154583842	0.663333761609623
TCGA-13-1497-01	0	0.763904035098778	0.0830839505450378
TCGA-13-1498-01	0.000776340986777026	0.180642825183413	0.18141913524027
TCGA-13-1499-01	0	0.872047530378903	0.417395896230614
TCGA-13-1500-01	0.000178310987600381	0.60798364945464	0.608161929512321
TCGA-13-1501-01	0	0.85271895955214	0.128548148946369
TCGA-13-1504-01	0	0.890715128819714	0.792906062060142
TCGA-13-1506-01	0	0.794435979612729	0.765862455760163
TCGA-13-1507-01	1	3.0929919736522e-08	1
TCGA-13-1509-01	0.0215089755224945	0.441171973014016	0.462680917606591
TCGA-13-1510-01	0	0.763904035098778	0.0135014976576463
TCGA-13-1512-01	0.379921916798887	3.0929919736522e-08	0.379921916798887
TCGA-13-1817-01	0	0.809499809378904	0.808612770209192
TCGA-13-1817-02	0	0.355916803959426	0.352957800392773
TCGA-13-1819-01	0.000469330602922494	0.355447504286423	0.355916803959426
TCGA-13-2057-01	0	0.990726900747186	0.109429561345073
TCGA-13-2059-01	0	0.759059141532653	0.284320534924302
TCGA-13-2060-01	0.000111687940368599	0.751050364611173	0.751162021621622
TCGA-13-2061-01	0	0.915290805889576	0.168053203421072
TCGA-13-2065-01	5.7838950010878e-06	0.33272087968156	0.332726632646642
TCGA-13-2071-01	0	0.569085161636977	0.56893759498965
TCGA-13-A5FT-01	0	0.115948815189214	0.101930262062406
TCGA-13-A5FU-01	0.00033654845725581	0.690644293117406	0.690980810644742
TCGA-20-0987-01	5.56738556254441e-07	0.339627932860052	0.339628458668688
TCGA-20-0990-01	6.56951496380241e-05	0.127400123113453	0.127465787333171
TCGA-20-0996-01	0	0.493990131004913	0.0368358023966605
TCGA-20-1682-01	1	3.0929919736522e-08	1
TCGA-20-1683-01	0.000141999261764674	0.717551158241985	0.71769312657383
TCGA-20-1684-01	0	0.795052320124422	0.255839398742154
TCGA-20-1685-01	0	0.646000479908636	0.450891947747983
TCGA-20-1686-01	0	0.661800627345377	0.564071452568628
TCGA-23-1021-01	0	0.902527698207122	0.413697915020293
TCGA-23-1022-01	0	0.0793397600345475	0.0473114569309837
TCGA-23-1026-01	0.00248237350265939	0.96788187640936	0.9703642189821
TCGA-23-1028-01	0	0.821000419595292	0.121240738886091
TCGA-23-1029-01	2.04137470626628e-05	0.763904035098778	0.763924417915921
TCGA-23-1030-01	0	0.975435024682385	0.212295577200863
TCGA-23-1031-01	0	0.917104876615292	0.342466526248955
TCGA-23-1032-01	0	0.858961483403902	0.0864343722466572
TCGA-23-1109-01	0	0.771498938763522	0.148790853552583
TCGA-23-1113-01	0	0.769823372218635	0.161970865623912
TCGA-23-1114-01	1	3.0929919736522e-08	1
TCGA-23-1116-01	0.156884316594453	3.0929919736522e-08	0.156884316594453
TCGA-23-1117-01	0	0.139902305992542	0.138821119716296
TCGA-23-1118-01	0	0.455460791779966	0.427008853442101
TCGA-23-1119-01	0	0.0465030416173824	0.0368358023966605
TCGA-23-1120-01	0	0.441329808394714	0.353317670009552
TCGA-23-1121-01	0	0.96610721040146	0.125177963026003
TCGA-23-1122-01	0.000469547112361037	0.970217178143409	0.97068669432585
TCGA-23-1124-01	0	0.916429862045753	0.695239211071773
TCGA-23-1809-01	0	0.559234136832852	0.101799706870964
TCGA-23-2072-01	0	0.967564535432295	0.0739917913230069
TCGA-23-2077-01	0	0.928488819174224	0.340503094940564
TCGA-23-2078-01	0	0.133469594063979	0.133384907943589
TCGA-23-2084-01	0	0.954712875389477	0.109564508585125
TCGA-23-2641-01	0	0.132086438980805	0.1320306414055
TCGA-24-0966-01	0.00503372072645474	3.0929919736522e-08	0.00503372072645469
TCGA-24-0968-01	0	0.973298726052278	0.807996553417178
TCGA-24-0970-01	2.08776958595415e-05	0.434709382782934	0.434730229548874
TCGA-24-0975-01	0.904524750338327	3.0929919736522e-08	0.904524750338327
TCGA-24-0979-01	5.56738556254441e-07	0.769778864064054	0.769779389872691
TCGA-24-0980-01	0.37413053675721	3.0929919736522e-08	0.374130536757209
TCGA-24-1103-01	0	0.926294372294908	0.926168271011916
TCGA-24-1104-01	1.65784370084656e-05	0.755905372261071	0.755921919768159
TCGA-24-1413-01	0	0.425021173076594	0.0535335051758437
TCGA-24-1418-01	1	3.0929919736522e-08	1
TCGA-24-1422-01	0	0.634143866315443	0.245733480469024
TCGA-24-1424-01	0	0.728372207190625	0.683256681775108
TCGA-24-1425-01	1	3.0929919736522e-08	1
TCGA-24-1427-01	0	0.619655735146355	0.0338917379812672
TCGA-24-1430-01	0.543592628954723	3.0929919736522e-08	0.543592628954723
TCGA-24-1431-01	0	0.961077819863776	0.39611128634629
TCGA-24-1434-01	0.892735409320682	0.107264621609238	1
TCGA-24-1435-01	0.000146329450535542	0.846144217431892	0.846290515952508
TCGA-24-1463-01	0	0.942322906259393	0.141109005883304
TCGA-24-1466-01	0	0.905718614312375	0.861546265870992
TCGA-24-1467-01	0.385845522247675	0.000125730123954115	0.385971221441709
TCGA-24-1469-01	0.000941073739588757	0.362225239470265	0.363166282279933
TCGA-24-1470-01	0	0.193194279424731	0.192881516075795
TCGA-24-1471-01	0	0.146462387330808	0.146308480049923
TCGA-24-1474-01	0	0.514426673418462	0.385652148389136
TCGA-24-1544-01	0	0.8062155158458	0.0433273121027478
TCGA-24-1545-01	0	0.797731655356317	0.148790853552583
TCGA-24-1546-01	0	0.682688406358771	0.682547768013477
TCGA-24-1548-01	0	0.441171973014016	0.220477097724381
TCGA-24-1549-01	0.000926660396965725	0.546298625777478	0.547225255244524
TCGA-24-1550-01	0.251065210972674	0.748934819957246	1
TCGA-24-1551-01	0.000757783034901878	0.574833239790946	0.575590991895928
TCGA-24-1552-01	0.301825570469894	0.698174460460026	1
TCGA-24-1553-01	0.173686562502532	3.0929919736522e-08	0.173686562502532
TCGA-24-1555-01	0	0.999065452473487	0.0181724722847815
TCGA-24-1557-01	0	0.899744995183284	0.223806920099419
TCGA-24-1558-01	0	0.828781181148065	0.123149950045087
TCGA-24-1560-01	0.000108873317667535	0.692183334996332	0.69229217738408
TCGA-24-1563-01	0	0.120691423510587	0.120562631324573
TCGA-24-1565-01	1.26194072751007e-05	0.0508158477733273	0.0508284362506826
TCGA-24-1567-01	0	0.39611128634629	0.39363788252037
TCGA-24-1603-01	0.167906997690215	3.0929919736522e-08	0.167906997690215
TCGA-24-1604-01	0	0.922797095334116	0.520226621047922
TCGA-24-1614-01	0	0.422959013464227	0.00589839756415744
TCGA-24-1845-01	0	0.865416866963672	0.373554992809722
TCGA-24-1846-01	0	0.236226643812343	0.119435204818238
TCGA-24-1847-01	0.000130586121361458	0.101799706870964	0.101930262062406
TCGA-24-1850-01	0	0.699370087439502	0.182997489047251
TCGA-24-1852-01	0	0.63751999078041	0.111330112126527
TCGA-24-1852-02	0	0.839141405221725	0.252229877102438
TCGA-24-1920-01	0	0.884325749708779	0.684871440097684
TCGA-24-1923-01	0	0.639761667647248	0.497529689166059
TCGA-24-1924-01	0.589892027980195	0.410108002949725	1
TCGA-24-1927-01	0.000111007482133177	0.692181200831866	0.69229217738408
TCGA-24-1930-01	0	0.196525864805197	0.12347044587397
TCGA-24-2019-01	7.48813358162223e-05	0.82869875291182	0.828773603317716
TCGA-24-2020-01	0	0.991703543894536	0.130864243200227
TCGA-24-2023-01	0	0.819074073260732	0.0711535690931415
TCGA-24-2024-01	0	0.495984090144138	0.363166282279933
TCGA-24-2026-01	0	0.250306778409456	0.248426270216028
TCGA-24-2027-01	0	0.769778864064054	0.218871185358865
TCGA-24-2030-01	0	0.427008853442101	0.335150857900092
TCGA-24-2035-01	0	0.140396380531298	1.8619811714693e-05
TCGA-24-2038-01	1.58670488532516e-05	0.767739561662414	0.767755397781347
TCGA-24-2260-01	2.81462270106412e-06	0.683255413648396	0.683258197341178
TCGA-24-2262-01	7.70155002818644e-06	0.350795706209559	0.350803376829667
TCGA-24-2267-01	0	0.683346811561381	0.453331854470768
TCGA-24-2281-01	0.861530615331578	3.0929919736522e-08	0.861530615331578
TCGA-24-2288-01	0	0.0371913727545884	0.0368358023966605
TCGA-24-2289-01	0	0.933722842061252	0.127159148108354
TCGA-24-2290-01	0	0.967374811304292	0.117702974660292
TCGA-24-2293-01	0	0.850991059582965	0.458844184776083
TCGA-24-2297-01	0	0.659383608763238	0.430848741124428
TCGA-24-2298-01	0	0.989487786300483	0.12153367615644
TCGA-25-1313-01	0.000155794005991868	0.102393592260889	0.102549355336961
TCGA-25-1314-01	0	0.901569582081728	0.0519466456409196
TCGA-25-1315-01	1.12584908042565e-05	0.471482490232177	0.471493717793061
TCGA-25-1316-01	1	3.0929919736522e-08	1
TCGA-25-1318-01	1	3.0929919736522e-08	1
TCGA-25-1320-01	0	0.0970905337928859	0.0667771710221046
TCGA-25-1321-01	0	0.928488819174224	0.441171973014016
TCGA-25-1323-01	4.97971708649806e-06	0.545476601299168	0.545481550086335
TCGA-25-1625-01	0	0.49472323196382	0.494482937416957
TCGA-25-1626-01	1.03924530500829e-05	0.288271275439163	0.288281636962293
TCGA-25-1627-01	0	0.933722842061252	0.127396411523078
TCGA-25-1628-01	0	0.578034579279168	0.575833296887578
TCGA-25-1630-01	0	0.757717587191599	0.275671446803291
TCGA-25-1632-01	0	0.318752278375217	0.205402875505155
TCGA-25-1633-01	0	0.748659017862462	0.46875589408284
TCGA-25-1634-01	0	0.999065452473487	0.870489775898503
TCGA-25-1635-01	1	3.0929919736522e-08	1
TCGA-25-1870-01	1.80321432386855e-05	0.596278468748749	0.596296469962068
TCGA-25-1871-01	0	0.993647860512495	0.860247394819251
TCGA-25-1877-01	0	0.82869875291182	0.1252289046039
TCGA-25-2042-01	1.15059301625918e-05	0.405762782237838	0.405774257238081
TCGA-25-2391-01	0	0.824329716161693	0.351144657564651
TCGA-25-2392-01	0	0.645004103472459	0.318785156879955
TCGA-25-2396-01	0	0.66459161958772	0.0319094703517233
TCGA-25-2397-01	0	0.165523012262414	0.0163755367346307
TCGA-25-2398-01	0	0.769778864064054	0.550639268861235
TCGA-25-2400-01	0	0.763904035098778	0.168298168385824
TCGA-25-2401-01	0.0345267910944348	0.965473239835485	1
TCGA-25-2404-01	0	0.577882311284033	0.127465787333171
TCGA-29-1691-01	0	0.980228079702939	0.116338346599073
TCGA-29-1692-01	1	3.0929919736522e-08	1
TCGA-29-1695-01	0	0.998006195510374	0.201290124070424
TCGA-29-1698-01	0	0.791312800031821	0.165002492642236
TCGA-29-1699-01	0	0.6884839310097	0.226410353308144
TCGA-29-1702-01	0	0.915288640795191	0.387455764801962
TCGA-29-1703-01	0	0.681663790905824	0.275851582656159
TCGA-29-1704-01	0	0.241905748245176	0.240418854211019
TCGA-29-1704-02	0	0.241935255388657	0.240389965665933
TCGA-29-1705-01	0	0.595412400064656	0.437760402860968
TCGA-29-1705-02	0.56156056167992	0.437475692949284	0.999036223699284
TCGA-29-1707-02	8.06343008975182e-05	0.792198385495303	0.79227898886628
TCGA-29-1710-02	0.952135980051934	3.0929919736522e-08	0.952135980051934
TCGA-29-1711-01	0	0.982467003806916	0.0137622059515723
TCGA-29-1761-01	0	0.962930367409713	0.425021173076594
TCGA-29-1763-01	0	0.869670442323216	0.0806614882970154
TCGA-29-1764-01	0	0.612394874615363	0.413305445268053
TCGA-29-1768-01	0	0.493990131004913	0.148790853552583
TCGA-29-1769-01	0	0.0440274417671574	0.0438795967505521
TCGA-29-1770-01	0.968059630658405	0.0319404002715152	1
TCGA-29-1770-02	0	0.828671565512323	0.712433308133697
TCGA-29-1774-01	0	0.975777511684241	0.873319244961068
TCGA-29-1775-01	1	3.0929919736522e-08	1
TCGA-29-1776-01	3.68066045523769e-06	0.68434439426443	0.684348043994965
TCGA-29-1777-01	0.00675051685442468	0.445737816843779	0.452488302768283
TCGA-29-1778-01	8.62016864600626e-05	0.231610631652678	0.231696802409218
TCGA-29-1781-01	0.00748080319063155	0.0978549358306233	0.105335708091335
TCGA-29-1783-01	0.0034652954237266	0.271381714367511	0.274846978861317
TCGA-29-1784-01	0	0.157704701787013	0.157657409939651
TCGA-29-1785-01	0	0.771015071098297	0.133469594063979
TCGA-29-2425-01	0	0.458012046214001	0.363053635512051
TCGA-29-2427-01	0	0.683346811561381	0.683236329887885
TCGA-29-2429-01	0	0.890338711695846	0.763924417915921
TCGA-29-2431-01	0.0377677518099107	0.962232279120009	1
TCGA-29-2434-01	0	0.00704951638905316	0.00441045191272793
TCGA-29-A5NZ-01	0	0.550355734286503	0.548227972314258
TCGA-30-1714-01	0	0.852281084677646	0.273707829915381
TCGA-30-1718-01	0	0.933751606886658	0.373019070089487
TCGA-30-1853-01	0	0.43372299671085	0.037468937854801
TCGA-30-1855-01	0	0.673124473070154	0.0697402264082501
TCGA-30-1856-01	0	0.960117786083355	0.275645805899783
TCGA-30-1859-01	0	0.8903544240951	0.721056755351201
TCGA-30-1860-01	0	0.999065452473487	0.21472484403124
TCGA-30-1862-01	0.000111007482133177	0.692181200831866	0.69229217738408
TCGA-30-1866-01	0	0.579011005917079	0.0425325368837747
TCGA-30-1887-01	0	0.960012500636383	0.661931862995054
TCGA-30-1891-01	0	0.990671195961641	0.117931423047875
TCGA-30-1892-01	0	0.884325749708779	0.765862455760163
TCGA-31-1944-01	0	0.656834055474791	0.465269597243575
TCGA-31-1946-01	0	0.769760924710575	0.596628533580954
TCGA-31-1950-01	0	0.606171403594193	0.606088294899712
TCGA-31-1953-01	0.00014079299489279	0.75907151350057	0.759212275565543
TCGA-31-1955-01	0	0.683255413648396	0.44847109385579
TCGA-31-1956-01	0	0.781458805955395	0.231363934612417
TCGA-31-1959-01	0.00112996275975797	0.872189313131229	0.873319244961068
TCGA-36-1568-01	0.378165870602701	3.0929919736522e-08	0.378165870602701
TCGA-36-1569-01	0	0.769778864064054	0.0368358023966605
TCGA-36-1570-01	4.58690710514076e-05	0.750580941218492	0.750626779359623
TCGA-36-1571-01	5.87668476046355e-07	0.148790296814026	0.148790853552583
TCGA-36-1574-01	0	0.134739576570635	0.0834164781127207
TCGA-36-1575-01	0	0.891427877891398	0.344912526165939
TCGA-36-1576-01	9.27897593757402e-08	0.434730167689034	0.434730229548874
TCGA-36-1577-01	0	0.885297660578401	0.494521599816697
TCGA-36-1578-01	0	0.83663020503382	0.671963487600845
TCGA-36-1581-01	0	0.989487786300483	0.379921916798887
TCGA-36-2530-01	0	0.989487786300483	0.989421689061888
TCGA-36-2532-01	0	0.851118800151705	0.262846262771814
TCGA-36-2534-01	0	0.942456121423937	0.134739576570635
TCGA-36-2537-01	0	0.876523089772793	0.241940266035663
TCGA-36-2538-01	0	0.990352061049228	0.0670071659056772
TCGA-36-2542-01	0	0.836263530834687	0.683258197341178
TCGA-36-2543-01	1.97023589074488e-05	0.135798338655032	0.13581801008402
TCGA-36-2544-01	0	0.962880972327805	0.141109005883304
TCGA-36-2547-01	0.280798792396956	3.0929919736522e-08	0.280798792396956
TCGA-36-2548-01	0	0.330267765883024	0.330103620798688
TCGA-36-2549-01	0	0.773615318525284	0.6631529143686
TCGA-36-2552-01	0	0.96773174257869	0.967707060502697
TCGA-3P-A9WA-01	0	0.926294372294908	0.00730561612493019
TCGA-42-2582-01	1.06708223282101e-05	0.763924417915921	0.763935057808329
TCGA-42-2587-01	0	0.68896702542693	0.0430586857493549
TCGA-42-2588-01	0	0.769760924710575	0.223663590851103
TCGA-42-2589-01	0	0.797847487905937	0.0368358023966605
TCGA-42-2590-01	0.0961547799995014	0.822339592332522	0.918494341402104
TCGA-42-2593-01	0	0.957097479415674	0.00776143035290355
TCGA-57-1582-01	0.0383739782378322	0.961626052692088	1
TCGA-57-1583-01	5.7838950010878e-06	0.538540937944869	0.53854669090995
TCGA-57-1585-01	0	0.767748438549394	0.683350213852558
TCGA-57-1586-01	0	0.111999311871144	0.0861212686686037
TCGA-57-1992-01	0	0.240357860409189	0.181052584760816
TCGA-57-1993-01	0	0.774374338756977	0.0433618608231553
TCGA-57-1994-01	0	0.700200091837118	0.690047160085903
TCGA-59-2348-01	0	0.977716848585114	0.148790853552583
TCGA-59-2349-01	0	0.49598968845962	0.148790853552583
TCGA-59-2351-01	0	0.890296832584448	0.126200011295607
TCGA-59-2354-01	0	0.148790296814026	0.14360826712217
TCGA-59-2363-01	0	0.950479899356515	0.0357755866060333
TCGA-59-2372-01	0	0.979157626108861	0.127263536587652
TCGA-59-A5PD-01	0	0.996397808751274	0.273467597228358
TCGA-5X-AA5U-01	1.91456203511944e-05	0.885568482956099	0.88558759764653
TCGA-61-1721-01	0	0.870534438702683	0.148790853552583
TCGA-61-1724-01	0.233868299288049	0.652297440419232	0.886165708777361
TCGA-61-1727-01	0	0.981404158973107	0.132558955365466
TCGA-61-1730-01	0	0.129696762447762	0.129639387446548
TCGA-61-1733-01	1	3.0929919736522e-08	1
TCGA-61-1734-01	0	0.828318624197577	0.769779389872691
TCGA-61-1736-01	0	0.89645615495197	0.759382761283436
TCGA-61-1737-01	0.103497450168342	3.0929919736522e-08	0.103497450168342
TCGA-61-1740-01	0	0.703349190690812	0.474760752430922
TCGA-61-1741-01	0	0.434709382782934	0.351144657564651
TCGA-61-1743-01	0	0.985103037151102	0.307892876326035
TCGA-61-1899-01	0.832794709400104	3.0929919736522e-08	0.832794709400104
TCGA-61-1900-01	0.223806920099419	3.0929919736522e-08	0.223806920099419
TCGA-61-1903-01	0	0.280388630730595	0.280119231129207
TCGA-61-1907-01	0	0.415377595244512	0.189467162229966
TCGA-61-1913-01	1	3.0929919736522e-08	1
TCGA-61-1915-01	8.25828858444088e-06	0.942322906259393	0.942331133618058
TCGA-61-1916-02	0	0.930098041041158	0.915314405418378
TCGA-61-1917-01	0	0.769778864064054	0.0717502072459275
TCGA-61-1918-01	0	0.874979593985417	0.0553705259020448
TCGA-61-1919-01	0	0.49472323196382	0.494482937416957
TCGA-61-2000-01	0	0.74505178503681	0.222542937997202
TCGA-61-2002-01	0.0323065486620119	3.0929919736522e-08	0.0323065486620119
TCGA-61-2008-01	0	0.904126589480846	0.903677363325788
TCGA-61-2008-02	0	0.971535349465101	0.966506639385653
TCGA-61-2016-01	0	0.162042220948872	0.0402090813090061
TCGA-61-2094-01	0	0.202260519373976	0.16201280659515
TCGA-61-2095-01	7.26853115109965e-06	0.0629598003213866	0.0629670379226179
TCGA-61-2095-02	0	0.874176127458983	0.179858751716688
TCGA-61-2096-01	0	0.564245185928099	0.564090536329139
TCGA-61-2097-01	0	0.728954555720467	0.728912985908267
TCGA-61-2102-01	0.00331797621575772	0.275988231041799	0.279306176327637
TCGA-61-2104-01	0	0.781458805955395	0.434730229548874
TCGA-61-2109-01	0	0.673530026178466	0.144150932564919
TCGA-61-2110-01	0	0.769778864064054	0.683258197341178
TCGA-61-2111-01	5.87668476046355e-07	0.148790296814026	0.148790853552583
TCGA-61-2113-01	5.56738556254441e-07	0.769778864064054	0.769779389872691
TCGA-61-2613-01	0	0.683255413648396	0.323374693028279
TCGA-72-4231-01	0	0.634143866315443	0.0806614882970154
TCGA-72-4233-01	1	3.0929919736522e-08	1
TCGA-72-4235-01	0	0.669158205735558	0.148790853552583
TCGA-72-4236-01	0.543592628954723	3.0929919736522e-08	0.543592628954723
TCGA-72-4237-01	0	0.692183334996332	0.148790853552583
TCGA-72-4238-01	8.13456890527322e-06	0.164740825520796	0.164748929159782
TCGA-72-4240-01	0	0.698174460460026	0.424473311407319
TCGA-72-4241-01	0.898636312208343	0.101363718721577	1
TCGA-VG-A8LO-01	0	0.683255413648396	0.118354668070308
