Sample	percent	start	end
TCGA-04-1336-01	0.00125946956667897	0.368499997320344	0.36975943554602
TCGA-04-1337-01	0.15260141455112	0.847398616789883	1
TCGA-04-1341-01	0.0377644361911742	0.317176722171688	0.354941127021859
TCGA-04-1343-01	0.00409523490442545	0.425513701769604	0.429608905333026
TCGA-04-1348-01	0.0084331745399603	0.070194194812481	0.0786273380114377
TCGA-04-1356-01	0.770810888604264	0.22918914273674	1
TCGA-04-1357-01	0.000164696973396158	0.404820584821245	0.404985250453638
TCGA-04-1364-01	0.0873464678673384	0.258148574722421	0.345495011248756
TCGA-04-1516-01	0.000590245118928609	0.185391500689674	0.1859817144676
TCGA-04-1517-01	0.674190837188094	0.301821855667596	0.976012661514686
TCGA-04-1530-01	0.15260141455112	0.847398616789883	1
TCGA-04-1536-01	0.0844992003813072	0.544694323827722	0.629193492868026
TCGA-04-1648-01	0.0455350932581333	0.317364548805668	0.362899610722798
TCGA-04-1649-01	0.0193000093427531	0.591041556509569	0.610341534511318
TCGA-04-1651-01	0.407418346578407	0.592581684762596	1
TCGA-04-1652-01	0.106347640741712	0.747199892888986	0.853547502289695
TCGA-04-1654-01	0.136142279129684	0.552237883983315	0.688380131771996
TCGA-09-0367-01	0.377933231941008	0.622066799399995	1
TCGA-09-1659-01	3.68570201168186e-05	0.601141947071752	0.601178772750865
TCGA-09-1664-01	0.00016256578515811	0.668355173677268	0.668517708121422
TCGA-09-1665-01	0.00018955038917221	0.0541916664710466	0.0543811855192152
TCGA-09-1666-01	0.481272293051671	0.518727738289332	1
TCGA-09-1667-01	0.336863573520651	0.449791414652352	0.786654956831999
TCGA-09-1668-01	0.00018372096252108	0.621600100516866	0.621783790138384
TCGA-09-1669-01	0.00614891684081556	0.847398616789883	0.853547502289695
TCGA-09-1674-01	0.00812932351102105	0.471836237740692	0.47996552991071
TCGA-09-1675-01	0.438509468258192	0.561490563082811	1
TCGA-09-2043-01	0.223449006604584	0.77655102473642	1
TCGA-09-2044-01	0.0032735991566512	0.314782112799218	0.318055680614865
TCGA-10-0928-01	0.209141211686446	0.790858819654558	1
TCGA-10-0930-01	0.48519521511885	0.514804816222154	1
TCGA-10-0934-01	0.069722606732806	0.355340756157496	0.425063331549299
TCGA-10-0935-01	0.019430701327351	0.0658654067499683	0.0852960767363159
TCGA-10-0936-01	0.0109219949689541	0.101986759491615	0.112908723119566
TCGA-10-0937-01	0.00318562495982475	0.962710254647847	0.965895848266669
TCGA-13-0714-01	0.00074024316168294	0.261407224220403	0.262147436041082
TCGA-13-0720-01	0.290035883255138	0.709964148085865	1
TCGA-13-0723-01	0.122157860685667	0.0287391674130788	0.150896996757742
TCGA-13-0724-01	0.015420933339472	0.588350962700038	0.603771864698506
TCGA-13-0755-01	0.236439507804584	3.13410034591399e-08	0.236439507804584
TCGA-13-0758-01	0.115614768043823	0.847398616789883	0.963013353492703
TCGA-13-0760-01	1	3.13410034591399e-08	1
TCGA-13-0761-01	0.15260141455112	0.847398616789883	1
TCGA-13-0762-01	1	3.13410034591399e-08	1
TCGA-13-0768-01	0.0300449276419283	0.257417263746736	0.287462160047661
TCGA-13-0791-01	0.0229641487440265	0.257417263746736	0.280381381149759
TCGA-13-0791-02	0.113171674138936	0.257417263746736	0.370588906544669
TCGA-13-0793-01	0.0201141232496872	0.220901891909079	0.241015983817762
TCGA-13-0794-01	0.076589013166763	0.546923609406726	0.623512591232486
TCGA-13-0797-01	0.213672995428633	0.786327035912371	1
TCGA-13-0800-01	8.68145796969281e-05	0.183002062582781	0.183088845821475
TCGA-13-0801-01	0.0108694361060834	0.087600580723722	0.0984699854888019
TCGA-13-0802-01	0.111079536791251	0.742467996839448	0.853547502289695
TCGA-13-0803-01	0.00352413913863577	0.258094887583425	0.261618995381057
TCGA-13-0883-01	0.517058359737868	0.482941671603136	1
TCGA-13-0887-01	0.000121321024551194	0.223636958602577	0.223758248286125
TCGA-13-0888-01	0.299056889656757	0.465198714655301	0.764255572971055
TCGA-13-0889-01	0.00308060125709392	0.584216739587257	0.587297309503348
TCGA-13-0891-01	0.129766829515566	0.0852069742633634	0.214973772437925
TCGA-13-0893-01	0.0507573506484438	0.617431841074284	0.668189160381725
TCGA-13-0899-01	0.0675513646922848	0.414169261414464	0.481720594765745
TCGA-13-0900-01	0.0499884304685577	0.607424219882463	0.657412619010017
TCGA-13-0901-01	0.198051354302742	0.409377378684225	0.607428701645964
TCGA-13-0905-01	0.0620244100659405	0.526665944361006	0.588690323085943
TCGA-13-0913-01	0.296115285750189	0.703884745590814	1
TCGA-13-0913-02	0.149662788039884	0.703884745590814	0.853547502289695
TCGA-13-1403-01	0.0051284537668329	0.334638048862066	0.339766471287895
TCGA-13-1405-01	1	3.13410034591399e-08	1
TCGA-13-1408-01	0.572261275027868	0.427738756313136	1
TCGA-13-1411-01	0.00614891684081556	0.847398616789883	0.853547502289695
TCGA-13-1477-01	0.00140413963883819	0.0731085007050002	0.0745126090028349
TCGA-13-1482-01	0.460372732913253	0.53962729842775	1
TCGA-13-1487-01	0.0298055763981935	0.0593004067466776	0.0891059518038675
TCGA-13-1488-01	0.726769883665016	0.273230147675988	1
TCGA-13-1489-01	0.229981098554199	3.13410034591399e-08	0.229981098554199
TCGA-13-1489-02	0.229981098554199	3.13410034591399e-08	0.229981098554199
TCGA-13-1494-01	0.257532034501556	0.742467996839448	1
TCGA-13-1495-01	0.11562432704989	0.539413991557925	0.655038287266812
TCGA-13-1496-01	0.105372434076785	0.368020072533738	0.473392475269519
TCGA-13-1497-01	0.11306561618309	0.504099042836351	0.617164627678437
TCGA-13-1499-01	0.207728077179603	0.334645978135952	0.542374023974551
TCGA-13-1501-01	1.86792380864149e-05	0.522216650140033	0.522235298037116
TCGA-13-1504-01	0.0961832831913842	0.537627993132434	0.633811244982815
TCGA-13-1506-01	0.0155121043186555	0.522216650140033	0.537728723117685
TCGA-13-1509-01	0.00898183014724348	0.650148401218626	0.659130200024866
TCGA-13-1510-01	0.0221359313855171	0.0606922607121434	0.0828281607566571
TCGA-13-1511-01	0.299603194688778	0.553944338941921	0.853547502289695
TCGA-13-1512-01	0.000999934716689708	0.43158464219371	0.432584545569396
TCGA-13-1819-01	0.00448185752361004	0.655038287266812	0.659520113449418
TCGA-13-1819-02	0.0956563782405305	0.245943949185201	0.341600296084728
TCGA-13-2059-01	0.75157121069325	0.247831555144041	0.999402734496287
TCGA-13-2060-01	0.0267370727684508	0.216927319868131	0.243664361295578
TCGA-13-2061-01	0.373849843935906	0.401231225054324	0.775081037649227
TCGA-13-2071-01	0.0085955522790974	0.980725909667142	0.989321430605236
TCGA-20-0990-01	0.0148204710534022	0.727647557127049	0.742467996839448
TCGA-20-0991-01	0.0500866218325254	0.723170776846006	0.773257367337528
TCGA-20-0996-01	0.000632116699605539	0.9658943438985	0.966526429257103
TCGA-20-1682-01	0.15260141455112	0.847398616789883	1
TCGA-20-1685-01	0.547243632393472	0.452756398947532	1
TCGA-20-1686-01	0.416365356870761	0.189459218193026	0.605824543722784
TCGA-20-1687-01	0.0440846002751176	0.432550477898591	0.476635046832705
TCGA-23-1022-01	0.257532034501556	0.742467996839448	1
TCGA-23-1026-01	0.2137872960684	0.771342306659622	0.985129571387018
TCGA-23-1028-01	0.730346613007526	0.269653418333478	1
TCGA-23-1030-01	0.0476331540554804	0.313481962609995	0.361115085324472
TCGA-23-1031-01	0.0703011929984323	0.61078883331328	0.681089994970709
TCGA-23-1032-01	0.0103437221133627	0.0613354407859847	0.0716791315583439
TCGA-23-1111-01	0.0125302272225888	0.765916238723546	0.778446434605131
TCGA-23-1113-01	0.0147088970809397	0.550753166624476	0.565462032364413
TCGA-23-1117-01	0.000299745357480657	0.355775205148023	0.3560749191645
TCGA-23-1118-01	0.000614220986606642	0.192842040746877	0.193456230392481
TCGA-23-1120-01	0.258502351969937	0.09095221897909	0.349454539608024
TCGA-23-1121-01	0.00608137697827156	0.342617186284312	0.34869853192158
TCGA-23-1122-01	0.477535787273315	0.522464244067689	1
TCGA-23-1124-01	0.290928349670824	0.194498663509917	0.485426981839738
TCGA-23-1809-01	0.00614891684081556	0.847398616789883	0.853547502289695
TCGA-23-2072-01	0.36511473016822	0.248377766153051	0.613492464980268
TCGA-23-2077-01	0.717223163270676	0.282776868070328	1
TCGA-23-2641-01	0.369252244086368	0.630747787254636	1
TCGA-24-0968-01	0.0342057279256772	0.0871513701205466	0.12135706670522
TCGA-24-1425-01	0.398437488002272	0.601562543338731	1
TCGA-24-1428-01	0.483783992413221	0.247179442884202	0.730963403956419
TCGA-24-1431-01	0.00130864360117156	0.26834480607331	0.269653418333478
TCGA-24-1434-01	0.00730060469645564	0.0675181118875705	0.0748186852430227
TCGA-24-1435-01	0.0644985942462995	0.555477634856185	0.619976197761481
TCGA-24-1436-01	0.0116950835023057	0.229981098554199	0.241676150715501
TCGA-24-1463-01	1	3.13410034591399e-08	1
TCGA-24-1466-01	0.377388870051205	3.13410034591399e-08	0.377388870051205
TCGA-24-1467-01	0.0270664980562466	0.408585673594794	0.435652140310037
TCGA-24-1469-01	0.0489254063118211	0.0740531498915147	0.122978524862332
TCGA-24-1470-01	0.00291606098871526	0.341600296084728	0.34451632573244
TCGA-24-1545-01	0.012315165256567	0.230389033055764	0.242704166971327
TCGA-24-1546-01	0.0202660330936551	0.69522181015419	0.715487811906842
TCGA-24-1550-01	0.000539002578204971	0.10885028255325	0.109389253790452
TCGA-24-1551-01	0.00322050749672103	0.0379222068027968	0.0411426829585143
TCGA-24-1553-01	0.0310392523189914	0.346606958711957	0.377646179689945
TCGA-24-1556-01	0.66972631123942	0.183821222391279	0.853547502289695
TCGA-24-1567-01	0.000582441209056936	0.425513701769604	0.426096111637657
TCGA-24-1614-01	0.0886618497842626	3.13410034591399e-08	0.0886618497842626
TCGA-24-1842-01	0.0679490820267086	0.579734631335619	0.647683682021324
TCGA-24-1843-01	0.00757405495199922	0.323960701766439	0.331534725377434
TCGA-24-1845-01	0.0591361485473304	0.309701924177776	0.368838041384103
TCGA-24-1847-01	0.000937722824740826	0.629880142913722	0.63081783439746
TCGA-24-1849-01	0.000901367260680019	0.999098664080323	1
TCGA-24-1920-01	0.225721135335374	0.332908840334919	0.558629944329289
TCGA-24-1924-01	0.508134917880146	0.491865113460858	1
TCGA-24-1927-01	0.0249960800239871	0.588311128284588	0.613307176967572
TCGA-24-1928-01	0.635377104199716	0.334850822934832	0.970227895793545
TCGA-24-2019-01	0.0243195531224211	0.220462334334981	0.244781856116399
TCGA-24-2023-01	0.00393599126563842	0.154929173563124	0.158865133487759
TCGA-24-2024-01	1	3.13410034591399e-08	1
TCGA-24-2026-01	0.00865557030080124	0.386701786559429	0.395357325519227
TCGA-24-2030-01	0.183678714848361	0.422829031409734	0.606507714917092
TCGA-24-2260-01	0.00332593863249737	0.221066682905485	0.224392590196979
TCGA-24-2280-01	0.548830019967667	0.231954641544638	0.780784630171301
TCGA-24-2281-01	0.700198636146087	0.299801395194916	1
TCGA-24-2288-01	0.062156951169745	0.0429652249940867	0.105122144822828
TCGA-24-2289-01	0.079066707539514	0.278683325580091	0.357750001778602
TCGA-24-2290-01	0.74229361549597	0.257706415845034	1
TCGA-24-2293-01	0.312214187677388	0.687785843663615	1
TCGA-24-2295-01	0.454876116378298	0.398671417252401	0.853547502289695
TCGA-24-2297-01	0.00179828409886294	0.60955782137778	0.611356074135639
TCGA-24-2298-01	0.00434317358311946	0.105591256963227	0.109934399205343
TCGA-25-1323-01	0.00143137497088029	0.0907345243687742	0.092165867998651
TCGA-25-1329-01	0.575587997185453	0.424412034155551	1
TCGA-25-1625-01	0.149505581566325	0.650148401218626	0.799653951443947
TCGA-25-1871-01	0.0423610331286003	0.307093537820427	0.349454539608024
TCGA-25-1877-01	0.00195661884854846	0.0440085356596214	0.0459651231671664
TCGA-25-1878-01	0.477721451378053	0.522278579962951	1
TCGA-25-2392-01	0.0811789344704434	0.772368599160255	0.853547502289695
TCGA-25-2397-01	0.00107383680294435	0.964395617111097	0.965469422573038
TCGA-25-2398-01	0.31683375757038	0.302174159887947	0.619007886117324
TCGA-25-2400-01	0.00323050527683775	0.300837340724628	0.304067814660463
TCGA-25-2401-01	0.00264981916397685	0.962980038005981	0.965629825828955
TCGA-29-1688-01	0.20723125959211	0.0316399026510822	0.238871130902189
TCGA-29-1691-01	0.269036627384584	0.730963403956419	1
TCGA-29-1692-02	0.00737644992492733	0.588350962700038	0.595727381283961
TCGA-29-1693-01	0.00554090137290206	0.962710254647847	0.968251124679746
TCGA-29-1697-01	0.00101055931687644	0.534798621359402	0.535809149335275
TCGA-29-1699-01	0.8485653169862	3.13410034591399e-08	0.8485653169862
TCGA-29-1702-01	0.397145925248008	0.271511438385013	0.668657332292018
TCGA-29-1704-01	0.0280364080915827	0.252594948902098	0.280631325652677
TCGA-29-1704-02	0.0280364080915827	0.252594948902098	0.280631325652677
TCGA-29-1705-01	2.39445266745318e-05	0.547123721714078	0.547147634899749
TCGA-29-1711-01	0.0372897766931562	0.962710254647847	1
TCGA-29-1761-01	0.0063395955061138	0.08701030426379	0.0933498684289003
TCGA-29-1762-01	0.453705843307582	0.546294188033422	1
TCGA-29-1763-01	1.42914975963174e-05	0.00556888888902818	0.00558314904562096
TCGA-29-1766-01	0.00136092039501073	0.566975646128479	0.568336535182486
TCGA-29-1768-01	0.601370955784332	0.252176577846367	0.853547502289695
TCGA-29-1770-01	0.62697959572174	3.13410034591399e-08	0.62697959572174
TCGA-29-1770-02	0.62697959572174	3.13410034591399e-08	0.62697959572174
TCGA-29-1776-01	0.000186228242801136	0.64889943088812	0.649085627789917
TCGA-29-1777-01	0.75382660332817	0.246173428012833	1
TCGA-29-1778-01	0.565411197256734	0.402595812346744	0.968006978262475
TCGA-29-1781-01	0.570741299040091	0.429258732300913	1
TCGA-29-1783-01	1.42914975963174e-05	0.00556888888902818	0.00558314904562096
TCGA-29-1784-01	0.00524961808636659	0.257200791435557	0.26245037818092
TCGA-29-2425-01	0.79350788663445	0.206492144706553	1
TCGA-29-2427-01	1	3.13410034591399e-08	1
TCGA-29-2429-01	0.0416465836127985	0.401545355932412	0.443191908204207
TCGA-29-2431-01	0.134143851382466	0.47288261982457	0.607026439866032
TCGA-29-A5NZ-01	0.0180557715037755	0.562646795383959	0.580702535546731
TCGA-30-1714-01	0.00598161856412885	0.770944213233156	0.776925800456281
TCGA-30-1853-01	0.00182429713176852	0.0903416022078859	0.092165867998651
TCGA-30-1856-01	0.0161935204167677	0.337029712180208	0.353223201255972
TCGA-30-1857-01	0.00965130532302185	0.0872036155733823	0.0968548895554006
TCGA-30-1860-01	0.0372897766931562	0.962710254647847	1
TCGA-30-1861-01	1	3.13410034591399e-08	1
TCGA-30-1866-01	5.73540364062738e-06	0.00556456383054504	0.00557026789318227
TCGA-30-1891-01	0.00607012555801481	0.847477408072684	0.853547502289695
TCGA-31-1944-01	0.0372897766931562	0.962710254647847	1
TCGA-31-1946-01	0.171540312851538	0.250076354519779	0.421616636030313
TCGA-31-1953-01	0.00997104624073595	0.0788804166147059	0.0888514315144383
TCGA-31-1959-01	0.0010940830912058	0.622912191628423	0.624006243378625
TCGA-36-1570-01	0.00137881610800962	0.239910273214258	0.241289057981264
TCGA-36-1571-01	6.14283668613643e-06	0.330361819662424	0.330367931158107
TCGA-36-1574-01	0.483817589968973	3.13410034591399e-08	0.483817589968973
TCGA-36-1578-01	0.418327961850978	0.581672069490025	1
TCGA-36-2529-01	7.83525087517402e-07	0.130242962040748	0.130243714224832
TCGA-36-2533-01	0.26804712922206	0.306893049421033	0.57494014730209
TCGA-36-2534-01	0.843234368995749	0.156765662345254	1
TCGA-36-2537-01	1.86792380864149e-05	0.522216650140033	0.522235298037116
TCGA-36-2544-01	0.00579344717911067	0.990345497894621	0.996138913732728
TCGA-36-2545-01	0.000591310713047633	0.244112349599617	0.244703628971661
TCGA-36-2547-01	0.00789094383839475	0.244691844754345	0.252582757251736
TCGA-3P-A9WA-01	0.409771742531274	0.590228288809729	1
TCGA-42-2582-01	0.00575276655656677	0.5848545603495	0.590607295565063
TCGA-42-2587-01	1.28498114352854e-05	0.407116376009678	0.40712919448011
TCGA-42-2589-01	0.352505210206774	0.647494821134229	1
TCGA-42-2591-01	0.000161782260070593	0.621075577482279	0.621237328401346
TCGA-57-1583-01	0.117801398517063	0.484027982125473	0.601829349301533
TCGA-57-1585-01	1	3.13410034591399e-08	1
TCGA-57-1992-01	0.00605893681976507	0.847488596810934	0.853547502289695
TCGA-59-2363-01	0.362226311944592	0.637773719396411	1
TCGA-59-A5PD-01	0.00319813002022153	0.354233478503817	0.357431577183035
TCGA-61-1724-01	1	3.13410034591399e-08	1
TCGA-61-1727-01	0.506198670683873	0.241001253546117	0.747199892888986
TCGA-61-1728-01	2.41012316920353e-05	0.352947118356134	0.352971188246823
TCGA-61-1733-01	3.82360242708492e-06	0.456646695030066	0.45665048729149
TCGA-61-1734-01	0.0044802591324315	0.390748286203411	0.395228513994839
TCGA-61-1738-01	0.0208517651080796	0.174527267190172	0.195379000957248
TCGA-61-1740-01	0.0275272734897139	0.596969143183662	0.624496385332373
TCGA-61-1743-01	0.000479235284529144	0.290219854945687	0.290699058889213
TCGA-61-1903-01	5.61317372697467e-05	0.154419850915234	0.1544759513115
TCGA-61-1904-01	1	3.13410034591399e-08	1
TCGA-61-1906-01	0.00539500900160632	0.515388260343323	0.520783238003925
TCGA-61-1911-01	0.575147750109278	0.398683170128714	0.973830888896989
TCGA-61-1913-01	2.15626104084789e-05	0.488448630669247	0.488470161938652
TCGA-61-1916-02	0.0790258702119526	0.545226901500209	0.624252740371158
TCGA-61-1917-01	0.00105982737437954	0.556933957265852	0.557993753299228
TCGA-61-1918-01	0.00686552888585898	0.388491827974372	0.395357325519227
TCGA-61-2000-01	0.198217555644306	0.546892456449247	0.74510998075255
TCGA-61-2002-01	0.00130776605307354	0.471035757170281	0.472343491882351
TCGA-61-2087-01	0.00350404955539182	0.0886618497842626	0.092165867998651
TCGA-61-2092-01	0.0135148361885667	0.0953354777056868	0.10885028255325
TCGA-61-2094-01	0.0146553039649535	0.62478428379053	0.63943955641448
TCGA-61-2101-01	0.55537229774342	0.298175235887279	0.853547502289695
TCGA-61-2104-01	0.000115585620910567	0.233382537664129	0.233498091944036
TCGA-61-2109-01	0.000156109538436967	0.571184617534608	0.571340695732042
TCGA-61-2111-01	0.312880403388802	0.290839717312924	0.603720089360723
TCGA-61-2113-01	0.496813419139569	0.11204195632675	0.608855344125315
TCGA-61-2610-02	1.86792380864149e-05	0.522216650140033	0.522235298037116
