Sample	percent	start	end
TCGA-04-1331-01	1	3.13410034591399e-08	1
TCGA-04-1332-01	0.540750340606191	3.13410034591399e-08	0.540750340606191
TCGA-04-1335-01	0	0.453806322564805	0.044642094045388
TCGA-04-1336-01	0	0.608330006224637	0.368487993716003
TCGA-04-1337-01	0.799653951443947	3.13410034591399e-08	0.799653951443947
TCGA-04-1338-01	0	0.760362393516198	0.294287603790042
TCGA-04-1341-01	0	0.625138844563134	0.0785734628264201
TCGA-04-1342-01	0	0.0324907168731156	0.0324162819898014
TCGA-04-1346-01	1	3.13410034591399e-08	1
TCGA-04-1347-01	0	0.215916071049177	0.215883852497579
TCGA-04-1348-01	0	0.847970590103771	0.537728723117685
TCGA-04-1349-01	1	3.13410034591399e-08	1
TCGA-04-1350-01	1	3.13410034591399e-08	1
TCGA-04-1351-01	1	3.13410034591399e-08	1
TCGA-04-1353-01	0	0.977685769645567	0.000961103213352299
TCGA-04-1356-01	0	0.36252611998408	0.0221663948409198
TCGA-04-1357-01	0	0.666274507136864	0.0153089832749675
TCGA-04-1360-01	1	3.13410034591399e-08	1
TCGA-04-1361-01	1	3.13410034591399e-08	1
TCGA-04-1362-01	0	0.659910434307016	0.545886598282895
TCGA-04-1364-01	0	0.980686733412766	0.0638551634444302
TCGA-04-1365-01	0	0.532167356069497	0.386072239822111
TCGA-04-1367-01	0	0.847970590103771	0.273937608148009
TCGA-04-1371-01	0	0.987206226278974	0.98398336820699
TCGA-04-1514-01	0	0.797904904061584	0.485095770114742
TCGA-04-1516-01	5.48780971297188e-05	0.666537990953294	0.66659283770942
TCGA-04-1517-01	0	0.243867231611238	0.177599092966286
TCGA-04-1519-01	0	0.485498878101768	0.377829179809386
TCGA-04-1525-01	0	0.00553582413033493	0.00543515682709073
TCGA-04-1530-01	0	0.66182063712938	0.328627721938731
TCGA-04-1536-01	0	0.629226275557687	0.227172380502473
TCGA-04-1542-01	0	0.20541034728872	0.00555387654835138
TCGA-04-1638-01	0	0.0208057878559441	0.000805025015918837
TCGA-04-1644-01	0	0.693954568018643	0.112669841990883
TCGA-04-1646-01	1	3.13410034591399e-08	1
TCGA-04-1648-01	0	0.363971755111553	0.137835727571837
TCGA-04-1649-01	0	0.66669212600851	0.212243563599969
TCGA-04-1651-01	0	0.0156147147641168	0.0155190620214327
TCGA-04-1652-01	0	0.196387617131908	0.196311865926446
TCGA-04-1654-01	0	0.450465685001666	0.345732638737299
TCGA-04-1655-01	0	0.999166799421934	0.473838739818366
TCGA-09-0364-01	0	0.799360035513118	0.798454531239976
TCGA-09-0365-01	1	3.13410034591399e-08	1
TCGA-09-0366-01	0	0.130428970896525	0.0768786980621199
TCGA-09-0367-01	0	0.677490637423672	0.0216736202428783
TCGA-09-0369-01	0	0.456727272750066	0.456479710163414
TCGA-09-1659-01	0	0.629273475108959	0.233270117484572
TCGA-09-1661-01	0	0.614427555160715	0.485095770114742
TCGA-09-1662-01	0	0.762938373275928	0.715421431661428
TCGA-09-1664-01	0	0.668518836397548	0.00555387654835138
TCGA-09-1665-01	0	0.7464596183863	0.0487336307114004
TCGA-09-1666-01	0	0.790216015672758	0.518682231152249
TCGA-09-1667-01	0	0.996481941016043	0.221226929456384
TCGA-09-1668-01	0	0.621879756291103	0.621401586600693
TCGA-09-1669-01	0	0.962710254647847	0.0152887056457025
TCGA-09-1670-01	0	0.754991140995245	0.754928364965234
TCGA-09-1672-01	9.4869217596607e-05	0.0677529186857978	0.0678477565623908
TCGA-09-1673-01	0	0.962710254647847	0.0153089832749675
TCGA-09-1674-01	0	0.967187003587887	0.102599382087043
TCGA-09-1675-01	0	0.659904730244379	0.560416381528829
TCGA-09-2043-01	0	0.682614860155032	0.0152887056457025
TCGA-09-2044-01	0	0.607820338825708	0.314191460247244
TCGA-09-2049-01	0	0.195937654344648	0.195920730202758
TCGA-09-2050-01	0	0.760237938391297	0.237206328137235
TCGA-09-2051-01	0	0.440987538722985	0.440935763385202
TCGA-09-2053-01	0	0.485527085004919	0.0156538910184927
TCGA-09-2054-01	1	3.13410034591399e-08	1
TCGA-09-2055-01	0	0.989902837561177	0.317941975454165
TCGA-10-0925-01	0	0.473905527496826	0.192895477157846
TCGA-10-0926-01	1	3.13410034591399e-08	1
TCGA-10-0927-01	0	0.707579661857525	0.70756681204609
TCGA-10-0928-01	0	0.119833611866055	0.119590029586848
TCGA-10-0930-01	0	0.381998285459062	0.0993823847827142
TCGA-10-0931-01	1	3.13410034591399e-08	1
TCGA-10-0933-01	0	0.691062984353662	0.471383015489069
TCGA-10-0934-01	6.20551869313782e-06	0.988567052650974	0.988573226828664
TCGA-10-0935-01	0	0.962710254647847	0.601178772750865
TCGA-10-0936-01	0	0.798271249051504	0.0445156017552591
TCGA-10-0937-01	0	0.627624593573784	0.049438489880131
TCGA-10-0938-01	0	0.666785428175932	0.0258862898874209
TCGA-13-0717-01	0	0.72507273698445	0.0400507310555465
TCGA-13-0720-01	0.70986946691429	3.13410034591399e-08	0.70986946691429
TCGA-13-0723-01	0	0.495237248732515	0.0286769868621334
TCGA-13-0724-01	0	0.603835455594609	0.295709795846897
TCGA-13-0725-01	0.77769152385381	3.13410034591399e-08	0.77769152385381
TCGA-13-0727-01	0	0.717491598965659	0.180083556995793
TCGA-13-0730-01	1	3.13410034591399e-08	1
TCGA-13-0751-01	0	0.672031285341879	0.197527207360196
TCGA-13-0757-01	0	0.989943110750676	0.139238582229532
TCGA-13-0758-01	0	0.522750700839685	0.112683663373427
TCGA-13-0760-01	0	0.747977275139818	0.0797072236280577
TCGA-13-0761-01	0	0.593049386557837	0.112669841990883
TCGA-13-0762-01	0	0.967658811054586	0.964974328740738
TCGA-13-0764-01	0	0.24499484957619	0.244991746816843
TCGA-13-0766-01	0	0.66669212600851	0.0653483115332103
TCGA-13-0768-01	0	0.390050102668426	0.0175558824979394
TCGA-13-0791-01	0	0.962710254647847	0.0179150503980574
TCGA-13-0791-02	0	0.962710254647847	0.0543811855192152
TCGA-13-0792-01	0	0.74353832345	0.228404332668079
TCGA-13-0793-01	0	0.193019994964754	0.0479817600374186
TCGA-13-0794-01	0	0.625967406672681	0.215790550330157
TCGA-13-0795-01	0.519580746381611	3.13410034591399e-08	0.519580746381611
TCGA-13-0797-01	0	0.70725283787302	0.074292219066218
TCGA-13-0799-01	0	0.00553582413033493	0.00545004380375358
TCGA-13-0800-01	0	0.85061774528245	0.182981346179467
TCGA-13-0801-01	0	0.568675362771332	0.0873815384502556
TCGA-13-0802-01	0	0.962710254647847	0.146107464602765
TCGA-13-0803-01	0	0.968630162776083	0.256833067441483
TCGA-13-0804-01	0	0.239910273214258	0.232438045182632
TCGA-13-0805-01	1	3.13410034591399e-08	1
TCGA-13-0807-01	0	0.194498663509917	0.0420518854700694
TCGA-13-0883-01	0.48290562944911	3.13410034591399e-08	0.48290562944911
TCGA-13-0884-01	1	3.13410034591399e-08	1
TCGA-13-0885-01	0	0.962710254647847	0.360604352331424
TCGA-13-0886-01	0	0.606507714917092	0.60643867068638
TCGA-13-0887-01	0	0.680449823633204	0.207860210850362
TCGA-13-0888-01	0	0.76426904960256	0.206770891591688
TCGA-13-0889-01	0	0.972695717750194	0.578753031105977
TCGA-13-0890-01	1	3.13410034591399e-08	1
TCGA-13-0891-01	0	0.21516119163886	0.0851882636842735
TCGA-13-0897-01	0	0.967626498479977	0.0489916298522181
TCGA-13-0899-01	0	0.645439634829671	0.107339990935555
TCGA-13-0900-01	0	0.616230571751106	0.607412090914108
TCGA-13-0901-01	0	0.669281174966699	0.0407424270028068
TCGA-13-0903-01	0	0.627624593573784	0.627245148044401
TCGA-13-0904-01	0.588995490437029	3.13410034591399e-08	0.588995490437029
TCGA-13-0905-01	0.414169261414464	3.13410034591399e-08	0.414169261414464
TCGA-13-0906-01	1	3.13410034591399e-08	1
TCGA-13-0908-01	1	3.13410034591399e-08	1
TCGA-13-0910-01	0	0.962710254647847	0.852033763161615
TCGA-13-0911-01	0	0.723854794247409	0.130785537493352
TCGA-13-0912-01	0	0.717491598965659	0.0209506773151278
TCGA-13-0913-01	0.703714407236788	3.13410034591399e-08	0.703714407236788
TCGA-13-0913-02	0	0.680770974896076	0.0419995773352267
TCGA-13-0916-01	1	3.13410034591399e-08	1
TCGA-13-0919-01	0	0.42459537902603	0.424441181288807
TCGA-13-0920-01	0	0.962710254647847	0.0156538910184927
TCGA-13-0921-01	0	0.0852960767363159	0.0740531498915147
TCGA-13-0923-01	0	0.169721625759396	0.118951644686542
TCGA-13-0924-01	0	0.308732954372545	0.308414059661925
TCGA-13-1403-01	0	0.629284977257244	0.0176822494240542
TCGA-13-1404-01	0	0.0494790137976574	0.049438489880131
TCGA-13-1405-01	0	0.243137675731749	0.189642970496551
TCGA-13-1407-01	0	0.424724723347477	0.0152163392686194
TCGA-13-1408-01	0	0.431606925647199	0.0758572320760252
TCGA-13-1409-01	0	0.329470669568885	0.0221663948409198
TCGA-13-1410-01	0	0.788511096423324	0.765745430254467
TCGA-13-1411-01	0	0.962710254647847	0.799653951443947
TCGA-13-1412-01	1	3.13410034591399e-08	1
TCGA-13-1481-01	0	0.721701918034939	0.500055395223687
TCGA-13-1482-01	0	0.122915560786299	0.0156538910184927
TCGA-13-1483-01	1	3.13410034591399e-08	1
TCGA-13-1484-01	1	3.13410034591399e-08	1
TCGA-13-1487-01	0	0.850440982022706	0.059256184590738
TCGA-13-1488-01	4.38774049009745e-07	0.693951183190265	0.693951590623311
TCGA-13-1489-01	0	0.230389033055764	0.00551369738186347
TCGA-13-1489-02	0.76961099828524	0.230389033055764	1
TCGA-13-1491-01	0	0.399450241189394	0.328627721938731
TCGA-13-1492-01	0	0.513719602634938	0.513684344006
TCGA-13-1494-01	0	0.667217777319224	0.66401657588066
TCGA-13-1495-01	0	0.661713795648446	0.522355490785541
TCGA-13-1496-01	0	0.473400467225412	0.0152887056457025
TCGA-13-1497-01	0	0.617184059100608	0.112669841990883
TCGA-13-1498-01	1	3.13410034591399e-08	1
TCGA-13-1499-01	0	0.984897428574088	0.0153115845782581
TCGA-13-1500-01	0	0.983022515721666	0.0372038396615573
TCGA-13-1501-01	0	0.975729620912071	0.0155053033208958
TCGA-13-1504-01	0	0.965040991055184	0.0984699854888019
TCGA-13-1505-01	0	0.657935731699447	0.00555387654835138
TCGA-13-1506-01	0	0.848219343648556	0.0847820215968975
TCGA-13-1507-01	1	3.13410034591399e-08	1
TCGA-13-1509-01	0	0.681298820077034	0.0143655250465861
TCGA-13-1511-01	0	0.566354906213144	0.0731719662370891
TCGA-13-1512-01	0	0.438717572521437	0.0155113521345716
TCGA-13-1817-01	0	0.300036766131207	0.299801395194916
TCGA-13-1817-02	0	0.485321143270916	0.485252851224288
TCGA-13-1819-01	0	0.728158352802104	0.112669841990883
TCGA-13-1819-02	0	0.471392386449115	0.245749384235469
TCGA-13-2057-01	0	0.13211850171324	0.132116871981058
TCGA-13-2059-01	0	0.179878492809888	0.0959186084168208
TCGA-13-2060-01	0	0.622551174609099	0.00543515682709073
TCGA-13-2061-01	0	0.00543515682709073	0.00524623325798856
TCGA-13-2065-01	0	0.476979829212216	0.42651977932298
TCGA-13-2071-01	0.612803495700312	3.13410034591399e-08	0.612803495700312
TCGA-13-A5FT-01	0	0.638317172397113	0.227951455167494
TCGA-13-A5FU-01	0	0.69747638792302	0.00891848997916855
TCGA-20-0990-01	0	0.193267526210403	0.192895477157846
TCGA-20-0991-01	0	0.773870303342991	0.124188162233445
TCGA-20-1682-01	0	0.176606053270366	0.17629022997809
TCGA-20-1683-01	0	0.686422415988325	0.473838739818366
TCGA-20-1684-01	0	0.107213216576395	0.107181875572894
TCGA-20-1685-01	0.452619752172268	3.13410034591399e-08	0.452619752172268
TCGA-20-1686-01	0	0.606274287123019	0.0152887056457025
TCGA-20-1687-01	0	0.0232448701123823	0.0057815689387839
TCGA-23-1021-01	0	0.551056265469332	0.0508294349564954
TCGA-23-1022-01	0	0.533870582904743	0.532231354398646
TCGA-23-1023-01	0.0727236018410082	3.13410034591399e-08	0.0727236018410081
TCGA-23-1024-01	0	0.677154223092095	0.0685477892165824
TCGA-23-1027-01	1	3.13410034591399e-08	1
TCGA-23-1028-01	0	0.0176799615307986	0.00555544359852633
TCGA-23-1029-01	0	0.689571842089106	0.68932236770124
TCGA-23-1030-01	0	0.449854410069388	0.0206944019295026
TCGA-23-1031-01	0	0.972589252361302	0.101301269063048
TCGA-23-1032-01	0	0.847398616789883	0.0174515482972856
TCGA-23-1109-01	1	3.13410034591399e-08	1
TCGA-23-1110-01	0	0.476144591468922	0.476071660953776
TCGA-23-1111-01	0	0.985015051360226	0.266599425588356
TCGA-23-1113-01	0	0.565552263113491	0.550573300605386
TCGA-23-1114-01	0	0.151318752641851	0.0428969016064552
TCGA-23-1116-01	1	3.13410034591399e-08	1
TCGA-23-1117-01	0	0.599572640344465	0.355689080070403
TCGA-23-1118-01	0	0.19360287494786	0.0951307896118239
TCGA-23-1119-01	0.321289664743092	3.13410034591399e-08	0.321289664743092
TCGA-23-1120-01	0	0.799619539022104	0.0909489908557294
TCGA-23-1122-01	0.513593549118859	3.13410034591399e-08	0.513593549118859
TCGA-23-1123-01	0	0.969457345881477	0.0484031398294855
TCGA-23-1124-01	0.0901932025563102	3.13410034591399e-08	0.0901932025563101
TCGA-23-1809-01	0.000148274287561793	0.355689080070403	0.355837323016961
TCGA-23-2072-01	0	0.711652926718497	0.00543515682709073
TCGA-23-2077-01	0	0.102120084120507	0.00551369738186347
TCGA-23-2078-01	0	0.645437503641433	0.041533317226147
TCGA-23-2081-01	0	0.619461985917045	0.527540609086703
TCGA-23-2084-01	0	0.522235298037116	0.513690110750644
TCGA-23-2641-01	0.630388525331507	3.13410034591399e-08	0.630388525331507
TCGA-23-2643-01	1	3.13410034591399e-08	1
TCGA-23-2645-01	0	0.100725346782719	0.0835553347198802
TCGA-24-0966-01	0	0.581701153941274	0.29981396293732
TCGA-24-0968-01	0	0.629509002750267	0.0871100313369292
TCGA-24-0970-01	0	0.962710254647847	0.00545004380375358
TCGA-24-0975-01	0	0.518671387165038	0.45644780502185
TCGA-24-0979-01	1	3.13410034591399e-08	1
TCGA-24-0982-01	1	3.13410034591399e-08	1
TCGA-24-1103-01	0	0.969295250211372	0.399481832920922
TCGA-24-1104-01	0	0.399442405938518	0.145397214781433
TCGA-24-1105-01	1	3.13410034591399e-08	1
TCGA-24-1413-01	0	0.386180366284188	0.0152163392686194
TCGA-24-1416-01	0	0.599572640344465	0.565646192100983
TCGA-24-1417-01	0	0.0155494941358318	0.0155113521345716
TCGA-24-1418-01	1	3.13410034591399e-08	1
TCGA-24-1419-01	1	3.13410034591399e-08	1
TCGA-24-1422-01	0	0.6186101687829	0.0963600151101246
TCGA-24-1423-01	0	0.573131614695082	0.0432566963266432
TCGA-24-1424-01	0	0.749833696800174	0.0152887056457025
TCGA-24-1425-01	0	0.300063750735221	0.29983571359375
TCGA-24-1426-01	0	0.485321143270916	0.0155053033208958
TCGA-24-1427-01	0	0.607354454808671	0.603448864316428
TCGA-24-1428-01	0	0.742467996839448	0.00543515682709073
TCGA-24-1430-01	0.482385525496016	3.13410034591399e-08	0.482385525496016
TCGA-24-1431-01	0	0.998637261826786	0.0660350556019176
TCGA-24-1434-01	0	0.393065357933221	0.0645639088975949
TCGA-24-1435-01	0	0.680560112624523	0.00543515682709073
TCGA-24-1436-01	0	0.0156147147641168	0.000805025015918837
TCGA-24-1464-01	0	0.605824543722784	0.495250411953985
TCGA-24-1466-01	0	0.97532601146899	0.231372764473644
TCGA-24-1467-01	0	0.966081355666389	0.0152887056457025
TCGA-24-1469-01	0	0.968923263840822	0.506644527799674
TCGA-24-1470-01	0	0.39121363742339	0.0723429966944957
TCGA-24-1471-01	1.50436816803341e-06	0.138106388478069	0.138107861505234
TCGA-24-1474-01	1	3.13410034591399e-08	1
TCGA-24-1544-01	0	0.56463002274448	0.55225073379475
TCGA-24-1545-01	0	0.473905527496826	0.229981098554199
TCGA-24-1546-01	0.243410875259265	3.13410034591399e-08	0.243410875259265
TCGA-24-1548-01	0	0.536445058296304	0.0155136713688305
TCGA-24-1549-01	0	0.485321143270916	0.00543515682709073
TCGA-24-1550-01	0	0.604184782419628	0.10869539531395
TCGA-24-1552-01	0	0.248253875166213	0.244729986755605
TCGA-24-1553-01	0.0809445037642582	3.13410034591399e-08	0.0809445037642582
TCGA-24-1555-01	0	0.692811561620973	0.0156538910184927
TCGA-24-1556-01	0	0.143936912064321	0.143147118776104
TCGA-24-1557-01	1	3.13410034591399e-08	1
TCGA-24-1558-01	0	0.847398616789883	0.0149058126059346
TCGA-24-1560-01	1	3.13410034591399e-08	1
TCGA-24-1562-01	1	3.13410034591399e-08	1
TCGA-24-1563-01	0	0.362784933990989	0.350065219061235
TCGA-24-1564-01	1	3.13410034591399e-08	1
TCGA-24-1565-01	0	0.51481920174276	0.0152887056457025
TCGA-24-1567-01	0	0.426230376496654	0.425225301855391
TCGA-24-1603-01	1	3.13410034591399e-08	1
TCGA-24-1604-01	0	0.601245027632266	0.00543515682709073
TCGA-24-1614-01	0	0.602592063962726	0.355833060640485
TCGA-24-1616-01	1	3.13410034591399e-08	1
TCGA-24-1842-01	0	0.647740377896657	0.579571940186447
TCGA-24-1843-01	0	0.74798275981543	0.0315130342689114
TCGA-24-1844-01	0	0.215502714554007	0.132057794189459
TCGA-24-1845-01	0	0.414252409096751	0.0489916298522181
TCGA-24-1846-01	1	3.13410034591399e-08	1
TCGA-24-1847-01	0	0.132981225516604	0.132898328562345
TCGA-24-1849-01	0.407268129148628	0.591477760596291	0.998745858403916
TCGA-24-1850-01	0	0.257296600883258	0.00909418764479353
TCGA-24-1852-01	0	0.581692159073269	0.198536387672919
TCGA-24-1852-02	0	0.681256321676287	0.389029075456381
TCGA-24-1920-01	0	0.995578317203111	0.0155136713688305
TCGA-24-1923-01	0	0.437841779519613	0.243410875259265
TCGA-24-1924-01	0	0.380417539265498	0.00827277128404369
TCGA-24-1927-01	0	0.393672621217051	0.0155053033208958
TCGA-24-1928-01	0	0.789564874984028	0.33476046682174
TCGA-24-1930-01	1	3.13410034591399e-08	1
TCGA-24-2019-01	0	0.973616516433044	0.00543515682709073
TCGA-24-2020-01	0	0.850158724945179	0.0325044128916454
TCGA-24-2023-01	0	0.657908997823461	0.154920053331105
TCGA-24-2024-01	0.000404298945158979	0.355436283536167	0.355840551140322
TCGA-24-2026-01	0	0.9809788942474	0.386683734141413
TCGA-24-2027-01	0	0.725034312914158	0.287336576646634
TCGA-24-2029-01	0	0.262805816501621	0.255854225220149
TCGA-24-2030-01	0	0.799653951443947	0.0420518854700694
TCGA-24-2033-01	0	0.629880142913722	0.0131069957100121
TCGA-24-2035-01	5.86076765463017e-06	0.522216650140033	0.522222479566684
TCGA-24-2254-01	0	0.513719602634938	0.473838739818366
TCGA-24-2260-01	0	0.962710254647847	0.129805472972882
TCGA-24-2261-01	3.60421540258005e-06	0.629284977257244	0.629288550131643
TCGA-24-2262-01	1	3.13410034591399e-08	1
TCGA-24-2267-01	0	0.193267526210403	0.192895477157846
TCGA-24-2271-01	0	0.538507233644642	0.0191000850814222
TCGA-24-2280-01	0	0.676096589587961	0.00555387654835138
TCGA-24-2281-01	0	0.510773360259852	0.222941313688876
TCGA-24-2288-01	0	0.981949713171837	0.227607236926046
TCGA-24-2289-01	0.27868063025379	3.13410034591399e-08	0.27868063025379
TCGA-24-2290-01	0	0.0159067188937327	0.0152887056457025
TCGA-24-2293-01	0	0.661653370193696	0.0153089832749675
TCGA-24-2295-01	0	0.779784789477622	0.0184733276934153
TCGA-24-2297-01	0	0.755482536589133	0.222263846557205
TCGA-24-2298-01	0	0.98740771759048	0.0723429966944957
TCGA-25-1312-01	0	0.0933498684289003	0.09016195557582
TCGA-25-1313-01	0.0203802397104116	0.0809445037642582	0.101324712133666
TCGA-25-1314-01	0	0.770944213233156	0.0152163392686194
TCGA-25-1315-01	0	0.586088298952305	0.0153089832749675
TCGA-25-1316-01	0	0.153428660338521	0.153289380918964
TCGA-25-1317-01	0	0.27941457387377	0.27926300878084
TCGA-25-1318-01	1	3.13410034591399e-08	1
TCGA-25-1319-01	0	0.847970590103771	0.386072239822111
TCGA-25-1320-01	0	0.17689382636451	0.0155053033208958
TCGA-25-1321-01	0	0.847477408072684	0.79883175155811
TCGA-25-1322-01	0	0.962710254647847	0.518658976127652
TCGA-25-1323-01	0	0.300063750735221	0.0152163392686194
TCGA-25-1329-01	0	0.0153156275677097	0.0152887056457025
TCGA-25-1623-01	0	0.0155136713688305	0.0154694805538945
TCGA-25-1626-01	1	3.13410034591399e-08	1
TCGA-25-1627-01	2.15312694049782e-05	0.142633659115752	0.142655159044153
TCGA-25-1628-01	0	0.852786542724698	0.0155053033208958
TCGA-25-1630-01	0.00176014209760259	0.13008092905265	0.131841039809249
TCGA-25-1631-01	0	0.512134719428912	0.45644780502185
TCGA-25-1632-01	0	0.159290932361319	0.159247023615415
TCGA-25-1633-01	1	3.13410034591399e-08	1
TCGA-25-1634-01	0	0.0891059518038675	0.0847820215968975
TCGA-25-1635-01	0	0.754991140995245	0.0154694805538945
TCGA-25-1870-01	1	3.13410034591399e-08	1
TCGA-25-1871-01	0	0.665700622021762	0.187273089175842
TCGA-25-1877-01	0	0.296897306469538	0.0154694805538945
TCGA-25-1878-01	0	0.440987538722985	0.0379270019763324
TCGA-25-2042-01	0	0.206051333492316	0.172153938359078
TCGA-25-2391-01	1	3.13410034591399e-08	1
TCGA-25-2392-01	0	0.962710254647847	0.0371446991879515
TCGA-25-2393-01	0	0.987416524412464	0.151209999359703
TCGA-25-2396-01	0	0.71115284966664	0.193052714972409
TCGA-25-2397-01	0	0.497479791556	0.494011094652557
TCGA-25-2398-01	0	0.994133559623736	0.000150875590852362
TCGA-25-2399-01	0	0.606507714917092	0.603835455594609
TCGA-25-2400-01	0	0.717491598965659	0.0548010609431141
TCGA-25-2401-01	0	0.615045819136773	0.184548803787548
TCGA-25-2404-01	0	0.049818248819549	0.049438489880131
TCGA-25-2408-01	0	0.132115931750953	0.0208057878559441
TCGA-29-1688-01	0.0315500166530422	3.13410034591399e-08	0.0315500166530422
TCGA-29-1691-01	0	0.624575834776247	0.574913789518146
TCGA-29-1692-01	0.48799224297627	3.13410034591399e-08	0.48799224297627
TCGA-29-1692-02	0	0.999984580226278	0.0888898242437267
TCGA-29-1693-01	0.313827653878607	3.13410034591399e-08	0.313827653878607
TCGA-29-1694-01	0	0.681298820077034	0.473838739818366
TCGA-29-1695-01	0	0.0769037708649205	0.0768786980621199
TCGA-29-1696-01	0	0.112738792198585	0.112669841990883
TCGA-29-1697-01	0	0.546294188033422	0.534759413764022
TCGA-29-1698-01	0	0.205411663610867	0.140170695014646
TCGA-29-1699-01	0	0.604918976767635	0.368499997320344
TCGA-29-1701-01	0	0.634734362899924	0.390050102668426
TCGA-29-1702-01	0	0.798594907594655	0.0240445358167025
TCGA-29-1703-01	0	0.708161413564505	0.0407424270028068
TCGA-29-1704-01	0.231879485818243	3.13410034591399e-08	0.231879485818243
TCGA-29-1704-02	0	0.237666696137657	0.231769886329001
TCGA-29-1705-01	0.00132039647748433	0.245222761353647	0.246543126490128
TCGA-29-1705-02	0.00111589642964228	0.245427261401489	0.246543126490128
TCGA-29-1707-01	0	0.0316399026510822	0.0315130342689114
TCGA-29-1707-02	0	0.0316399026510822	0.00783051838364546
TCGA-29-1710-02	0	0.399450241189394	0.0175558824979394
TCGA-29-1711-01	0	0.35790871262033	0.0156538910184927
TCGA-29-1761-01	0	0.66669212600851	0.00545255108403364
TCGA-29-1762-01	0	0.668189160381725	0.545886598282895
TCGA-29-1763-01	0	0.682543339985043	0.00556625624473417
TCGA-29-1766-01	0	0.568347661238729	0.0317585596903358
TCGA-29-1768-01	0	0.999474630758318	0.0135000745759178
TCGA-29-1769-01	1	3.13410034591399e-08	1
TCGA-29-1774-01	0	0.847398616789883	0.0221331420362055
TCGA-29-1775-01	1	3.13410034591399e-08	1
TCGA-29-1776-01	0	0.649086975453068	0.648846652638225
TCGA-29-1777-01	0	0.847398616789883	0.246080658642471
TCGA-29-1778-01	0	0.968182205813048	0.0152887056457025
TCGA-29-1781-01	0.428984373156268	3.13410034591399e-08	0.428984373156267
TCGA-29-1783-01	0	0.213624103463172	0.00556625624473417
TCGA-29-1784-01	0	0.962710254647847	0.0158229130503719
TCGA-29-1785-01	0	0.681298820077034	0.681254159147046
TCGA-29-2425-01	0	0.049818248819549	0.0221663948409198
TCGA-29-2428-01	1	3.13410034591399e-08	1
TCGA-29-2429-01	0	0.689307292678557	0.0303607509342048
TCGA-29-2431-01	0	0.962710254647847	0.0896206024223525
TCGA-29-2432-01	0	0.718616803673341	0.717771004011868
TCGA-29-2434-01	0	0.424412034155551	0.212107512303773
TCGA-29-2436-01	0	0.673690321362188	0.673672927105245
TCGA-29-A5NZ-01	0	0.986926476481727	0.00693689235083006
TCGA-30-1714-01	0	0.776953411880365	0.00555387654835138
TCGA-30-1853-01	0	0.429608905333026	0.0152163392686194
TCGA-30-1855-01	0	0.758203343126039	0.666520032558288
TCGA-30-1856-01	0	0.976012661514686	0.00555544359852633
TCGA-30-1859-01	0	0.680449823633204	0.680408860941629
TCGA-30-1860-01	0.853547502289695	3.13410034591399e-08	0.853547502289695
TCGA-30-1862-01	1	3.13410034591399e-08	1
TCGA-30-1866-01	0	0.00558314904562096	0.00555544359852633
TCGA-30-1867-01	0	0.18084326292065	0.180685837060066
TCGA-30-1880-01	0	0.132116871981058	0.132057794189459
TCGA-30-1887-01	1	3.13410034591399e-08	1
TCGA-30-1891-01	0	0.962710254647847	0.580599517668224
TCGA-30-1892-01	0	0.606507714917092	0.044642094045388
TCGA-31-1944-01	0	0.703015628222737	0.702762894370507
TCGA-31-1946-01	0	0.700653143378854	0.249985026835578
TCGA-31-1950-01	0.245737505995142	3.13410034591399e-08	0.245737505995142
TCGA-31-1951-01	0	0.786960312229106	0.0155190620214327
TCGA-31-1953-01	0	0.987844454474262	0.0303607509342048
TCGA-31-1955-01	0	0.0421614536183079	0.0420518854700694
TCGA-31-1959-01	0	0.624219142815406	0.329280492359643
TCGA-36-1568-01	0	0.246006881920231	0.243075839931842
TCGA-36-1569-01	0	0.0759992695038904	0.0758572320760252
TCGA-36-1570-01	0	0.0156162818142919	0.0155190620214327
TCGA-36-1571-01	0	0.66401657588066	0.00480369828855864
TCGA-36-1575-01	0	0.78654476186369	0.112669841990883
TCGA-36-1576-01	0	0.994700925810109	0.994641158516434
TCGA-36-1577-01	1	3.13410034591399e-08	1
TCGA-36-1578-01	0	0.58292577231206	0.222695631562434
TCGA-36-1580-01	0	0.503406061907947	0.503328869016325
TCGA-36-1581-01	0	0.549388579332056	0.228975992571931
TCGA-36-2530-01	0	0.209920756466519	0.104709477829734
TCGA-36-2532-01	0	0.598920684789644	0.00545004380375358
TCGA-36-2533-01	2.75800830806125e-06	0.574942999333408	0.574945726000713
TCGA-36-2534-01	0	0.0697392488056648	0.0649677690687049
TCGA-36-2537-01	0	0.779083628547304	0.299522522945767
TCGA-36-2538-01	0	0.726600391518084	0.661249321976565
TCGA-36-2540-01	0	0.00553808068258699	0.00545255108403364
TCGA-36-2542-01	1	3.13410034591399e-08	1
TCGA-36-2543-01	1	3.13410034591399e-08	1
TCGA-36-2544-01	0	0.0683427877126843	0.00547762388683415
TCGA-36-2545-01	3.27513486582274e-05	0.193019994964754	0.193052714972409
TCGA-36-2547-01	0	0.480056606866883	0.015689901831515
TCGA-36-2548-01	0	0.555170022906826	0.232736192148934
TCGA-36-2549-01	0	0.999715831121259	0.0153089832749675
TCGA-36-2551-01	0	0.399272882450583	0.092165867998651
TCGA-36-2552-01	0	0.992653324028398	0.00543515682709073
TCGA-3P-A9WA-01	0	0.616715855849311	0.143711977682197
TCGA-42-2582-01	0.452048468360458	3.13410034591399e-08	0.452048468360458
TCGA-42-2587-01	0	0.99652873313427	0.000150875590852362
TCGA-42-2588-01	0	0.708156242298928	0.032710448648659
TCGA-42-2589-01	0.647461474306504	3.13410034591399e-08	0.647461474306504
TCGA-42-2590-01	0	0.519204246906557	0.485095770114742
TCGA-42-2591-01	0	0.750388087811098	0.0216686056823182
TCGA-42-2593-01	0	0.616206909293463	0.610964248909874
TCGA-57-1582-01	0	0.00547762388683415	0.00545004380375358
TCGA-57-1583-01	0	0.969457345881477	0.0877590408374216
TCGA-57-1584-01	1	3.13410034591399e-08	1
TCGA-57-1586-01	0	0.652634306934294	0.150527016211416
TCGA-57-1992-01	0	0.98432849533754	0.797374018803286
TCGA-57-1993-01	1	3.13410034591399e-08	1
TCGA-57-1994-01	1	3.13410034591399e-08	1
TCGA-59-2348-01	0	0.503454922532405	0.11351191207294
TCGA-59-2350-01	1	3.13410034591399e-08	1
TCGA-59-2351-01	0.156866674399537	3.13410034591399e-08	0.156866674399537
TCGA-59-2352-01	0	0.721146680816921	0.189079866686654
TCGA-59-2354-01	1	3.13410034591399e-08	1
TCGA-59-2355-01	0	0.00611231054872674	0.00585804098732556
TCGA-59-2363-01	0	0.726841685904036	0.458720748618731
TCGA-59-2372-01	1	3.13410034591399e-08	1
TCGA-59-A5PD-01	0.607853873699454	0.392146157641549	1
TCGA-5X-AA5U-01	0	0.620491130448998	0.420879620991991
TCGA-61-1721-01	1.49809996733327e-05	0.117652622773445	0.117667572432115
TCGA-61-1722-01	0.853547502289695	3.13410034591399e-08	0.853547502289695
TCGA-61-1725-01	0	0.485282123721557	0.485095770114742
TCGA-61-1727-01	0.240994859981403	3.13410034591399e-08	0.240994859981403
TCGA-61-1728-01	0	0.353178258256952	0.315171368062696
TCGA-61-1730-01	1	3.13410034591399e-08	1
TCGA-61-1733-01	0	0.605452776739259	0.390620885024181
TCGA-61-1734-01	0.265126711833858	3.13410034591399e-08	0.265126711833858
TCGA-61-1736-01	0	0.660323665438172	0.0265600901216824
TCGA-61-1737-01	0	0.0190689321239426	0.0190145554828688
TCGA-61-1738-01	0	0.964197353922952	0.174166218829844
TCGA-61-1740-01	0	0.643615118310878	0.596883644926113
TCGA-61-1741-01	1	3.13410034591399e-08	1
TCGA-61-1743-01	0	0.962710254647847	0.0370392993931786
TCGA-61-1899-01	0	0.358292420526188	0.354233478503817
TCGA-61-1900-01	0	0.68236908400558	0.68204884163181
TCGA-61-1901-01	0	0.705852490495606	0.0120977213742792
TCGA-61-1903-01	6.42490571764269e-05	0.0176392495672513	0.0177034672834242
TCGA-61-1906-01	0	0.520871682315804	0.112669841990883
TCGA-61-1907-01	1	3.13410034591399e-08	1
TCGA-61-1910-01	1	3.13410034591399e-08	1
TCGA-61-1911-01	3.98344154493847e-05	0.98916362865261	0.989203431727056
TCGA-61-1913-01	0	0.849815008159787	0.488375919541125
TCGA-61-1914-01	0	0.205411663610867	0.049438489880131
TCGA-61-1915-01	0	0.962715896028477	0.250466111239313
TCGA-61-1916-02	0	0.624275305893679	0.164063258305374
TCGA-61-1917-01	0	0.685245059850818	0.392484953889392
TCGA-61-1918-01	0	0.547147634899749	0.122528687439087
TCGA-61-1919-01	0	0.615502959013834	0.0155053033208958
TCGA-61-1995-01	0	0.989456259602296	0.00543515682709073
TCGA-61-1998-01	1	3.13410034591399e-08	1
TCGA-61-2000-01	0	0.746509262535845	0.546834036818721
TCGA-61-2002-01	0	0.0156147147641168	0.0154259792410356
TCGA-61-2003-01	1	3.13410034591399e-08	1
TCGA-61-2008-01	0	0.522216650140033	0.0120977213742792
TCGA-61-2008-02	0.510400590364215	3.13410034591399e-08	0.510400590364215
TCGA-61-2009-01	1	3.13410034591399e-08	1
TCGA-61-2012-01	0	0.67106466611191	0.049438489880131
TCGA-61-2016-01	1	3.13410034591399e-08	1
TCGA-61-2018-01	0	0.847942477223631	0.799653951443947
TCGA-61-2087-01	0	0.668323738650757	0.088654547330447
TCGA-61-2088-01	0	0.485498878101768	0.485095770114742
TCGA-61-2095-01	0.000113360409662018	0.154289033566622	0.154402362635281
TCGA-61-2095-02	0	0.515494004889134	0.0203502463700614
TCGA-61-2096-01	0	0.853488424498097	0.598536914201778
TCGA-61-2097-01	1	3.13410034591399e-08	1
TCGA-61-2098-01	0	0.633811244982815	0.168075000776473
TCGA-61-2101-01	0	0.962710254647847	0.0593166413864908
TCGA-61-2104-01	0	0.275559379715156	0.207860210850362
TCGA-61-2109-01	0	0.850640906284037	0.369331160733183
TCGA-61-2110-01	1	3.13410034591399e-08	1
TCGA-61-2111-01	0	0.603767038183967	0.217896446378379
TCGA-61-2113-01	0.144754348117626	0.113428074888576	0.258182391665199
TCGA-61-2610-02	0.452308379302489	3.13410034591399e-08	0.452308379302489
TCGA-61-2611-02	0.0184728262373593	0.349450277231548	0.367923072127903
TCGA-61-2612-01	0	0.300036766131207	0.29981396293732
TCGA-61-2613-01	0	0.988594820780076	0.0293707513156248
TCGA-61-2614-01	1	3.13410034591399e-08	1
TCGA-72-4231-01	0	0.6186101687829	0.0963600151101246
TCGA-72-4232-01	1	3.13410034591399e-08	1
TCGA-72-4233-01	1	3.13410034591399e-08	1
TCGA-72-4234-01	0	0.160469542138966	0.160315187696725
TCGA-72-4235-01	0	0.999834832911551	0.129059118315516
TCGA-72-4236-01	0.482385525496016	3.13410034591399e-08	0.482385525496016
TCGA-72-4237-01	0	0.485498878101768	0.399134449238121
TCGA-72-4238-01	1	3.13410034591399e-08	1
TCGA-72-4240-01	0	0.248256539151511	0.244721618707671
TCGA-72-4241-01	0	0.258856442627488	0.258688799599763
TCGA-OY-A56P-01	0	0.121698495597357	0.0179150503980574
TCGA-OY-A56Q-01	0	0.423880020621127	0.0153156275677097
TCGA-VG-A8LO-01	1	3.13410034591399e-08	1
TCGA-WR-A838-01	1	3.13410034591399e-08	1
