Sample	percent	start	end
TCGA-04-1331-01	4.51681516429769e-05	0.425531254849316	0.425576411720201
TCGA-04-1332-01	1.04008580956106e-05	0.621374641029386	0.621385030606725
TCGA-04-1335-01	0.000804577442465544	0.133657535525473	0.134462101687182
TCGA-04-1336-01	4.07122525673086e-05	0.359483797967415	0.359524498939225
TCGA-04-1338-01	0.0803730821641167	0.0438946444063937	0.124267715289753
TCGA-04-1341-01	0.000262288884578136	0.499781706068321	0.500043983672142
TCGA-04-1342-01	0.232743126375209	1.12807571062135e-08	0.232743126375209
TCGA-04-1343-01	0.000310220821723742	0.305532211908752	0.305842421449719
TCGA-04-1346-01	0.00142364283354029	0.0952802191968435	0.0967038507496266
TCGA-04-1347-01	5.07634071911578e-07	0.426044360088447	0.426044856441761
TCGA-04-1348-01	0.00337901543627223	0.119087264462867	0.122466268618382
TCGA-04-1351-01	2.60585490247943e-06	0.517542773134092	0.517545367708237
TCGA-04-1353-01	0.000891236218919427	0.435038394959433	0.435929619897595
TCGA-04-1356-01	6.0126435628638e-06	0.0809987580788835	0.0810047594416892
TCGA-04-1357-01	0.129346526494686	0.870653484786072	1
TCGA-04-1360-01	0.601991660542344	0.398008350738414	1
TCGA-04-1362-01	0.955535699918864	0.0444643113618929	1
TCGA-04-1364-01	5.48131990092968e-05	0.3573211640135	0.357375965931752
TCGA-04-1365-01	3.35151295033177e-05	0.0736880039480845	0.0737215077968306
TCGA-04-1371-01	6.07920003006999e-05	0.0331960871294998	0.0332568678490435
TCGA-04-1514-01	4.32165806554057e-05	0.324319083345528	0.324362288645426
TCGA-04-1517-01	1	1.12807571062135e-08	1
TCGA-04-1519-01	3.76326058643783e-05	0.687288951134603	0.68732657245971
TCGA-04-1525-01	8.07250981910945e-05	0.205160174793978	0.205240888611412
TCGA-04-1530-01	0.255991277808815	0.744008733471942	1
TCGA-04-1536-01	1.95157098757118e-06	0.00026583104232436	0.000267771332554734
TCGA-04-1542-01	0.000469493831975288	0.437607294101477	0.438076776652695
TCGA-04-1638-01	4.3318107469788e-06	0.334625104115748	0.334629424645738
TCGA-04-1644-01	0.000142532366635618	0.422872617284114	0.423015138369993
TCGA-04-1646-01	4.79883409313745e-05	0.199868303928686	0.19991628098886
TCGA-04-1648-01	0.000347909831373888	0.0464227523305706	0.0467706508811874
TCGA-04-1649-01	0.000191242676024822	0.694401942311742	0.69459317370701
TCGA-04-1651-01	8.37032180796424e-05	0.853136318970718	0.853220010908041
TCGA-04-1654-01	0.0003507751436909	0.319078404556199	0.319429168419132
TCGA-09-0367-01	2.82018928839766e-06	0.407870383468583	0.407873192377114
TCGA-09-0369-01	0.000370753364609909	0.308872827647674	0.309243569731527
TCGA-09-1659-01	1.27472555835574e-06	0.723903028716341	0.723904292161142
TCGA-09-1661-01	1.53643912431904e-05	0.869836069841965	0.869851422952451
TCGA-09-1662-01	5.4147634337235e-07	0.448527371606596	0.448527901802182
TCGA-09-1665-01	0.000172821199593008	0.168420813123293	0.168593623042129
TCGA-09-1666-01	2.46371736234419e-05	0.194240525957631	0.194265151850498
TCGA-09-1668-01	1.52290221573473e-06	0.942417025406025	0.942418537027483
TCGA-09-1673-01	1	1.12807571062135e-08	1
TCGA-09-1674-01	2.70738171686175e-07	0.839725078021101	0.839725337478515
TCGA-09-1675-01	4.3318107469788e-06	0.334625104115748	0.334629424645738
TCGA-09-2044-01	0.642678847267257	0.3573211640135	1
TCGA-09-2050-01	2.43100316659878e-05	0.0736200712285056	0.0736443699794144
TCGA-09-2051-01	0.000252068518596982	0.114462695506238	0.114714752744078
TCGA-09-2053-01	0.0996134851614951	0.862402423142735	0.962015897023473
TCGA-09-2054-01	6.14801264870689e-06	0.551176745414023	0.551182882145914
TCGA-09-2055-01	4.94661201184949e-05	0.0566834921415764	0.0567329469809378
TCGA-10-0925-01	2.61713565963302e-06	0.331534853501094	0.331537459355996
TCGA-10-0928-01	0.957163050665084	0.042836960615673	1
TCGA-10-0931-01	0.000154512530732731	0.584147691192251	0.584302192442227
TCGA-10-0933-01	1.30518360267043e-05	0.247865737150326	0.247878777705596
TCGA-10-0934-01	2.1659053734894e-06	0.16901886246379	0.169021017088407
TCGA-10-0935-01	1.06828770244503e-05	0.042836960615673	0.0428476322119403
TCGA-10-0936-01	9.24570856308287e-05	0.53412595994167	0.534218405746544
TCGA-10-0937-01	0.00338022247728766	0.479948950512807	0.483329161709338
TCGA-13-0714-01	0.181508341465631	0.818491669815126	1
TCGA-13-0717-01	1.69211357303859e-07	0.783282937678825	0.783283095609426
TCGA-13-0720-01	8.34776029365706e-06	0.0623369902389413	0.0623453267184778
TCGA-13-0723-01	0.468672919996464	1.12807571062135e-08	0.468672919996464
TCGA-13-0725-01	0.0324070094473634	0.153178096126761	0.185585094293367
TCGA-13-0727-01	2.53817035955789e-06	0.175877461286359	0.175879988175962
TCGA-13-0730-01	0.0920512603922283	0.345090521984549	0.43714177109602
TCGA-13-0751-01	0.281557636118241	0.718442375162516	1
TCGA-13-0755-01	1.16078991110448e-05	0.256157714099859	0.256169310718213
TCGA-13-0757-01	0.000106061678758059	0.295563316566067	0.295669366964068
TCGA-13-0758-01	0.00171958221670759	0.172387680095596	0.174107251031546
TCGA-13-0760-01	0.515237527848241	1.12807571062135e-08	0.515237527848241
TCGA-13-0761-01	3.66624607491695e-06	0.155040797309476	0.155044452274794
TCGA-13-0762-01	0.00132212729991513	0.379704600288255	0.381026716307413
TCGA-13-0764-01	0.389132594606183	0.094493927861724	0.483626511187149
TCGA-13-0766-01	3.33910411746282e-06	0.165176253031534	0.165179580854895
TCGA-13-0791-01	6.64436596346488e-05	0.19694946441898	0.197015896797858
TCGA-13-0791-02	5.54223598955907e-05	0.169422600762318	0.169478011841456
TCGA-13-0792-01	0.444453145668462	1.12807571062135e-08	0.444453145668462
TCGA-13-0793-01	0.000323825414850972	0.301998108623133	0.302321922757226
TCGA-13-0794-01	0.000845515310175924	0.308915243294571	0.30976074732399
TCGA-13-0797-01	7.46786123567699e-06	0.241425112941813	0.241432569522291
TCGA-13-0799-01	0.000119045830241842	0.896002654678019	0.896121689227504
TCGA-13-0800-01	3.74069907213065e-05	0.318003664260662	0.318041059970626
TCGA-13-0801-01	2.96007067710218e-05	0.514709193586953	0.514738783012967
TCGA-13-0804-01	3.04580443146947e-06	0.929523266629314	0.929526301152988
TCGA-13-0883-01	0.221417122104675	0.375683258539657	0.597100369363575
TCGA-13-0884-01	1.76543849453693e-05	0.485824307261112	0.4858419503653
TCGA-13-0885-01	7.63707259298085e-06	0.40372243778245	0.403730063574286
TCGA-13-0886-01	0.284008267802287	0.71599174347847	1
TCGA-13-0887-01	0.158300936126864	0.0536552405682379	0.211956165414345
TCGA-13-0888-01	1.06828770244503e-05	0.042836960615673	0.0428476322119403
TCGA-13-0889-01	0.127131132439563	0.872868878841194	1
TCGA-13-0890-01	0.000306892998363433	0.639941278244252	0.640248159961858
TCGA-13-0891-01	1	1.12807571062135e-08	1
TCGA-13-0899-01	4.36565301843957e-06	0.866496412967402	0.866500767339663
TCGA-13-0900-01	0.368523102516859	0.18445257395969	0.552975665195791
TCGA-13-0901-01	1.00285931095421e-05	0.863539455779274	0.863549473091626
TCGA-13-0904-01	0.97048128177197	0.0295187295087866	1
TCGA-13-0905-01	1.74626120737583e-05	0.520387396542484	0.520404847873801
TCGA-13-0910-01	2.29337792932497e-05	0.377323661121904	0.37734658362044
TCGA-13-0911-01	1.27923786121718e-05	0.744651747910454	0.744664529008309
TCGA-13-0912-01	0.000766651536915172	0.647881092516964	0.648647732773122
TCGA-13-0913-01	2.82018928839766e-07	0.47838745682685	0.478387727565022
TCGA-13-0913-02	1.55787256291086e-05	0.973904991568085	0.973920559012957
TCGA-13-0916-01	0.999230009358967	0.000770001921789776	1
TCGA-13-0920-01	1.06828770244503e-05	0.042836960615673	0.0428476322119403
TCGA-13-0921-01	2.5268896024043e-06	0.256155198491014	0.256157714099859
TCGA-13-0923-01	0.0978655544020605	0.902134456878697	1
TCGA-13-0924-01	0.00317896248891045	0.964672244594972	0.967851195803125
TCGA-13-1403-01	0.000265729515509981	0.00946425067141943	0.00972996890617217
TCGA-13-1407-01	0.000271144278943704	0.618666255325138	0.618937388323324
TCGA-13-1408-01	6.4480807889924e-05	0.200706283693083	0.200770753220216
TCGA-13-1409-01	2.01925553049272e-05	0.820329970720118	0.820350151994666
TCGA-13-1411-01	0.160355184566047	0.83964482671471	1
TCGA-13-1412-01	7.19035460969866e-05	0.136965166330478	0.137037058595817
TCGA-13-1477-01	2.47161389235171e-05	0.327537754099619	0.327562458957785
TCGA-13-1481-01	2.43664354517557e-06	0.637738157652913	0.637740583015701
TCGA-13-1482-01	2.39039244084585e-05	0.00604325953777862	0.00606715218142995
TCGA-13-1485-01	0.000119711394913904	0.404832024336835	0.404951724450991
TCGA-13-1487-01	0.00396371964105714	0.346509844288099	0.350473552648399
TCGA-13-1488-01	0.169749979615672	2.97247950996615e-05	0.169779693130014
TCGA-13-1489-01	5.90322021847397e-05	0.195935471000716	0.195994491922143
TCGA-13-1489-02	9.08100950864045e-06	0.702222033908783	0.702231103637534
TCGA-13-1491-01	5.67083662111001e-05	0.788867262173324	0.788923959258778
TCGA-13-1495-01	4.41077604705393e-05	0.285598267961571	0.285642364441285
TCGA-13-1496-01	2.06437855910708e-06	0.0717329810488243	0.0717350341466263
TCGA-13-1497-01	0.170845984138443	8.40416407943412e-06	0.170854377021766
TCGA-13-1498-01	0.00176841661442548	0.00681575450689942	0.00858415984056771
TCGA-13-1499-01	0.00222492629491699	0.99777508498584	1
TCGA-13-1500-01	3.7226498606849e-07	0.551141064379146	0.551141425363375
TCGA-13-1501-01	0.81002076877638	0.189979242504377	1
TCGA-13-1504-01	2.61713565963302e-06	0.655456211191657	0.65545881704656
TCGA-13-1505-01	6.80229656361515e-06	0.496235272915132	0.496242063930939
TCGA-13-1506-01	4.51230286143625e-08	0.651779169432144	0.651779203274416
TCGA-13-1507-01	2.21892493211128e-05	0.00681575450689942	0.00683793247546338
TCGA-13-1509-01	4.62962273583359e-05	0.258777500737423	0.258823785684024
TCGA-13-1510-01	0.268066888392205	0.731933122888553	1
TCGA-13-1512-01	0.327612669607876	0.0459642008330343	0.373576859160153
TCGA-13-1819-01	0.00176315978159191	0.730949846972017	0.732712995472852
TCGA-13-1819-02	0.00109022877510877	0.800911196390627	0.802001413884979
TCGA-13-2057-01	6.88126186369028e-06	0.0830347316914778	0.0830416016725843
TCGA-13-2059-01	0.00014002803854752	0.0810420987478675	0.0811821155056579
TCGA-13-2060-01	4.85072557604397e-06	0.344621975736174	0.344626815180993
TCGA-13-2061-01	9.7217565149644e-05	0.849740055256758	0.849837261541151
TCGA-13-2071-01	0.000567027258325233	0.032468827996565	0.0330358439741332
TCGA-13-A5FT-01	0.00943985039369617	0.872664945313371	0.88210478442631
TCGA-13-A5FU-01	7.54908268718284e-05	0.740662894742459	0.740738374288573
TCGA-20-0990-01	4.10055522533019e-05	0.0809987580788835	0.0810397523503796
TCGA-20-0991-01	7.82884546459189e-06	0.368264795739556	0.368272613304263
TCGA-20-0996-01	5.47116721949145e-06	0.264865386950501	0.264870846836964
TCGA-20-1682-01	0.252038353852354	1.12807571062135e-08	0.252038353852354
TCGA-20-1684-01	5.18914829065169e-06	0.384106080991414	0.384111258858948
TCGA-20-1685-01	9.73529342354871e-06	0.810621209637394	0.810630933650061
TCGA-20-1686-01	2.52237729954286e-05	0.549201981189744	0.549227193681982
TCGA-20-1687-01	4.94548393613413e-05	0.958546455037858	0.958595898596462
TCGA-23-1021-01	0.00051986241266607	0.00256270600636699	0.00308255713827588
TCGA-23-1022-01	0.142574353613743	0.0927594776070879	0.235333819940074
TCGA-23-1023-01	4.30248077837946e-05	0.827176160709818	0.827219174236844
TCGA-23-1026-01	0.000447744532183165	0.0444289574689736	0.0448766907203996
TCGA-23-1027-01	1.50485300428899e-05	0.490646469960043	0.490661507209329
TCGA-23-1029-01	0.22787621291265	0.772123798368108	1
TCGA-23-1031-01	0.0472261227320207	1.12807571062135e-08	0.0472261227320206
TCGA-23-1032-01	6.75717353500078e-06	0.205160174793978	0.205166920686756
TCGA-23-1109-01	2.53817035955789e-06	0.175877461286359	0.175879988175962
TCGA-23-1110-01	0.00022931523141819	0.217057718625699	0.21728702257636
TCGA-23-1111-01	1.63909401441672e-05	0.158345066448849	0.158361446108236
TCGA-23-1114-01	3.71249717924667e-05	0.956318460376995	0.95635557406803
TCGA-23-1116-01	9.1374132944084e-07	0.205163637986425	0.205164540446997
TCGA-23-1117-01	0.000235203786652364	0.137800371028615	0.13803556353451
TCGA-23-1119-01	0.00275053061297423	0.25514215265635	0.257892671988567
TCGA-23-1120-01	1.88050221750356e-05	0.322520919374488	0.322539713115906
TCGA-23-1121-01	3.28608455884095e-05	0.195580499415363	0.195613348980195
TCGA-23-1122-01	4.10055522533019e-05	0.0809987580788835	0.0810397523503796
TCGA-23-1123-01	0.0203839220692807	0.0966940703331745	0.117077981121698
TCGA-23-1124-01	0.37871307813824	0.621286933142517	1
TCGA-23-1809-01	7.16328079253004e-06	0.89347895752989	0.893486109529925
TCGA-23-2072-01	0.0033428042058092	0.558064865978062	0.561407658903114
TCGA-23-2077-01	7.10687700676209e-06	0.611326148664225	0.611333244260475
TCGA-23-2078-01	1.06828770244503e-05	0.042836960615673	0.0428476322119403
TCGA-23-2079-01	0.00229722466751435	0.385408715142968	0.387705928529725
TCGA-23-2081-01	0.00466150215554964	0.215187019386162	0.219848510260954
TCGA-23-2084-01	0.0960756705067718	0.0550589390231306	0.151134598249145
TCGA-23-2641-01	3.33910411746282e-06	0.398895108496743	0.398898436320103
TCGA-23-2643-01	4.67023346158652e-06	0.128598375399502	0.128603034352207
TCGA-23-2645-01	0.00282757818433326	0.0242322621261709	0.027059829029747
TCGA-24-0970-01	1.81845805315881e-05	0.400883105049163	0.400901278348938
TCGA-24-0979-01	4.67023346158652e-06	0.200706283693083	0.200710942645788
TCGA-24-0980-01	3.58164039626502e-05	0.337666227032999	0.337702032156204
TCGA-24-0982-01	0.00145636831004286	0.488942771049408	0.490399128078693
TCGA-24-1103-01	6.2608202202428e-06	0.235538035486825	0.235544285026288
TCGA-24-1413-01	2.36895900225403e-06	0.345088164306304	0.345090521984549
TCGA-24-1417-01	0.000914282805784213	0.0463118512069937	0.0472261227320206
TCGA-24-1419-01	2.44679622661381e-05	0.880091282081966	0.880115738763475
TCGA-24-1422-01	4.73791800450806e-07	0.0328907847178951	0.0328912472289384
TCGA-24-1423-01	5.48131990092968e-05	0.3573211640135	0.357375965931752
TCGA-24-1424-01	1.69211357303859e-07	0.64131166462327	0.64131182255387
TCGA-24-1425-01	4.37693377559316e-06	0.205160174793978	0.205164540446997
TCGA-24-1426-01	4.51230286143625e-08	0.651779169432144	0.651779203274416
TCGA-24-1427-01	4.98609466188705e-06	0.124480673423299	0.124485648237203
TCGA-24-1428-01	0.0729363332566693	0.581530284794446	0.654466606770359
TCGA-24-1430-01	0.297724089195052	0.702275922085706	1
TCGA-24-1431-01	2.46033313519811e-05	0.145626982903291	0.145651574953885
TCGA-24-1435-01	0.000190915534067368	0.0274143719463272	0.0276052761996375
TCGA-24-1436-01	1.57930600150269e-07	0.0722391034992773	0.0722392501491204
TCGA-24-1463-01	2.38023975940762e-05	0.372391826901926	0.372415618018762
TCGA-24-1464-01	0.296484638564315	0.703515372716442	1
TCGA-24-1466-01	4.62962273583359e-05	0.258777500737423	0.258823785684024
TCGA-24-1467-01	1.61427634867882e-05	0.40098512821686	0.40100125969959
TCGA-24-1469-01	0.00280368554068195	0.839116029942378	0.841919704202303
TCGA-24-1470-01	7.89653000751344e-07	0.593592990191652	0.593593768563896
TCGA-24-1471-01	4.36565301843957e-06	0.866496412967402	0.866500767339663
TCGA-24-1474-01	0.00657483137637014	0.211646531191993	0.218221351287606
TCGA-24-1544-01	3.7339306178385e-06	0.163955810476602	0.163959533126462
TCGA-24-1545-01	0.00171045608417033	0.264662886078837	0.26637333088225
TCGA-24-1546-01	0.54341282070685	0.456587190573908	1
TCGA-24-1549-01	0.0174528654995776	0.370924189115486	0.388377043334307
TCGA-24-1550-01	0.000147247723125818	0.105987428814474	0.106134665256843
TCGA-24-1551-01	0.000969174970093585	0.293159894850709	0.294129058540045
TCGA-24-1553-01	1.62781325726313e-05	0.746238702265307	0.746254969117122
TCGA-24-1556-01	4.01030916810147e-05	0.582794248510478	0.582834340321401
TCGA-24-1557-01	0.134291525358262	1.12807571062135e-08	0.134291525358262
TCGA-24-1563-01	3.62112304630259e-06	0.0291654500370077	0.0291690598792969
TCGA-24-1564-01	3.13943471584427e-05	0.782351395314596	0.782382778380997
TCGA-24-1565-01	3.38422714607719e-07	0.588112629155081	0.588112956297038
TCGA-24-1604-01	3.76326058643783e-05	0.687288951134603	0.68732657245971
TCGA-24-1614-01	0.433902219660437	0.56609779162032	1
TCGA-24-1842-01	1.41009464419883e-05	0.362587472683083	0.362601562348767
TCGA-24-1844-01	0.54057250654769	0.459427504733067	1
TCGA-24-1845-01	0.263268652179196	0.0962558580407861	0.359524498939225
TCGA-24-1846-01	0.000663793593188733	0.830967047870525	0.831630830182956
TCGA-24-1847-01	0.303742643874664	0.696257367406093	1
TCGA-24-1849-01	0.56234630814435	0.437653703136407	1
TCGA-24-1852-01	5.48131990092968e-05	0.3573211640135	0.357375965931752
TCGA-24-1920-01	5.54223598955907e-05	0.169422600762318	0.169478011841456
TCGA-24-1923-01	6.18298299588302e-05	0.422702875731224	0.422764694280426
TCGA-24-1924-01	0.000101583218168084	0.36633404902969	0.366435620967101
TCGA-24-1927-01	0.00182579054530864	0.627604281236857	0.629430060501408
TCGA-24-1928-01	3.39550790323078e-06	0.0349163010686081	0.0349196852957542
TCGA-24-1930-01	1	1.12807571062135e-08	1
TCGA-24-2019-01	1.64135016584744e-05	0.145605842764385	0.145622244985286
TCGA-24-2020-01	0.553998209427979	1.12807571062135e-08	0.553998209427979
TCGA-24-2023-01	0.00105645418819092	0.512707637564434	0.513764080471868
TCGA-24-2024-01	3.86817162796622e-05	0.121054470579853	0.121093141015375
TCGA-24-2026-01	1.06828770244503e-05	0.042836960615673	0.0428476322119403
TCGA-24-2027-01	1.52290221573473e-06	0.68066732717756	0.680668838799018
TCGA-24-2030-01	6.33978552031793e-06	0.638717835007917	0.63872416351268
TCGA-24-2033-01	3.42935017469155e-06	0.38339173832542	0.383395156394838
TCGA-24-2035-01	0.0691668795345542	0.707318172356703	0.7764850406105
TCGA-24-2038-01	2.93863723851036e-05	0.411304020330993	0.411333395422621
TCGA-24-2254-01	0.266681126341186	0.733318884939571	1
TCGA-24-2267-01	9.52095903763048e-06	0.398305485881839	0.39831499556012
TCGA-24-2288-01	1.14161262394337e-05	0.204300152430103	0.204311557275585
TCGA-24-2289-01	0.0524850989094531	0.0102881746124034	0.0627732622410992
TCGA-24-2290-01	6.25743599309672e-05	0.102539375144422	0.102601938223596
TCGA-24-2293-01	0.000131093678881877	0.925952895709445	0.92608397810757
TCGA-24-2297-01	3.16538045729753e-05	0.446876613289282	0.446908255813098
TCGA-24-2298-01	3.97308266949462e-05	0.396088027448158	0.396127746994096
TCGA-25-1313-01	0.529970941220803	0.444979505797249	0.974950435737294
TCGA-25-1314-01	0.0702648130667988	8.40416407943412e-06	0.0702732059501211
TCGA-25-1316-01	4.38821453274675e-05	0.951183606370523	0.951227477235094
TCGA-25-1318-01	0.000177626802140438	0.508793068182295	0.508970683703678
TCGA-25-1319-01	2.5268896024043e-06	0.88832027856431	0.888322794173155
TCGA-25-1322-01	4.67023346158652e-06	0.200706283693083	0.200710942645788
TCGA-25-1323-01	7.43401896421622e-06	0.515598850499871	0.515606273238078
TCGA-25-1329-01	0.000466448027543819	0.0558591846548492	0.0563256214016359
TCGA-25-1623-01	4.85072557604397e-07	0.942156800900006	0.942157274691806
TCGA-25-1626-01	7.77244167882394e-06	0.873181006110876	0.873188767271798
TCGA-25-1627-01	0.000229540846561262	0.437540162315656	0.43776969188146
TCGA-25-1628-01	2.1659053734894e-06	0.16901886246379	0.169021017088407
TCGA-25-1630-01	0.024474640474373	0.268398587775549	0.292873216969165
TCGA-25-1633-01	0.000630301025199722	0.515415989426411	0.516046279170854
TCGA-25-1635-01	4.73791800450806e-07	0.974211963531749	0.974212426042792
TCGA-25-1870-01	1.33564164698513e-05	0.00486637198621598	0.0048797171219287
TCGA-25-1871-01	1.43491230993673e-05	0.226863246043286	0.226877583885628
TCGA-25-1877-01	7.27270413691987e-05	0.348277482530281	0.348350198290893
TCGA-25-1878-01	0.0805043676158702	0.304076125617638	0.384580481952751
TCGA-25-2042-01	0.0294699740763688	5.02106500905874e-05	0.0295201734457023
TCGA-25-2391-01	0.000896729947653226	0.0673338918661815	0.0682306105330776
TCGA-25-2392-01	1.66955205873141e-06	0.000266113061253237	0.000267771332554734
TCGA-25-2396-01	3.95728960947959e-05	0.0663328938801576	0.0663724554954953
TCGA-25-2397-01	9.73529342354871e-06	0.329483312443627	0.329493036456294
TCGA-25-2399-01	6.0126435628638e-06	0.0809987580788835	0.0810047594416892
TCGA-25-2400-01	9.1374132944084e-07	0.205163637986425	0.205164540446997
TCGA-25-2401-01	0.391119891751659	0.608880119529098	1
TCGA-25-2404-01	4.06107257529262e-06	0.25642316159644	0.256427211388258
TCGA-25-2408-01	9.1374132944084e-07	0.205163637986425	0.205164540446997
TCGA-29-1688-01	6.76845429215437e-08	0.143905979311182	0.143906035714967
TCGA-29-1691-01	7.80177164742327e-05	0.216612986055676	0.216690992491393
TCGA-29-1692-02	0.00672285747173956	0.12684361978199	0.133566465972972
TCGA-29-1693-01	1	1.12807571062135e-08	1
TCGA-29-1695-01	0.00179762249469613	0.023751848521271	0.0255494597352099
TCGA-29-1697-01	7.58292495864362e-05	0.0522026513118415	0.0522784692806708
TCGA-29-1698-01	0.000195608329043261	0.17276277655171	0.172958373599996
TCGA-29-1699-01	0.00181822115725858	0.348504079099225	0.350322288975727
TCGA-29-1701-01	6.03520507717098e-06	0.952711957191963	0.952717981116283
TCGA-29-1702-01	4.62962273583359e-05	0.258777500737423	0.258823785684024
TCGA-29-1703-01	1.57930600150269e-07	0.43589761638955	0.435897763039393
TCGA-29-1704-02	0.00347168685628897	0.511765852272709	0.515237527848241
TCGA-29-1705-01	0.0222140669868507	0.700880221687635	0.723094277393728
TCGA-29-1705-02	0.0221398283240229	0.700880221687635	0.7230200387309
TCGA-29-1707-02	7.90781076466703e-06	0.358796630645404	0.358804527175412
TCGA-29-1711-01	0.00807182169292308	0.666046710095777	0.674118520507943
TCGA-29-1762-01	7.60323032152008e-06	0.0339038079910448	0.0339113999406091
TCGA-29-1763-01	0.665132291920907	5.02106500905874e-05	0.66518249129024
TCGA-29-1766-01	6.38603662464765e-05	0.349848181314076	0.349912030399565
TCGA-29-1769-01	1.21155331829563e-05	0.445468052828056	0.445480157080482
TCGA-29-1770-01	0.957605098414905	1.12807571062135e-08	0.957605098414905
TCGA-29-1770-02	0.00234524685071718	1.12807571062135e-08	0.00234524685071713
TCGA-29-1771-01	6.0126435628638e-06	0.0809987580788835	0.0810047594416892
TCGA-29-1777-01	0.00177975377536484	0.461490089651787	0.463269832146395
TCGA-29-1778-01	3.609842289149e-07	0.124907165009005	0.124907514712476
TCGA-29-1781-01	4.46717983282189e-05	0.70621309810518	0.706257758622751
TCGA-29-1784-01	5.07634071911578e-07	0.426044360088447	0.426044856441761
TCGA-29-1785-01	1.06828770244503e-05	0.042836960615673	0.0428476322119403
TCGA-29-2425-01	1.06828770244503e-05	0.042836960615673	0.0428476322119403
TCGA-29-2428-01	0.00547021963589055	0.713310815137134	0.718781023492267
TCGA-29-2429-01	9.96090856662052e-06	0.445468052828056	0.445478002455866
TCGA-29-2431-01	1	1.12807571062135e-08	1
TCGA-29-2432-01	5.31323661934118e-06	0.540271445700775	0.540276747656637
TCGA-29-2434-01	0.0768381666639818	1.12807571062135e-08	0.0768381666639818
TCGA-30-1718-01	0.108453052624777	0.2677466051351	0.37619964647912
TCGA-30-1856-01	0.00157090183742326	0.100812449154807	0.102383339711473
TCGA-30-1857-01	5.8005653283763e-05	0.334625104115748	0.334683098488275
TCGA-30-1860-01	8.50005051523053e-05	0.105666344623611	0.105751333848007
TCGA-30-1861-01	0.635928182729134	0.364071828551623	1
TCGA-30-1862-01	0.000438528153588682	0.207725610743577	0.208164127616408
TCGA-30-1867-01	7.64835335013444e-05	0.515529800985334	0.515606273238078
TCGA-30-1880-01	0.000152831697916846	0.595779753685119	0.595932574102279
TCGA-30-1887-01	1.16191798681983e-05	0.49609359788604	0.496105205785151
TCGA-30-1891-01	0.181962809329078	0.336986719345095	0.518949517393416
TCGA-30-1892-01	2.92171610277997e-06	0.97390208113274	0.973904991568085
TCGA-31-1944-01	0.000617689138702008	0.0565351389042495	0.0571528167621944
TCGA-31-1946-01	9.54352055193767e-06	0.492681552392822	0.492691084632617
TCGA-31-1950-01	1.06828770244503e-05	0.042836960615673	0.0428476322119403
TCGA-31-1951-01	2.46935774092099e-05	0.0548747919433554	0.0548994742400075
TCGA-31-1953-01	1.66955205873141e-06	0.000266113061253237	0.000267771332554734
TCGA-31-1956-01	0.00017449075165174	0.146355076812255	0.146529556283149
TCGA-31-1959-01	0.0118338865191026	0.213382662279445	0.22521653751779
TCGA-36-1570-01	0.000104324442156406	0.134187212196863	0.134291525358262
TCGA-36-1574-01	0.203188964008203	1.12807571062135e-08	0.203188964008203
TCGA-36-1577-01	0.257585948201561	0.742414063079196	1
TCGA-36-1578-01	0.000619426375303661	0.526069389832419	0.526688804926965
TCGA-36-1580-01	5.30195586218759e-07	0.0294847857105115	0.0294853046253406
TCGA-36-1581-01	0.976586743404694	0.0234132678760631	1
TCGA-36-2529-01	1.50034070142755e-06	0.849835772481207	0.849837261541151
TCGA-36-2530-01	7.55810729290572e-07	0.000263800506036693	0.000264545036008812
TCGA-36-2532-01	3.63240380345618e-06	0.399741187844777	0.399744808967823
TCGA-36-2533-01	9.48711676616971e-06	0.0374643420906754	0.0374738179266844
TCGA-36-2534-01	0.000315500216071623	0.588583612047	0.588899100982315
TCGA-36-2537-01	0.000175054789509419	0.877245304982715	0.877420348491467
TCGA-36-2538-01	2.25615143071812e-06	0.341230303290376	0.341232548161049
TCGA-36-2540-01	1.16868644111199e-05	0.540266425763841	0.540278101347496
TCGA-36-2542-01	6.47177037901494e-05	0.280974353288857	0.28103905971189
TCGA-36-2543-01	4.06107257529262e-07	0.258921048372203	0.258921443198703
TCGA-36-2544-01	1.15063722966624e-06	0.540282726457928	0.540283865814401
TCGA-36-2545-01	0.318205804148097	0.68179420713266	1
TCGA-36-2547-01	0.477945950553373	0.522054060727384	1
TCGA-36-2548-01	7.55810729290572e-07	0.000263800506036693	0.000264545036008812
TCGA-36-2549-01	0.000141945767263631	0.0674843997281247	0.0676263342146312
TCGA-36-2551-01	0.00163811258854435	0.678560814990484	0.680198916298271
TCGA-36-2552-01	0.272071072109172	1.12807571062135e-08	0.272071072109172
TCGA-3P-A9WA-01	0.00763418471914953	0.211686871179574	0.219321044617967
TCGA-42-2587-01	1.20929716686491e-05	0.401721332990218	0.401733414681129
TCGA-42-2589-01	0.000189370070337326	0.00319641382022706	0.00338577260980721
TCGA-42-2590-01	7.3437729069875e-06	0.814175945427848	0.814183277919998
TCGA-42-2591-01	1.14386877537409e-05	0.410961198121095	0.410972625528092
TCGA-42-2593-01	5.56141327672018e-05	0.0328907847178951	0.0329463875699052
TCGA-57-1583-01	0.39889789484376	1.12807571062135e-08	0.39889789484376
TCGA-57-1584-01	6.0126435628638e-06	0.0809987580788835	0.0810047594416892
TCGA-57-1585-01	2.16477729777404e-05	0.0378708892977336	0.0378925257899542
TCGA-57-1586-01	4.04979181813903e-06	0.48913842450148	0.489142463012541
TCGA-57-1992-01	1.41009464419883e-05	0.362587472683083	0.362601562348767
TCGA-57-1993-01	0.00382560933122573	0.119197285687386	0.123022883737855
TCGA-57-1994-01	0.000164349350970662	0.348420894795975	0.348585232866188
TCGA-59-2349-01	7.54908268718284e-05	0.740662894742459	0.740738374288573
TCGA-59-2350-01	2.09258045199106e-05	0.810239750834246	0.810260665358009
TCGA-59-2351-01	0.105215870148197	0.0259736274849421	0.131189486352382
TCGA-59-2352-01	5.48131990092968e-05	0.3573211640135	0.357375965931752
TCGA-59-2354-01	0.000303294436831437	0.00202499743588391	0.00232828059195822
TCGA-59-2363-01	0.000466876696315655	0.506588007300726	0.507054872716284
TCGA-59-A5PD-01	1.88388644464963e-05	0.211778820631133	0.211797648214822
TCGA-5X-AA5U-01	2.53140190526574e-05	0.707890151867419	0.707915454605714
TCGA-61-1722-01	0.665727712844988	2.97247950996615e-05	0.66575742635933
TCGA-61-1724-01	0.000537607043668668	0.483871664601611	0.484409260364523
TCGA-61-1727-01	1	1.12807571062135e-08	1
TCGA-61-1733-01	7.90781076466703e-06	0.358796630645404	0.358804527175412
TCGA-61-1734-01	0.00011297678289321	0.35342780245481	0.353540767956946
TCGA-61-1736-01	3.47447320330591e-06	0.244058673383861	0.244062136576307
TCGA-61-1737-01	0.00383146404418844	0.119197285687386	0.123028738450817
TCGA-61-1740-01	0.556748762602467	0.36504677926938	0.92179553059109
TCGA-61-1743-01	0.951396079431511	0.0486039318492459	1
TCGA-61-1895-01	0.69178520147861	0.240056666853025	0.931841857050877
TCGA-61-1899-01	0.00696954506917428	0.426077345022364	0.433046878810781
TCGA-61-1900-01	1.98654133474731e-05	0.725007945037263	0.725027799169854
TCGA-61-1903-01	4.51230286143625e-08	0.51869887025022	0.518698904092492
TCGA-61-1904-01	0.182993983340488	0.699221566840314	0.882215538900044
TCGA-61-1906-01	0.000937611411577838	0.411164184065317	0.412101784196138
TCGA-61-1907-01	1.14499685108945e-05	0.146529556283149	0.146540994970903
TCGA-61-1910-01	4.90825743752728e-05	0.0491879704893587	0.0492370417829769
TCGA-61-1911-01	0.00187412858971178	0.838146471426542	0.840020588735496
TCGA-61-1913-01	0.00346795292567114	0.480313804041426	0.48378174568634
TCGA-61-1916-02	3.87268393082766e-05	0.083001103754403	0.083039819312954
TCGA-61-1917-01	0.795618468187791	0.204381543092966	1
TCGA-61-1918-01	0.0916579567940684	0.770191923582527	0.861849869095838
TCGA-61-1919-01	9.73529342354871e-06	0.810621209637394	0.810630933650061
TCGA-61-1995-01	2.9566864499561e-05	0.201270896869378	0.20130045245312
TCGA-61-1998-01	3.63240380345618e-06	0.399741187844777	0.399744808967823
TCGA-61-2002-01	0.319223351004865	0.680776660275892	1
TCGA-61-2008-01	0.0641321986516066	0.527822712793773	0.591954900164622
TCGA-61-2008-02	0.472177298486984	0.527822712793773	1
TCGA-61-2009-01	3.28270033169487e-06	0.644269005357141	0.644272276776716
TCGA-61-2012-01	7.82884546459189e-06	0.826925231547693	0.826933049112401
TCGA-61-2016-01	0.330387498971759	0.669612512308998	1
TCGA-61-2018-01	0.340463933772389	0.659536077508368	1
TCGA-61-2087-01	1	1.12807571062135e-08	1
TCGA-61-2092-01	2.13995963203614e-05	0.205163637986425	0.205185026301988
TCGA-61-2094-01	5.09438993056152e-05	0.517544059140407	0.517594991758956
TCGA-61-2095-01	4.89584860465833e-06	0.782373708652246	0.782378593220094
TCGA-61-2095-02	7.32910792268783e-05	0.0801328245982595	0.0802061043967293
TCGA-61-2096-01	0.76028600870703	0.239714002573727	1
TCGA-61-2097-01	6.38490854893229e-06	0.369735727507084	0.369742101134876
TCGA-61-2098-01	2.82018928839766e-06	0.760255742435587	0.760258551344118
TCGA-61-2102-01	0.000418662740241209	0.255123505564775	0.255542157024259
TCGA-61-2109-01	0.542514511453195	0.457485499827562	1
TCGA-61-2111-01	1.06828770244503e-05	0.042836960615673	0.0428476322119403
TCGA-61-2610-02	1.81958612887417e-05	0.179528726515776	0.179546911096308
TCGA-61-2611-02	1.01526814382316e-07	0.451657206398102	0.45165729664416
TCGA-61-2612-01	5.56141327672018e-06	0.132791444114249	0.132796994246769
TCGA-61-2613-01	5.53433945955156e-05	0.215428213254863	0.215483545368701
TCGA-61-2614-01	0.0001134167324222	0.524381529104827	0.524494934556492
TCGA-72-4231-01	0.45210905712589	0.502549586485797	0.95465863233093
TCGA-72-4232-01	0.000101064303339018	0.0682306105330776	0.0683316635556594
TCGA-72-4233-01	2.14334385918222e-07	0.736820860628817	0.736821063682446
TCGA-72-4234-01	0.00660357474559749	0.211617787822766	0.218221351287606
TCGA-72-4235-01	2.9318687842182e-05	0.0234578155860626	0.0234871229931477
TCGA-72-4236-01	3.89186121798876e-06	0.19209357225616	0.192097452836621
TCGA-72-4237-01	4.85072557604397e-06	0.344621975736174	0.344626815180993
TCGA-72-4241-01	3.76326058643783e-05	0.687288951134603	0.68732657245971
TCGA-OY-A56Q-01	2.44792430232916e-06	0.702071063535796	0.702073500179341
TCGA-VG-A8LO-01	4.02723030383185e-06	0.132168137158485	0.132172153108031
