Sample	percent	start	end
TCGA-04-1331-01	0.189831597272256	0.810168414056186	1
TCGA-04-1332-01	2.08443332504998e-06	0.310125445275741	0.310127518380624
TCGA-04-1335-01	1.23933155304602e-05	0.654935011447164	0.654947393434252
TCGA-04-1336-01	0.651301187111967	0.348698824216475	1
TCGA-04-1337-01	2.4922572364728e-07	0.683030261259248	0.68303049915653
TCGA-04-1338-01	0.838572046715957	1.13284419622772e-08	0.838572046715957
TCGA-04-1341-01	0.00518101762759949	0.804572378956504	0.809753385255661
TCGA-04-1343-01	6.9556633781559e-06	0.0478077017817555	0.0478146461166916
TCGA-04-1346-01	0.920092523463922	0.0799074878645198	1
TCGA-04-1347-01	0.993065713391868	0.00693429793657419	1
TCGA-04-1348-01	4.43848356931837e-05	0.459193966399297	0.459238339906548
TCGA-04-1351-01	0.626204451280177	0.373795560048265	1
TCGA-04-1353-01	0.874710546978868	0.125289464349574	1
TCGA-04-1356-01	1	1.13284419622772e-08	1
TCGA-04-1360-01	0.761341911501486	0.236932189033814	0.998274089206859
TCGA-04-1361-01	0.0004250091579125	0.701607274817309	0.702032272646779
TCGA-04-1362-01	0.000388735486679837	0.50608057522022	0.506469299378458
TCGA-04-1364-01	1.92583513727443e-07	0.699764409189125	0.699764590444196
TCGA-04-1365-01	0.986316159687168	0.0136838516412737	1
TCGA-04-1367-01	0.00127576382246646	0.161926574657967	0.163202327151992
TCGA-04-1371-01	1.13284419839673e-05	0.993035262539815	0.993046579653357
TCGA-04-1514-01	0.584507379075226	1.13284419622772e-08	0.584507379075226
TCGA-04-1516-01	7.59005612925807e-07	0.0618794845903282	0.0618802322674992
TCGA-04-1517-01	2.10709020901791e-06	0.0875664322494824	0.0875685280112494
TCGA-04-1519-01	2.76413984408801e-06	0.0711126632587088	0.071115416070111
TCGA-04-1525-01	0.000667233904413688	0.901098940437227	0.901766163013199
TCGA-04-1530-01	0.372171389992581	0.627828621335861	1
TCGA-04-1536-01	0.803044376044822	0.19695563528362	1
TCGA-04-1542-01	0.968911209393653	0.0310888019347891	1
TCGA-04-1638-01	1.8691929273546e-06	0.831719642086485	0.83172149995097
TCGA-04-1644-01	5.97008892555075e-06	0.233525885127423	0.233531843887907
TCGA-04-1646-01	1.32769340052096e-05	0.778851310030094	0.778864575635657
TCGA-04-1649-01	0.000652110434365092	0.065609702638367	0.0662618017442901
TCGA-04-1651-01	0.471429499389805	0.0524393239584585	0.523868812019821
TCGA-04-1654-01	3.21048045825632e-05	0.842201894768018	0.842233988244159
TCGA-04-1655-01	1.64828830866724e-05	0.294571754985919	0.294588226540564
TCGA-09-0364-01	0.191708867378745	0.808291143949697	1
TCGA-09-0365-01	0.540259005794181	0.459741005534261	1
TCGA-09-0366-01	0.667650258641925	0.0799202323617517	0.747570479675234
TCGA-09-0367-01	0.194012925208538	0.426096076607094	0.62010899048719
TCGA-09-0369-01	0.994170768922078	0.00582924240636407	1
TCGA-09-1659-01	0.60625974359295	0.393740267735492	1
TCGA-09-1661-01	0.000645245398522807	0.569292171303443	0.569937405373524
TCGA-09-1662-01	9.18736644899745e-06	0.194571032231321	0.194580208269328
TCGA-09-1665-01	7.14598120348655e-05	0.0852473302487345	0.0853187787323274
TCGA-09-1666-01	0.10521961136375	0.348725038231226	0.453944638266535
TCGA-09-1667-01	4.75794563326625e-06	0.49828135073817	0.498286097355362
TCGA-09-1668-01	0.128377257781144	0.0324745649289199	0.160851811381622
TCGA-09-1669-01	0.0659787039791107	0.39566766619776	0.461646358848429
TCGA-09-1670-01	0.906178500538418	0.0938215107900238	1
TCGA-09-1672-01	4.83044766196364e-05	0.740925714058887	0.740974007207064
TCGA-09-1673-01	5.66422099198363e-08	0.50381119375134	0.503811239065108
TCGA-09-1674-01	0.396287014777907	0.0584285352940782	0.454715538743543
TCGA-09-1675-01	0.00178651795775561	0.971844788744495	0.973631295373809
TCGA-09-2043-01	3.94229781042061e-06	0.629991175596832	0.629995106566201
TCGA-09-2044-01	0.0483564968252268	0.187196137200664	0.235552622697449
TCGA-09-2049-01	0.927580544316231	0.0724194670122114	1
TCGA-09-2050-01	1	1.13284419622772e-08	1
TCGA-09-2051-01	0.986980674765506	3.70440052877008e-06	0.986984367837593
TCGA-09-2053-01	0.840731259086543	0.159268752241899	1
TCGA-09-2054-01	1	1.13284419622772e-08	1
TCGA-10-0925-01	1.7978237428556e-05	0.638874928472217	0.638892895381204
TCGA-10-0928-01	1	1.13284419622772e-08	1
TCGA-10-0930-01	8.84184896848645e-05	0.271435927147787	0.271524334309029
TCGA-10-0931-01	0.370948801876788	1.13284419622772e-08	0.370948801876787
TCGA-10-0933-01	1	1.13284419622772e-08	1
TCGA-10-0936-01	5.39233838436842e-06	0.0938215107900238	0.0938268917999662
TCGA-10-0937-01	0.423996938964348	0.0825764574675005	0.506573385103407
TCGA-10-0938-01	0.03722699361094	0.962773017717502	1
TCGA-13-0717-01	4.30480795390756e-07	0.244590136515882	0.244590555668236
TCGA-13-0720-01	1.82387915941873e-06	0.556775534353546	0.556777346904263
TCGA-13-0723-01	0.00582479032866438	0.790103670197697	0.795928449197919
TCGA-13-0724-01	0.711295913495654	0.288704097832787	1
TCGA-13-0725-01	0.00229052034162231	0.449122868191131	0.451413377204311
TCGA-13-0726-01	0.329617864916758	1.13284419622772e-08	0.329617864916758
TCGA-13-0727-01	5.35835305841652e-06	0.404337447460952	0.404342794485568
TCGA-13-0730-01	0.524132878002468	0.00693429793657419	0.5310671646106
TCGA-13-0751-01	2.46960035250486e-06	0.410448768072717	0.410451226344627
TCGA-13-0755-01	0.000441174844623621	0.100088858033234	0.100530021549415
TCGA-13-0757-01	0.0640567771543207	0.0342793783204797	0.0983361441463584
TCGA-13-0758-01	0.00073779876953182	0.803324143248058	0.804061930689148
TCGA-13-0760-01	0.225543672322006	0.307816063078215	0.533359724071779
TCGA-13-0761-01	0.0584307216833811	0.219745888999032	0.278176599353971
TCGA-13-0764-01	0.802578686451745	0.197421324876697	1
TCGA-13-0766-01	0.270204763401411	0.20936562628068	0.479570378353649
TCGA-13-0791-01	0.00213605703517092	0.0235107312971501	0.0256467770038791
TCGA-13-0791-02	1	1.13284419622772e-08	1
TCGA-13-0792-01	0.909515666963381	0.0904843443650608	1
TCGA-13-0793-01	0.53677938421127	0.241944718743786	0.778724091626614
TCGA-13-0794-01	0.263209609074499	0.197009094201342	0.460218691947399
TCGA-13-0795-01	0.189824890834602	0.49320561965037	0.68303049915653
TCGA-13-0797-01	0.00320174622948668	0.824540174008494	0.827741908909539
TCGA-13-0799-01	0.000259681875598482	0.144158887652125	0.144418558199282
TCGA-13-0801-01	0.00285431424228039	0.269035940071273	0.271890242985112
TCGA-13-0802-01	0.708677593356784	0.291322417971658	1
TCGA-13-0803-01	0.0066747973160474	0.42295607038642	0.429630856374025
TCGA-13-0804-01	9.33010481799544e-05	0.299690817364308	0.299784107084046
TCGA-13-0805-01	0.00290005849101165	0.400860034924227	0.403760082086797
TCGA-13-0807-01	0.00156862670463598	0.00605047554986893	0.00761909092606294
TCGA-13-0886-01	0.297293492471661	0.390301881681402	0.687595362824621
TCGA-13-0887-01	0.853063038520147	0.146936972808295	1
TCGA-13-0888-01	0.922822564697638	0.0771774466308035	1
TCGA-13-0889-01	6.68378077054069e-06	0.875322452772632	0.87532912522496
TCGA-13-0890-01	1	1.13284419622772e-08	1
TCGA-13-0893-01	0.13020345927117	0.426096076607094	0.556299524549821
TCGA-13-0897-01	0.116652229700202	0.290470179281204	0.407122397652964
TCGA-13-0899-01	2.46960035250486e-06	0.545179854423177	0.545182312695087
TCGA-13-0900-01	0.000281896950329041	0.232267714375358	0.232549599997245
TCGA-13-0901-01	2.17506086092171e-06	0.183125646740753	0.183127810473172
TCGA-13-0903-01	0.1671319937496	0.26821579485696	0.435347777278118
TCGA-13-0904-01	3.31017074771523e-05	0.330328078930059	0.330361169309094
TCGA-13-0905-01	0.929989752744519	0.070010258583923	1
TCGA-13-0906-01	0.601115520744915	0.398884490583527	1
TCGA-13-0908-01	0.935415645974044	0.064199334268247	0.999614968913849
TCGA-13-0910-01	8.11116446052056e-06	0.10178430664588	0.101792406481899
TCGA-13-0913-01	0.000252669570010406	0.150599548729248	0.150852206970816
TCGA-13-0913-02	0.000249497606254895	0.150599548729248	0.150849035007061
TCGA-13-0916-01	0.099260624311344	0.0167118422276104	0.115972455210512
TCGA-13-0919-01	0.00221893591672562	0.969373273885295	0.971592198473579
TCGA-13-0920-01	0.485058566685644	0.248361714705605	0.733420270062807
TCGA-13-0921-01	0.75540987481256	0.244590136515882	1
TCGA-13-0923-01	0.859288345915154	0.140711665413288	1
TCGA-13-0924-01	0.376773308994402	0.62322670233404	1
TCGA-13-1403-01	0.00169329620866954	1.13284419622772e-08	0.00169329620866954
TCGA-13-1407-01	1.47043176951895e-05	0.139338341048455	0.139353034037709
TCGA-13-1408-01	0.0582320887816342	1.13284419622772e-08	0.0582320887816342
TCGA-13-1409-01	0.930620837590562	0.0693791737378802	1
TCGA-13-1410-01	4.68544360456886e-05	0.290745222524133	0.290792065631736
TCGA-13-1411-01	0.998621305953667	0.0013787053747748	1
TCGA-13-1412-01	0.585239524952208	0.292791864166724	0.87803137779049
TCGA-13-1481-01	0.529445045002915	0.392876213480048	0.922321247154522
TCGA-13-1484-01	3.85167027454887e-07	0.972220587150429	0.972220960989015
TCGA-13-1487-01	0.929778443316192	0.00077050398153955	0.93054893596929
TCGA-13-1488-01	2.28834528076139e-06	0.0183969139873995	0.0183991910042383
TCGA-13-1489-01	0.531305152519799	0.468694858808643	1
TCGA-13-1489-02	0.531305152519799	0.468694858808643	1
TCGA-13-1491-01	6.9556633781559e-06	0.0478077017817555	0.0478146461166916
TCGA-13-1492-01	0.0838313316429485	0.00456612112515176	0.0883974414396583
TCGA-13-1494-01	0.545820545788022	0.0874462261515905	0.63326676061117
TCGA-13-1495-01	0.0230778262151748	0.802871504020147	0.82594931890688
TCGA-13-1496-01	4.02159690430838e-06	0.633262750342708	0.63326676061117
TCGA-13-1497-01	0.396079262480363	1.13284419622772e-08	0.396079262480363
TCGA-13-1498-01	0.00139391947235924	0.285515107428975	0.286909015572892
TCGA-13-1499-01	1	1.13284419622772e-08	1
TCGA-13-1500-01	5.0184997988975e-06	0.0143601256423906	0.0143651328137475
TCGA-13-1501-01	6.3325990690377e-06	0.412441316404835	0.412447637675462
TCGA-13-1504-01	0.676748957375514	0.00786215397727097	0.684611100024343
TCGA-13-1506-01	9.28932242685316e-07	0.573994811482944	0.573995729086745
TCGA-13-1507-01	4.62427001785544e-05	0.143354930781407	0.143401162153143
TCGA-13-1509-01	0.0118165165784045	0.321706409559973	0.333522914809935
TCGA-13-1510-01	5.0184997988975e-06	0.573354154103424	0.573359161274781
TCGA-13-1511-01	0.00352954602673476	0.0509287781758744	0.0544583128741671
TCGA-13-1512-01	1	1.13284419622772e-08	1
TCGA-13-1817-01	1	1.13284419622772e-08	1
TCGA-13-1817-02	0.839249544188808	1.13284419622772e-08	0.839249544188808
TCGA-13-1819-01	0.268716489335767	0.560973752996826	0.829690231004151
TCGA-13-1819-02	0.431638686774379	0.561024255191191	0.992662930637128
TCGA-13-2057-01	0.942265648973815	0.0577343623546266	1
TCGA-13-2059-01	0.88231878525751	0.116880022011616	0.999198795940684
TCGA-13-2060-01	0.882133429289768	0.0584360007373457	0.940569418698672
TCGA-13-2061-01	0.953255687738838	0.0466940253071956	0.999949701717591
TCGA-13-2065-01	0.878096040537334	0.121903970791108	1
TCGA-13-2071-01	0.533808908124885	0.149221602360086	0.68303049915653
TCGA-13-A5FT-01	0.00154947030924109	0.971260037226167	0.972809496206966
TCGA-13-A5FU-01	0.0117156707878632	0.922507475412296	0.934223134871718
TCGA-20-0987-01	2.85476737995975e-06	0.243821207187779	0.243824050626717
TCGA-20-0990-01	6.3325990690377e-06	0.412441316404835	0.412447637675462
TCGA-20-0991-01	0.401889405133542	0.5981106061949	1
TCGA-20-0996-01	2.4922572364728e-07	0.683030261259248	0.68303049915653
TCGA-20-1682-01	0.787585006362959	0.0546177040528816	0.842202699087399
TCGA-20-1683-01	3.52314545701382e-06	0.320601229416901	0.320604741233916
TCGA-20-1684-01	0.533976897591066	0.466023113737376	1
TCGA-20-1685-01	2.01306414055098e-05	0.147254894204133	0.147275013517097
TCGA-20-1686-01	1.39566405242477e-05	0.243016706551845	0.243030651863927
TCGA-20-1687-01	2.91140958987959e-05	0.787235659869058	0.787264762636515
TCGA-23-1021-01	0.796202846719655	0.0419428540822357	0.838145689473449
TCGA-23-1022-01	0.91668261711298	0.0253939941494488	0.942076599933987
TCGA-23-1024-01	0.749664949999882	0.25033506132856	1
TCGA-23-1026-01	0.2565921903171	0.296579041621058	0.553171220609717
TCGA-23-1027-01	4.30480795390756e-07	0.244590136515882	0.244590555668236
TCGA-23-1028-01	9.91125389177296e-05	0.858864446944556	0.858963548155032
TCGA-23-1029-01	0.0552981922344165	0.206164004664055	0.26146218557003
TCGA-23-1030-01	3.0813362196391e-06	0.24306978030254	0.243072850310318
TCGA-23-1031-01	0.567518794338389	0.432481216990053	1
TCGA-23-1032-01	5.0864704508013e-06	0.62530691015023	0.625311985292238
TCGA-23-1110-01	5.42632371032032e-06	0.11383599035143	0.113841405346698
TCGA-23-1111-01	0.347300033514063	0.652699977814379	1
TCGA-23-1113-01	1.58711472195381e-05	0.893213982306242	0.89322984212502
TCGA-23-1114-01	0.721219832585566	0.278780178742876	1
TCGA-23-1116-01	1.26878550220433e-06	0.187676531111436	0.187677788568496
TCGA-23-1117-01	0.724238522521033	0.215171837964491	0.939410349157082
TCGA-23-1118-01	0.00104337216360735	0.233525885127423	0.234569245962589
TCGA-23-1119-01	3.60471023929838e-05	0.0930915739592288	0.0931276097331798
TCGA-23-1120-01	0.000826998921713578	0.197073858904165	0.197900846497436
TCGA-23-1121-01	0.000363427747287654	0.0132817146077269	0.0136451310265725
TCGA-23-1122-01	8.33773330019991e-06	0.393042548993699	0.393050875398557
TCGA-23-1123-01	1.32769340052096e-05	0.778851310030094	0.778864575635657
TCGA-23-1124-01	0.93734149243976	0.0626585188886817	1
TCGA-23-1809-01	0.407382396724938	0.0236659989229824	0.431048384319479
TCGA-23-2077-01	6.34392751102167e-07	0.374888335547364	0.374888958611673
TCGA-23-2078-01	0.00135334099317267	0.325927760881784	0.327281090546515
TCGA-23-2081-01	0.00110996074558911	0.196880006604935	0.197989956022082
TCGA-23-2084-01	0.246798310412723	0.299690817364308	0.54648911644859
TCGA-23-2641-01	0.000359813974294768	0.770929806345269	0.771289608991122
TCGA-23-2643-01	5.63023566603173e-06	0.883129539193419	0.883135158100643
TCGA-23-2645-01	0.000485695621620612	0.131981005102874	0.132466689396053
TCGA-24-0966-01	5.39233838436842e-06	0.0938215107900238	0.0938268917999662
TCGA-24-0968-01	1	1.13284419622772e-08	1
TCGA-24-0970-01	0.945674818976028	0.0543251923524135	1
TCGA-24-0975-01	0.363635816781573	0.636364194546869	1
TCGA-24-0979-01	0.201156889949352	0.00619900275272078	0.207355881373631
TCGA-24-0982-01	6.11962435973912e-05	0.28667712236548	0.286738307280636
TCGA-24-1103-01	0.432603145011126	0.567396866317316	1
TCGA-24-1104-01	0.000254799317103392	0.23986207531257	0.240116863301231
TCGA-24-1417-01	0.949645981656624	0.0503540296718178	1
TCGA-24-1418-01	0.00203359127742593	0.917572681471218	0.919606261420202
TCGA-24-1419-01	2.4922572364728e-07	0.683030261259248	0.68303049915653
TCGA-24-1422-01	0.952192309546687	0.0478077017817555	1
TCGA-24-1423-01	0.0005828596685171	0.558955953567526	0.559538801907601
TCGA-24-1424-01	5.97008892555075e-06	0.233525885127423	0.233531843887907
TCGA-24-1425-01	2.27701683877742e-06	0.188926760625671	0.188929026314068
TCGA-24-1426-01	1.52707397943879e-05	0.699104266889393	0.699119526300745
TCGA-24-1427-01	0.000862570229543235	0.623928873153532	0.624791432054633
TCGA-24-1428-01	0.000140450023717226	0.032799543944114	0.0329399826393892
TCGA-24-1430-01	0.456997188915092	0.54300282241335	1
TCGA-24-1431-01	8.98345449328604e-06	0.320301399542911	0.320310371668962
TCGA-24-1434-01	1	1.13284419622772e-08	1
TCGA-24-1435-01	0.000175681478287364	0.0513236650065515	0.0514993351563968
TCGA-24-1436-01	1.76723694949889e-06	0.584055249627204	0.584057005535711
TCGA-24-1463-01	0.478420937987746	0.521579073340696	1
TCGA-24-1464-01	1	1.13284419622772e-08	1
TCGA-24-1467-01	3.78369962264507e-06	0.988165720424565	0.988169492795745
TCGA-24-1469-01	0.000249497606254895	0.110554945028056	0.110804431305868
TCGA-24-1470-01	4.12355288216408e-06	0.28579521448547	0.28579932670991
TCGA-24-1471-01	1	1.13284419622772e-08	1
TCGA-24-1474-01	3.67041520280539e-05	0.383491222360641	0.383527915184227
TCGA-24-1544-01	0.477351702991089	0.00103519302849497	0.478386884691142
TCGA-24-1545-01	7.28758672828614e-05	0.160828893943489	0.16090175848233
TCGA-24-1546-01	0.464245488606578	0.0955202673077296	0.559765744585866
TCGA-24-1548-01	0.732951431162858	0.267048580165584	1
TCGA-24-1549-01	0.00274610496444954	0.378824334744042	0.381570428380049
TCGA-24-1550-01	0.934439145603468	0.0655608657249741	1
TCGA-24-1552-01	0.122878896508248	1.13284419622772e-08	0.122878896508248
TCGA-24-1553-01	0.522221067476369	0.477778943852073	1
TCGA-24-1555-01	0.00182170409855781	0.0235825196340025	0.0254042124041184
TCGA-24-1556-01	9.71980322224391e-06	0.92057026651927	0.92057997499405
TCGA-24-1557-01	0.881873543502214	1.13284419622772e-08	0.881873543502214
TCGA-24-1558-01	0.00191614931937814	0.663666747959566	0.665582885950503
TCGA-24-1562-01	3.78369962264507e-06	0.986980595466412	0.986984367837593
TCGA-24-1564-01	8.06585069258469e-06	0.533547289085708	0.533555343607958
TCGA-24-1567-01	0.775090380575836	0.0859789097036171	0.861069278951012
TCGA-24-1603-01	0.000231530697268323	0.0531524267244653	0.0533839460932917
TCGA-24-1604-01	0.0273764714966431	0.598778723717788	0.626155183885989
TCGA-24-1614-01	0.027520659906215	0.972479351422227	1
TCGA-24-1616-01	0.000829751733115682	0.0777948807042557	0.0786246211089294
TCGA-24-1842-01	3.53447389899779e-05	0.321821767084695	0.321857100495243
TCGA-24-1843-01	0.80265842735487	0.197341583973572	1
TCGA-24-1844-01	0.276710166524472	0.72328984480397	1
TCGA-24-1845-01	0.674463025052895	0.325536986275547	1
TCGA-24-1846-01	0.898234577866907	0.101765433461535	1
TCGA-24-1847-01	1.40472680601194e-05	0.351422952003476	0.351436987943094
TCGA-24-1850-01	0.922205130624186	0.0777948807042557	1
TCGA-24-1852-01	0.919600370630371	0.0803996406980713	1
TCGA-24-1852-02	0.969675154207284	0.0303248571211583	1
TCGA-24-1920-01	1.54066810981955e-06	0.0586464038903138	0.0586479332299817
TCGA-24-1923-01	4.75794563326625e-07	0.32098990826137	0.320990372727492
TCGA-24-1924-01	0.355869048285807	0.644130963042635	1
TCGA-24-1927-01	0.065966469261768	0.428105368376464	0.49407182630979
TCGA-24-1928-01	0.0136434884024849	0.463158377328471	0.476801854402514
TCGA-24-1930-01	0.868117812896552	0.13188219843189	1
TCGA-24-2019-01	4.97318603096163e-06	0.73472205531651	0.734727017174099
TCGA-24-2020-01	2.26568839679345e-07	0.75807627285921	0.758076488099608
TCGA-24-2023-01	1.26425412541075e-05	0.351436987943094	0.351449619155906
TCGA-24-2024-01	0.019806228812415	0.415858620228392	0.435664837712365
TCGA-24-2026-01	0.00487341644240883	0.54544173401652	0.550315139130487
TCGA-24-2027-01	0.947710596642757	0.0522894146856847	1
TCGA-24-2029-01	0.00024171496661191	0.625177074876651	0.625418778514821
TCGA-24-2030-01	3.69193924257493e-05	0.0214780689519669	0.0215149770159506
TCGA-24-2033-01	4.20285197605185e-06	0.44786432360048	0.447868515124014
TCGA-24-2035-01	7.87326717885725e-06	0.535208729715518	0.535216591654255
TCGA-24-2260-01	2.86836151034051e-05	0.645135274738281	0.645163947024943
TCGA-24-2261-01	0.999949701717591	1.13284419622772e-08	0.999949701717591
TCGA-24-2262-01	0.631582470513878	0.368417540814564	1
TCGA-24-2267-01	0.730247513316357	0.256936620267181	0.987184122255096
TCGA-24-2271-01	0.0187127396214705	0.178917017259289	0.197629745552318
TCGA-24-2280-01	0.00409526576253012	0.78314040543497	0.787235659869058
TCGA-24-2281-01	3.72705741272523e-06	0.111844065083621	0.111847780812592
TCGA-24-2288-01	1	1.13284419622772e-08	1
TCGA-24-2289-01	2.50358567845677e-06	0.189094704778083	0.18909719703532
TCGA-24-2290-01	1.50554993966925e-05	0.250035152155476	0.250050196326431
TCGA-24-2293-01	0.999651083986894	0.000348927341548122	1
TCGA-24-2295-01	9.00611137725398e-06	0.0250070485566024	0.0250160433395377
TCGA-24-2297-01	0.314139044300008	0.685860967028434	1
TCGA-24-2298-01	0.985969294122061	0.00077050398153955	0.986739786775159
TCGA-25-1312-01	0.984751101441757	0.0152489098866848	1
TCGA-25-1313-01	0.609299866940652	0.0618794845903282	0.671179340202538
TCGA-25-1314-01	0.621975147392093	0.0465360048699612	0.668511140933612
TCGA-25-1315-01	0.0307146688098266	0.0451678689315576	0.0758825264129422
TCGA-25-1317-01	1.13284419839673e-06	0.140188449991816	0.140189571507573
TCGA-25-1318-01	0.000117974394821035	0.405649847464794	0.405767810531173
TCGA-25-1320-01	0.906556304078583	1.13284419622772e-08	0.906556304078583
TCGA-25-1321-01	0.941601326478992	0.0583986848494504	1
TCGA-25-1322-01	0.220139552357974	0.272085092187236	0.492224633216768
TCGA-25-1323-01	0.540806044929145	0.459193966399297	1
TCGA-25-1329-01	2.4922572364728e-07	0.683030261259248	0.68303049915653
TCGA-25-1625-01	0.374841583067296	0.021224300523084	0.396065872261938
TCGA-25-1627-01	0.000635038472295253	0.608747843291215	0.609382870435068
TCGA-25-1628-01	9.43999070523992e-05	0.188494761819054	0.188589150397665
TCGA-25-1630-01	0.00649905919555012	0.197491153393086	0.203990201260194
TCGA-25-1631-01	8.33773330019991e-06	0.393042548993699	0.393050875398557
TCGA-25-1633-01	1	1.13284419622772e-08	1
TCGA-25-1634-01	5.39233838436842e-06	0.0938215107900238	0.0938268917999662
TCGA-25-1870-01	0.954346729986313	0.0456532813421285	1
TCGA-25-1871-01	8.60961590781512e-07	0.559764894952717	0.559765744585866
TCGA-25-1877-01	1	1.13284419622772e-08	1
TCGA-25-1878-01	5.39233838436842e-06	0.0938215107900238	0.0938268917999662
TCGA-25-2042-01	4.30480795390756e-07	0.244590136515882	0.244590555668236
TCGA-25-2391-01	0.68303049915653	1.13284419622772e-08	0.68303049915653
TCGA-25-2392-01	2.4922572364728e-07	0.683030261259248	0.68303049915653
TCGA-25-2393-01	0.00034734135967042	0.983605614702106	0.983952944733335
TCGA-25-2396-01	7.59005612925807e-07	0.0618794845903282	0.0618802322674992
TCGA-25-2397-01	5.39233838436842e-06	0.0938215107900238	0.0938268917999662
TCGA-25-2399-01	8.2697626482961e-07	0.734726201526276	0.734727017174099
TCGA-25-2400-01	5.31077360208385e-05	0.379106922729332	0.37916001913691
TCGA-25-2401-01	0.000330473309556293	0.18400662568852	0.184337087669634
TCGA-25-2404-01	9.95770050390723e-06	0.282435187264584	0.282445133636646
TCGA-25-2408-01	4.68997498136245e-06	0.395521597266819	0.395526275913358
TCGA-29-1688-01	2.45374053372731e-05	0.310102992303728	0.310127518380624
TCGA-29-1691-01	0.448572928975019	1.13284419622772e-08	0.448572928975019
TCGA-29-1692-01	0.573995729086744	1.13284419622772e-08	0.573995729086745
TCGA-29-1692-02	6.9556633781559e-06	0.0478077017817555	0.0478146461166916
TCGA-29-1693-01	0.88738914666381	0.112610864664632	1
TCGA-29-1694-01	9.21002333296538e-06	0.332579788029444	0.332588986724335
TCGA-29-1695-01	1.13284419839673e-08	1.13284419622772e-08	1.13284419622772e-08
TCGA-29-1696-01	0.000885510324560769	0.838093657939416	0.838979156935535
TCGA-29-1697-01	1.32769340052096e-05	0.778851310030094	0.778864575635657
TCGA-29-1698-01	0.996586615817369	0.00341339551107311	1
TCGA-29-1701-01	0.00609373886980575	0.98674858897458	0.992842316515944
TCGA-29-1702-01	7.22981167416791e-05	0.814519045557919	0.814591332346218
TCGA-29-1703-01	6.9556633781559e-06	0.0478077017817555	0.0478146461166916
TCGA-29-1704-01	2.27701683877742e-06	0.188926760625671	0.188929026314068
TCGA-29-1704-02	9.83761901887717e-05	0.244291473471417	0.244389838333164
TCGA-29-1705-01	3.49142581945871e-05	0.144296573535998	0.144331476465751
TCGA-29-1705-02	3.49142581945871e-05	0.144296573535998	0.144331476465751
TCGA-29-1707-01	4.64466121342658e-07	0.881555452179746	0.881555905317426
TCGA-29-1707-02	1.73325162354699e-06	0.0140231158218096	0.0140248377449912
TCGA-29-1710-01	1	1.13284419622772e-08	1
TCGA-29-1710-02	1	1.13284419622772e-08	1
TCGA-29-1711-01	2.88875270591165e-06	0.563481620826353	0.563484498250617
TCGA-29-1761-01	1	1.13284419622772e-08	1
TCGA-29-1762-01	1.57125490317626e-05	0.0269974331563015	0.0270131343768912
TCGA-29-1763-01	0.986739786775159	1.13284419622772e-08	0.986739786775159
TCGA-29-1764-01	1	1.13284419622772e-08	1
TCGA-29-1769-01	0.170518065058608	0.0129330931341123	0.183451146864278
TCGA-29-1770-02	1.24839430663319e-05	0.426096076607094	0.426108549221718
TCGA-29-1771-01	2.50358567845677e-06	0.189094704778083	0.18909719703532
TCGA-29-1774-01	1.76723694949889e-06	0.349610061432782	0.349611817341289
TCGA-29-1775-01	2.02779111513014e-06	0.588235365420194	0.588237381882867
TCGA-29-1777-01	0.740295252277153	0.259704759051289	1
TCGA-29-1778-01	7.97522315671295e-06	0.364354266572196	0.364362230466911
TCGA-29-1781-01	1.25179283922838e-05	0.321979685565952	0.321992192165902
TCGA-29-1783-01	0.000478048923281435	0.197151707957478	0.197629745552318
TCGA-29-1784-01	5.42632371032032e-06	0.11383599035143	0.113841405346698
TCGA-29-1785-01	0.62203662684674	0.0609938836382315	0.68303049915653
TCGA-29-2425-01	7.0236340300597e-06	0.366883783054355	0.366890795359943
TCGA-29-2427-01	0.506443549829829	0.131190359151487	0.637633897652874
TCGA-29-2428-01	0.0121539568797809	0.310077061500027	0.322231007051366
TCGA-29-2429-01	3.44724489572124e-05	0.367194363619787	0.367228824740302
TCGA-29-2431-01	0.518130525674147	0.0148459118915472	0.532976426237252
TCGA-29-2432-01	0.0891427056524575	0.0217554685108283	0.110898162834844
TCGA-29-2434-01	0.319372444643342	0.0108862135942391	0.330258646909139
TCGA-30-1714-01	0.00085330356400035	0.271497723798809	0.272351016034367
TCGA-30-1718-01	2.50358567845677e-06	0.189094704778083	0.18909719703532
TCGA-30-1853-01	0.01261531900802	0.477546291639048	0.490161599318626
TCGA-30-1855-01	1	1.13284419622772e-08	1
TCGA-30-1856-01	0.423145776475883	0.175382656644711	0.598528421792152
TCGA-30-1857-01	1.48515874409811e-05	0.321174482566615	0.321189322825614
TCGA-30-1859-01	6.00407425150265e-06	0.703412144851078	0.703418137596888
TCGA-30-1860-01	0.766305185145712	0.136781862874376	0.903087036691645
TCGA-30-1861-01	0.000554810446164797	0.0601827445352955	0.0607375436530183
TCGA-30-1862-01	0.948951366907935	0.0510486444205067	1
TCGA-30-1866-01	0.00398856316748313	0.323841061868337	0.327829613707379
TCGA-30-1887-01	1	1.13284419622772e-08	1
TCGA-30-1891-01	0.000211796551332252	0.0886895793015409	0.0889013645244311
TCGA-30-1892-01	2.56815779776538e-05	0.189071526785784	0.18909719703532
TCGA-31-1944-01	0.304832570611991	0.252847279279808	0.557679838563358
TCGA-31-1946-01	9.43999070523992e-05	0.188494761819054	0.188589150397665
TCGA-31-1950-01	4.12695141475927e-05	0.0095514059321522	0.00959266411785786
TCGA-31-1953-01	7.81662496893741e-07	0.0706028607125463	0.0706036310466012
TCGA-31-1955-01	0.000143961840732256	0.0907842195528183	0.0909281700651087
TCGA-31-1959-01	0.999229507346902	0.00077050398153955	1
TCGA-36-1568-01	0.00137254270233549	0.410062626799251	0.411435158173145
TCGA-36-1569-01	2.27701683877742e-06	0.188926760625671	0.188929026314068
TCGA-36-1570-01	8.33546761180311e-05	0.0140096463042907	0.0140929896519667
TCGA-36-1571-01	2.4922572364728e-07	0.683030261259248	0.68303049915653
TCGA-36-1574-01	7.17770084104166e-05	0.7405120446714	0.740583810351368
TCGA-36-1575-01	0.873929360276537	0.00121519064317821	0.875144539591273
TCGA-36-1576-01	0.999996306927913	3.70440052877008e-06	1
TCGA-36-1577-01	0.0689248352436712	0.383868085640121	0.45279290955535
TCGA-36-1578-01	0.485749499690688	0.0892706604046665	0.575020148766913
TCGA-36-1580-01	1.59957600813618e-05	0.954802065383417	0.954818049815056
TCGA-36-1581-01	0.0196335720281373	0.509420324529956	0.529053885229651
TCGA-36-2530-01	0.986871196702173	0.0131288146262692	1
TCGA-36-2532-01	2.28834528076139e-06	0.0443996079815309	0.0444018849983696
TCGA-36-2533-01	0.332834961185133	0.667165050143309	1
TCGA-36-2534-01	0.53017224035075	0.469827770977692	1
TCGA-36-2537-01	0.00015510902764448	0.254384684798337	0.254539782497539
TCGA-36-2538-01	2.19771774488965e-06	0.386780412833802	0.386782599223105
TCGA-36-2542-01	5.33569617444858e-06	0.657995877172138	0.658001201539871
TCGA-36-2543-01	0.00166353639157766	0.330883603068068	0.332547128131204
TCGA-36-2544-01	0.00486588302848949	0.40241545266551	0.407281324365557
TCGA-36-2545-01	7.97522315671295e-06	0.364354266572196	0.364362230466911
TCGA-36-2547-01	0.0104689191053177	0.206599707871201	0.217068615648077
TCGA-36-2548-01	2.71882607615214e-06	0.0618065180955094	0.0618092255931436
TCGA-36-2549-01	4.87123005310592e-05	0.0176286983511408	0.0176773993232298
TCGA-36-2551-01	1.75590850751493e-05	0.465406427341095	0.465423975097728
TCGA-36-2552-01	0.754113232671517	0.245886778656925	1
TCGA-3P-A9WA-01	0.0120699111687019	0.259865600270578	0.271935500110837
TCGA-42-2582-01	0.00255708990994704	0.129240496388765	0.13179757497027
TCGA-42-2587-01	2.53417247181348e-05	0.178032311254109	0.178057641650385
TCGA-42-2588-01	0.00805039869771856	0.942411502664359	0.950461890033635
TCGA-42-2589-01	0.57669658825391	0.423303423074532	1
TCGA-42-2590-01	3.94229781042061e-06	0.378983363412613	0.378987294381981
TCGA-42-2591-01	0.967454213156327	0.0207152909678604	0.988169492795745
TCGA-42-2593-01	0.959019066583507	0.0409809447449352	1
TCGA-57-1582-01	7.56739924529013e-06	0.244922229792642	0.244929785863446
TCGA-57-1583-01	2.57948623974935e-05	0.0165014730599681	0.0165272565939236
TCGA-57-1584-01	1.47836167890773e-05	0.6973910779366	0.697405850224947
TCGA-57-1585-01	8.36492156096143e-05	0.383947328091799	0.384030965978967
TCGA-57-1586-01	0.984783353516086	1.13284419622772e-08	0.984783353516086
TCGA-57-1992-01	0.992969636875402	0.00703037445304011	1
TCGA-57-1993-01	2.21017903107201e-05	0.0885099441970011	0.0885320346588698
TCGA-57-1994-01	0.771485205870417	1.13284419622772e-08	0.771485205870417
TCGA-59-2348-01	6.66112388657275e-06	0.288704097832787	0.288710747628232
TCGA-59-2349-01	7.79623377336627e-05	0.251490732337554	0.251568683346846
TCGA-59-2350-01	0.000144267708665823	0.250554708490187	0.250698964870411
TCGA-59-2351-01	0.000168691829583257	0.138919086739071	0.139087767240212
TCGA-59-2352-01	3.0122327235369e-05	0.403240842948462	0.403270953947255
TCGA-59-2354-01	6.2272445585868e-05	0.148655758011429	0.148718019128573
TCGA-59-2355-01	0.000728135608519496	0.909883172949783	0.91061129722986
TCGA-59-2363-01	0.9802002510564	0.0197997602720421	1
TCGA-59-2372-01	0.0014665800992444	0.429362451598099	0.430829020368901
TCGA-59-A5PD-01	0.252041532515257	1.13284419622772e-08	0.252041532515257
TCGA-61-1722-01	0.533021819304281	0.466978192024161	1
TCGA-61-1724-01	0.0572996560503759	0.44921765326521	0.506517297987144
TCGA-61-1725-01	0.189625159073982	0.523258503536377	0.712883651281917
TCGA-61-1727-01	0.540905916473675	0.0763955575650701	0.617301462710304
TCGA-61-1728-01	2.4922572364728e-07	0.683030261259248	0.68303049915653
TCGA-61-1733-01	0.996416168079278	0.00358384324916394	1
TCGA-61-1734-01	1.2801139441883e-06	0.925289332939647	0.92529060172515
TCGA-61-1736-01	0.17076988499547	0.303272553523263	0.474042427190291
TCGA-61-1738-01	0.915910255266955	1.13284419622772e-08	0.915910255266955
TCGA-61-1740-01	0.00396864776647532	0.0225942716690891	0.0265629081071225
TCGA-61-1741-01	7.91858094679312e-06	0.350581124151205	0.35058903140371
TCGA-61-1743-01	0.000184710246548586	0.496583432525171	0.496768131443278
TCGA-61-1895-01	7.93557360976907e-05	0.158952677382104	0.15903202178976
TCGA-61-1899-01	1.58598187775542e-07	0.156786803887631	0.156786951157377
TCGA-61-1900-01	3.76783980386751e-05	0.253725958553853	0.253763625623449
TCGA-61-1903-01	0.400981362537876	0.0693791737378802	0.470360524947314
TCGA-61-1904-01	0.852406283424568	0.147593727903874	1
TCGA-61-1906-01	0.484768728497484	0.515231282830958	1
TCGA-61-1910-01	0.0145904102110407	0.89973917621745	0.914329575100048
TCGA-61-1911-01	2.53870384860706e-05	0.684409646340542	0.684435022050586
TCGA-61-1913-01	0.000949176168510665	0.917572681471218	0.918521846311287
TCGA-61-1914-01	0.00476534310588178	0.247928333829066	0.252693665606506
TCGA-61-1916-02	0.000103440003755605	0.105819452366802	0.105922881042115
TCGA-61-1917-01	0.952192309546687	0.0478077017817555	1
TCGA-61-1918-01	2.95672335781546e-06	0.0808825721798478	0.0808855175747636
TCGA-61-1919-01	1	1.13284419622772e-08	1
TCGA-61-1998-01	5.39233838436842e-06	0.0938215107900238	0.0938268917999662
TCGA-61-2000-01	0.346800732433619	0.0974973409880975	0.444298062093275
TCGA-61-2002-01	1	1.13284419622772e-08	1
TCGA-61-2003-01	2.48092879448883e-06	0.193569790543452	0.193572260143804
TCGA-61-2008-01	1.32542771212417e-06	0.225520528315033	0.225521842414303
TCGA-61-2008-02	0.0174914995902729	0.244407544687985	0.261899032949816
TCGA-61-2012-01	1	1.13284419622772e-08	1
TCGA-61-2016-01	0.986523696744315	0.0134763145841275	1
TCGA-61-2017-01	0.0110013558785642	0.840982909096775	0.851984253646897
TCGA-61-2018-01	0.220192569466459	0.043779126557185	0.263971684695202
TCGA-61-2087-01	0.000762449459288933	1.13284419622772e-08	0.000762449459288939
TCGA-61-2092-01	3.96495469438854e-07	0.366974705129718	0.366975090296745
TCGA-61-2095-02	3.6001788625048e-05	0.0610755503764939	0.061111540836677
TCGA-61-2096-01	3.96495469438854e-07	0.366974705129718	0.366975090296745
TCGA-61-2098-01	5.39233838436842e-06	0.0938215107900238	0.0938268917999662
TCGA-61-2102-01	0.94512004251519	0.0548799688132524	1
TCGA-61-2104-01	2.11841865100188e-06	0.888670710648572	0.888672817738781
TCGA-61-2109-01	0.88077269082398	0.119227320504462	1
TCGA-61-2110-01	1.11925006801597e-05	0.584496197902988	0.584507379075226
TCGA-61-2111-01	1.81255071743476e-07	0.705656830316433	0.705657000243063
TCGA-61-2113-01	1	1.13284419622772e-08	1
TCGA-61-2610-02	0.00248334175263142	0.552569079932943	0.555052410357132
TCGA-61-2611-02	0.115398205157903	0.367311533695227	0.482709727524688
TCGA-61-2612-01	5.09779889278527e-07	0.939408944430276	0.939409442881724
TCGA-61-2613-01	0.000343602973815711	0.283659780514608	0.284003372159982
TCGA-72-4231-01	0.952192309546687	0.0478077017817555	1
TCGA-72-4232-01	2.4922572364728e-07	0.683030261259248	0.68303049915653
TCGA-72-4233-01	0.0020517054561583	0.917554567292486	0.919606261420202
TCGA-72-4235-01	0.00191614931937814	0.663666747959566	0.665582885950503
TCGA-72-4236-01	0.448036266692912	0.55196374463553	1
TCGA-72-4237-01	6.79706519038036e-08	0.149308616122965	0.149308672765175
TCGA-72-4238-01	1.08866327465925e-05	0.986973492533288	0.986984367837593
TCGA-72-4240-01	0.122886395936841	1.13284419622772e-08	0.122886395936841
TCGA-72-4241-01	0.44628282778575	0.359636208383156	0.805919024840464
TCGA-OY-A56P-01	8.15647822845643e-06	0.0134785236303143	0.0134866687801009
TCGA-OY-A56Q-01	1.81255071743476e-07	0.4068880348452	0.40688820477183
TCGA-VG-A8LO-01	2.46960035250486e-06	0.358963740738546	0.358966199010456
TCGA-WR-A838-01	7.21735038798554e-05	0.00069028728385101	0.000762449459288939
