Sample	percent	start	end
TCGA-04-1331-01	0.50306728525422	9.63353952165846e-09	0.50306728525422
TCGA-04-1335-01	0.885087441759353	9.63353952165846e-09	0.885087441759353
TCGA-04-1336-01	0.953733288927854	9.63353952165846e-09	0.953733288927854
TCGA-04-1337-01	1	9.63353952165846e-09	1
TCGA-04-1338-01	1	9.63353952165846e-09	1
TCGA-04-1341-01	1	9.63353952165846e-09	1
TCGA-04-1342-01	0.741239333853461	9.63353952165846e-09	0.741239333853461
TCGA-04-1343-01	1	9.63353952165846e-09	1
TCGA-04-1346-01	1	9.63353952165846e-09	1
TCGA-04-1347-01	1	9.63353952165846e-09	1
TCGA-04-1348-01	0.999985019846103	9.63353952165846e-09	0.999985019846103
TCGA-04-1349-01	1	9.63353952165846e-09	1
TCGA-04-1350-01	1	9.63353952165846e-09	1
TCGA-04-1353-01	0.351642995823851	9.63353952165846e-09	0.351642995823851
TCGA-04-1356-01	0.841571260346433	9.63353952165846e-09	0.841571260346433
TCGA-04-1357-01	0.369213647022316	0.10101430862876	0.470227946017537
TCGA-04-1360-01	0.756535159572405	0.243464850061135	1
TCGA-04-1361-01	0.87795508703243	0.0800400123282331	0.957995089727124
TCGA-04-1362-01	1	9.63353952165846e-09	1
TCGA-04-1364-01	1	9.63353952165846e-09	1
TCGA-04-1365-01	0.720592327423353	9.63353952165846e-09	0.720592327423353
TCGA-04-1367-01	1	9.63353952165846e-09	1
TCGA-04-1371-01	0.934558268063775	9.63353952165846e-09	0.934558268063775
TCGA-04-1514-01	0.262509307564591	0.096023961772497	0.358533259703549
TCGA-04-1516-01	1	9.63353952165846e-09	1
TCGA-04-1517-01	1	9.63353952165846e-09	1
TCGA-04-1525-01	1	9.63353952165846e-09	1
TCGA-04-1530-01	0.741473766036797	9.63353952165846e-09	0.741473766036797
TCGA-04-1536-01	0.579593358086842	0.198815321262117	0.778408669715419
TCGA-04-1542-01	0.780365270485175	9.63353952165846e-09	0.780365270485175
TCGA-04-1638-01	1	9.63353952165846e-09	1
TCGA-04-1644-01	1	9.63353952165846e-09	1
TCGA-04-1646-01	1	9.63353952165846e-09	1
TCGA-04-1648-01	1	9.63353952165846e-09	1
TCGA-04-1649-01	0.958378331194864	0.0416216784386753	1
TCGA-04-1651-01	0.285478700258652	9.63353952165846e-09	0.285478700258652
TCGA-04-1652-01	0.381786610607431	9.63353952165846e-09	0.381786610607431
TCGA-04-1654-01	0.432995760943987	0.0324884182939104	0.465484169604358
TCGA-04-1655-01	1	9.63353952165846e-09	1
TCGA-09-0364-01	1	9.63353952165846e-09	1
TCGA-09-0365-01	1	9.63353952165846e-09	1
TCGA-09-0366-01	1	9.63353952165846e-09	1
TCGA-09-0367-01	0.680106067581765	0.12433861055094	0.804444668499165
TCGA-09-0369-01	0.555723768929267	9.63353952165846e-09	0.555723768929267
TCGA-09-1659-01	0.877720327308752	0.122279682324787	1
TCGA-09-1661-01	0.327166628548357	9.63353952165846e-09	0.327166628548357
TCGA-09-1662-01	0.629212068855878	0.0911477819926547	0.720359841214993
TCGA-09-1665-01	1	9.63353952165846e-09	1
TCGA-09-1666-01	0.634735901861669	0.0653555213913852	0.700091413619515
TCGA-09-1667-01	0.533910786314829	9.63353952165846e-09	0.533910786314829
TCGA-09-1668-01	1	9.63353952165846e-09	1
TCGA-09-1669-01	0.96729456696214	9.63353952165846e-09	0.96729456696214
TCGA-09-1670-01	1	9.63353952165846e-09	1
TCGA-09-1672-01	1	9.63353952165846e-09	1
TCGA-09-1673-01	0.329711096798026	0.0849101807794376	0.414621267943924
TCGA-09-1674-01	0.456954547043642	9.63353952165846e-09	0.456954547043642
TCGA-09-1675-01	0.186113952229224	9.63353952165846e-09	0.186113952229224
TCGA-09-2043-01	0.0531615123489404	9.63353952165846e-09	0.0531615123489404
TCGA-09-2044-01	0.891696618223996	9.63353952165846e-09	0.891696618223996
TCGA-09-2049-01	1	9.63353952165846e-09	1
TCGA-09-2050-01	0.742286326191628	9.63353952165846e-09	0.742286326191628
TCGA-09-2051-01	0.96490945672261	9.63353952165846e-09	0.96490945672261
TCGA-09-2053-01	1	9.63353952165846e-09	1
TCGA-09-2054-01	0.00397963442779237	0.0326822258412433	0.0366618506354962
TCGA-10-0925-01	0.00520909563731967	0.784406270559479	0.789615356563259
TCGA-10-0927-01	0.00346895086622234	0.902099781177041	0.905568722409724
TCGA-10-0928-01	0.793053403034817	9.63353952165846e-09	0.793053403034817
TCGA-10-0930-01	1	9.63353952165846e-09	1
TCGA-10-0931-01	0.000813504241700419	0.242469763233706	0.243283257841867
TCGA-10-0933-01	0.9999641825002	3.58271333398275e-05	1
TCGA-10-0934-01	0.285726908403449	9.63353952165846e-09	0.285726908403449
TCGA-10-0935-01	1	9.63353952165846e-09	1
TCGA-10-0936-01	1	9.63353952165846e-09	1
TCGA-10-0937-01	0.303071094355731	9.63353952165846e-09	0.303071094355731
TCGA-13-0714-01	0.355023770903179	9.63353952165846e-09	0.355023770903179
TCGA-13-0717-01	0.285465531210178	9.63353952165846e-09	0.285465531210178
TCGA-13-0723-01	0.968855855439184	9.63353952165846e-09	0.968855855439184
TCGA-13-0724-01	1	9.63353952165846e-09	1
TCGA-13-0725-01	0.868705155090978	9.63353952165846e-09	0.868705155090978
TCGA-13-0726-01	0.281242148966369	9.63353952165846e-09	0.281242148966369
TCGA-13-0727-01	1	9.63353952165846e-09	1
TCGA-13-0730-01	1	9.63353952165846e-09	1
TCGA-13-0751-01	0.867908846717256	9.63353952165846e-09	0.867908846717256
TCGA-13-0755-01	0.346678370518009	9.63353952165846e-09	0.346678370518009
TCGA-13-0757-01	1	9.63353952165846e-09	1
TCGA-13-0758-01	1	9.63353952165846e-09	1
TCGA-13-0760-01	0.984517996496995	0.015482013136545	1
TCGA-13-0761-01	0.673750041267675	9.63353952165846e-09	0.673750041267675
TCGA-13-0762-01	0.817618456674799	0.182381552958741	1
TCGA-13-0764-01	1	9.63353952165846e-09	1
TCGA-13-0766-01	0.2977670601868	0.0896424162123144	0.387409466765575
TCGA-13-0768-01	1	9.63353952165846e-09	1
TCGA-13-0791-01	0.988534556281628	9.63353952165846e-09	0.988534556281628
TCGA-13-0791-02	0.783163794438109	9.63353952165846e-09	0.783163794438109
TCGA-13-0792-01	0.984761667244695	0.0152383423888444	1
TCGA-13-0793-01	0.927350771728879	0.07264923790466	1
TCGA-13-0794-01	0.00178657843140872	0.023065005573436	0.0248515743713054
TCGA-13-0795-01	1	9.63353952165846e-09	1
TCGA-13-0797-01	0.791210661068219	0.0822511601117671	0.873461811546446
TCGA-13-0799-01	0.036413266782659	9.63353952165846e-09	0.036413266782659
TCGA-13-0800-01	0.999910774157302	9.63353952165846e-09	0.999910774157302
TCGA-13-0801-01	0.999207072998637	9.63353952165846e-09	0.999207072998637
TCGA-13-0802-01	0.986813110210668	9.63353952165846e-09	0.986813110210668
TCGA-13-0803-01	0.798831821588544	0.0676727344446347	0.86650454639964
TCGA-13-0804-01	0.889773388035011	9.63353952165846e-09	0.889773388035011
TCGA-13-0805-01	0.00895673516726575	0.200851244595982	0.209807970129708
TCGA-13-0807-01	0.866719172025797	9.63353952165846e-09	0.866719172025797
TCGA-13-0884-01	0.992412633936183	9.63353952165846e-09	0.992412633936183
TCGA-13-0885-01	0.466103008913712	9.63353952165846e-09	0.466103008913712
TCGA-13-0886-01	0.536071849326587	0.167714180821555	0.703786020514603
TCGA-13-0887-01	0.912139287648116	9.63353952165846e-09	0.912139287648116
TCGA-13-0888-01	1	9.63353952165846e-09	1
TCGA-13-0889-01	0.778812536591193	9.63353952165846e-09	0.778812536591193
TCGA-13-0890-01	0.909688987246899	0.0903110223866406	1
TCGA-13-0891-01	1	9.63353952165846e-09	1
TCGA-13-0893-01	0.805218675228982	9.63353952165846e-09	0.805218675228982
TCGA-13-0897-01	0.978517476690471	9.63353952165846e-09	0.978517476690471
TCGA-13-0899-01	1	9.63353952165846e-09	1
TCGA-13-0900-01	0.837369746237253	9.63353952165846e-09	0.837369746237253
TCGA-13-0901-01	1	9.63353952165846e-09	1
TCGA-13-0903-01	0.00149623318490971	0.21940103911403	0.2208972626654
TCGA-13-0904-01	0.76508961739791	0.234910392235629	1
TCGA-13-0905-01	0.000124002920234091	0.275025683738779	0.275149677025474
TCGA-13-0906-01	0.82334267693539	9.63353952165846e-09	0.82334267693539
TCGA-13-0908-01	0.388381953309375	0.200851244595982	0.589233188271817
TCGA-13-0910-01	1	9.63353952165846e-09	1
TCGA-13-0911-01	1	9.63353952165846e-09	1
TCGA-13-0912-01	0.0160832808698801	0.75967025049428	0.775753521730621
TCGA-13-0913-01	1	9.63353952165846e-09	1
TCGA-13-0916-01	1	9.63353952165846e-09	1
TCGA-13-0919-01	0.96490217376676	9.63353952165846e-09	0.96490217376676
TCGA-13-0920-01	0.838978797803056	0.161021211830484	1
TCGA-13-0921-01	1	9.63353952165846e-09	1
TCGA-13-0923-01	0.528334132612048	0.239197192069859	0.767531315048368
TCGA-13-0924-01	0.28309267483287	0.587185155578821	0.870277820778152
TCGA-13-1403-01	1	9.63353952165846e-09	1
TCGA-13-1404-01	0.385106251245195	9.63353952165846e-09	0.385106251245195
TCGA-13-1405-01	1	9.63353952165846e-09	1
TCGA-13-1407-01	1	9.63353952165846e-09	1
TCGA-13-1408-01	0.357096176451069	9.63353952165846e-09	0.357096176451069
TCGA-13-1409-01	1	9.63353952165846e-09	1
TCGA-13-1410-01	1	9.63353952165846e-09	1
TCGA-13-1411-01	1	9.63353952165846e-09	1
TCGA-13-1412-01	0.641971942374055	9.63353952165846e-09	0.641971942374055
TCGA-13-1481-01	0.745568819901143	9.63353952165846e-09	0.745568819901143
TCGA-13-1482-01	0.000261714367153476	0.202890298830179	0.203152003563793
TCGA-13-1483-01	0.393954088882137	0.00502387157366668	0.398977950822265
TCGA-13-1484-01	1	9.63353952165846e-09	1
TCGA-13-1487-01	0.787683947499252	9.63353952165846e-09	0.787683947499252
TCGA-13-1488-01	0.522670969724704	9.63353952165846e-09	0.522670969724704
TCGA-13-1489-01	1	9.63353952165846e-09	1
TCGA-13-1489-02	1	9.63353952165846e-09	1
TCGA-13-1491-01	1	9.63353952165846e-09	1
TCGA-13-1492-01	0.304979556328688	9.63353952165846e-09	0.304979556328688
TCGA-13-1494-01	1	9.63353952165846e-09	1
TCGA-13-1495-01	0.937480544464916	9.63353952165846e-09	0.937480544464916
TCGA-13-1496-01	1	9.63353952165846e-09	1
TCGA-13-1497-01	0.867106488480739	9.63353952165846e-09	0.867106488480738
TCGA-13-1498-01	0.575001695262111	9.63353952165846e-09	0.575001695262111
TCGA-13-1499-01	0.831378705833581	3.58271333398275e-05	0.831414523333382
TCGA-13-1500-01	0.100013865553379	9.63353952165846e-09	0.100013865553379
TCGA-13-1501-01	0.522850009056009	0.10830923896801	0.63115923839048
TCGA-13-1504-01	1	9.63353952165846e-09	1
TCGA-13-1505-01	0.886886572692709	9.63353952165846e-09	0.886886572692709
TCGA-13-1506-01	1	9.63353952165846e-09	1
TCGA-13-1507-01	1	9.63353952165846e-09	1
TCGA-13-1509-01	1	9.63353952165846e-09	1
TCGA-13-1510-01	0.73603846525886	0.104868398770001	0.840906854395322
TCGA-13-1511-01	0.827110575798871	9.63353952165846e-09	0.827110575798871
TCGA-13-1512-01	0.405395063410221	9.63353952165846e-09	0.405395063410221
TCGA-13-1817-01	0.999985019846103	9.63353952165846e-09	0.999985019846103
TCGA-13-1817-02	0.991091740803416	9.63353952165846e-09	0.991091740803416
TCGA-13-1819-01	0.821880007002042	9.63353952165846e-09	0.821880007002042
TCGA-13-1819-02	0.792644025774458	9.63353952165846e-09	0.792644025774458
TCGA-13-2057-01	1	9.63353952165846e-09	1
TCGA-13-2059-01	1	9.63353952165846e-09	1
TCGA-13-2060-01	1	9.63353952165846e-09	1
TCGA-13-2061-01	0.375554702816048	0.130657056427504	0.506211749610013
TCGA-13-2065-01	1	9.63353952165846e-09	1
TCGA-13-2071-01	0.836944020860389	9.63353952165846e-09	0.836944020860389
TCGA-13-A5FT-01	0.942416172816913	0.0561405495647196	0.998556712748093
TCGA-13-A5FU-01	0.317901543049297	9.63353952165846e-09	0.317901543049297
TCGA-20-0987-01	0.357749590533629	0.128696775645665	0.486446356545755
TCGA-20-0990-01	1	9.63353952165846e-09	1
TCGA-20-0991-01	0.386276601056451	9.63353952165846e-09	0.386276601056451
TCGA-20-1682-01	1	9.63353952165846e-09	1
TCGA-20-1683-01	1	9.63353952165846e-09	1
TCGA-20-1684-01	0.4597287270423	9.63353952165846e-09	0.4597287270423
TCGA-20-1685-01	1	9.63353952165846e-09	1
TCGA-20-1686-01	0.994522831859468	0.00547717777407186	1
TCGA-20-1687-01	1	9.63353952165846e-09	1
TCGA-23-1021-01	1	9.63353952165846e-09	1
TCGA-23-1022-01	1	9.63353952165846e-09	1
TCGA-23-1023-01	0.931445257214396	9.63353952165846e-09	0.931445257214396
TCGA-23-1024-01	0.64675982113099	9.63353952165846e-09	0.64675982113099
TCGA-23-1026-01	0.721836027004237	9.63353952165846e-09	0.721836027004237
TCGA-23-1027-01	0.407573765432774	9.63353952165846e-09	0.407573765432774
TCGA-23-1028-01	1	9.63353952165846e-09	1
TCGA-23-1029-01	0.574435156438614	9.63353952165846e-09	0.574435156438614
TCGA-23-1030-01	0.269589400339815	0.108305530055309	0.377894920761585
TCGA-23-1031-01	0.866416014171784	9.63353952165846e-09	0.866416014171784
TCGA-23-1032-01	0.625806497045919	9.63353952165846e-09	0.625806497045919
TCGA-23-1109-01	1	9.63353952165846e-09	1
TCGA-23-1110-01	0.950852841355151	0.0172620022269467	0.968114833948558
TCGA-23-1111-01	0.000541106279259528	0.117832724896641	0.118373821542361
TCGA-23-1113-01	1	9.63353952165846e-09	1
TCGA-23-1114-01	1	9.63353952165846e-09	1
TCGA-23-1116-01	0.282964664360211	0.157055006556731	0.440019661283403
TCGA-23-1117-01	0.996844611210432	0.00315539842310708	1
TCGA-23-1118-01	0.610016576720396	9.63353952165846e-09	0.610016576720396
TCGA-23-1119-01	1	9.63353952165846e-09	1
TCGA-23-1120-01	0.934124961091338	0.0113694936651145	0.945494445122913
TCGA-23-1121-01	0.775518126193337	9.63353952165846e-09	0.775518126193337
TCGA-23-1122-01	0.932274425591297	9.63353952165846e-09	0.932274425591297
TCGA-23-1123-01	1	9.63353952165846e-09	1
TCGA-23-1124-01	0.981631287123627	9.63353952165846e-09	0.981631287123627
TCGA-23-1809-01	1	9.63353952165846e-09	1
TCGA-23-2072-01	0.702105102744252	9.63353952165846e-09	0.702105102744252
TCGA-23-2077-01	1	9.63353952165846e-09	1
TCGA-23-2078-01	0.838104477026595	0.0518901452426591	0.889994612635715
TCGA-23-2079-01	1	9.63353952165846e-09	1
TCGA-23-2081-01	0.428930696288054	9.63353952165846e-09	0.428930696288054
TCGA-23-2084-01	0.83689287639927	0.163107133234269	1
TCGA-23-2641-01	1	9.63353952165846e-09	1
TCGA-23-2643-01	0.966815558478393	0.0331844511551467	1
TCGA-23-2645-01	1	9.63353952165846e-09	1
TCGA-24-0966-01	0.00530440987697132	0.953529327629905	0.958833727873337
TCGA-24-0968-01	0.924566919656579	3.58271333398275e-05	0.92460273715638
TCGA-24-0970-01	0.802636221933128	9.63353952165846e-09	0.802636221933128
TCGA-24-0975-01	0.081532026022849	9.63353952165846e-09	0.081532026022849
TCGA-24-0979-01	1	9.63353952165846e-09	1
TCGA-24-0980-01	0.494083720679492	9.63353952165846e-09	0.494083720679492
TCGA-24-0982-01	1	9.63353952165846e-09	1
TCGA-24-1103-01	0.0672195823808613	9.63353952165846e-09	0.0672195823808612
TCGA-24-1104-01	0.877596488158689	9.63353952165846e-09	0.877596488158689
TCGA-24-1105-01	0.739278600295266	9.63353952165846e-09	0.739278600295266
TCGA-24-1413-01	1	9.63353952165846e-09	1
TCGA-24-1416-01	7.99583777146483e-07	0.954985215551457	0.954986005501695
TCGA-24-1417-01	0.947940400797823	9.63353952165846e-09	0.947940400797823
TCGA-24-1418-01	1	9.63353952165846e-09	1
TCGA-24-1419-01	0.477755150627278	9.63353952165846e-09	0.477755150627278
TCGA-24-1422-01	0.559771223475024	0.219271785914777	0.779042999756262
TCGA-24-1423-01	0.940968540838698	9.63353952165846e-09	0.940968540838698
TCGA-24-1424-01	1	9.63353952165846e-09	1
TCGA-24-1425-01	0.0740441455212803	0.115400814922299	0.18944495081004
TCGA-24-1426-01	0.870052559724404	9.63353952165846e-09	0.870052559724404
TCGA-24-1427-01	1	9.63353952165846e-09	1
TCGA-24-1428-01	1	9.63353952165846e-09	1
TCGA-24-1430-01	6.40630375665556e-06	0.892031210317344	0.892037606987561
TCGA-24-1431-01	0.279988902547856	9.63353952165846e-09	0.279988902547856
TCGA-24-1434-01	1	9.63353952165846e-09	1
TCGA-24-1435-01	0.312077114710996	9.63353952165846e-09	0.312077114710996
TCGA-24-1436-01	1	9.63353952165846e-09	1
TCGA-24-1463-01	0.304979556328688	9.63353952165846e-09	0.304979556328688
TCGA-24-1466-01	0.189902409065962	9.63353952165846e-09	0.189902409065962
TCGA-24-1467-01	1	9.63353952165846e-09	1
TCGA-24-1469-01	0.756449767878421	9.63353952165846e-09	0.756449767878421
TCGA-24-1470-01	0.836400747034746	0.114667953039616	0.951068690440823
TCGA-24-1471-01	0.325474574406362	9.63353952165846e-09	0.325474574406362
TCGA-24-1474-01	1	9.63353952165846e-09	1
TCGA-24-1544-01	0.346678370518009	9.63353952165846e-09	0.346678370518009
TCGA-24-1545-01	0.295301403923646	9.63353952165846e-09	0.295301403923646
TCGA-24-1546-01	0.895371264425274	0.104628745208265	1
TCGA-24-1548-01	1	9.63353952165846e-09	1
TCGA-24-1549-01	0.52348511941355	9.63353952165846e-09	0.52348511941355
TCGA-24-1550-01	0.8195648940604	9.63353952165846e-09	0.8195648940604
TCGA-24-1551-01	0.921836928703533	9.63353952165846e-09	0.921836928703533
TCGA-24-1552-01	0.00841831664552217	0.166396370421423	0.174814677433406
TCGA-24-1553-01	1	9.63353952165846e-09	1
TCGA-24-1555-01	0.408125102530965	9.63353952165846e-09	0.408125102530965
TCGA-24-1556-01	0.656792227683465	0.206220497827218	0.863012715877143
TCGA-24-1557-01	0.93927672753519	0.0607083019444519	0.999985019846103
TCGA-24-1558-01	1	9.63353952165846e-09	1
TCGA-24-1560-01	0.0149229210390693	0.784942685305009	0.799865596710539
TCGA-24-1562-01	0.352089943888197	9.63353952165846e-09	0.352089943888197
TCGA-24-1563-01	0.588152517079615	0.0897323934710921	0.677884900917168
TCGA-24-1564-01	0.581952255465437	9.63353952165846e-09	0.581952255465437
TCGA-24-1565-01	0.00367133226369576	0.771718089842139	0.775389412472295
TCGA-24-1567-01	1	9.63353952165846e-09	1
TCGA-24-1614-01	0.976935004060103	0.023065005573436	1
TCGA-24-1616-01	1	9.63353952165846e-09	1
TCGA-24-1842-01	1	9.63353952165846e-09	1
TCGA-24-1843-01	1	9.63353952165846e-09	1
TCGA-24-1845-01	0.843571221677406	9.63353952165846e-09	0.843571221677406
TCGA-24-1846-01	1	9.63353952165846e-09	1
TCGA-24-1847-01	1	9.63353952165846e-09	1
TCGA-24-1849-01	0.689870700270752	9.63353952165846e-09	0.689870700270752
TCGA-24-1850-01	0.983711043062143	9.63353952165846e-09	0.983711043062143
TCGA-24-1852-01	0.450917381252922	9.63353952165846e-09	0.450917381252922
TCGA-24-1852-02	1	9.63353952165846e-09	1
TCGA-24-1920-01	0.966215466036875	0.0164058599394915	0.982621316342827
TCGA-24-1923-01	1	9.63353952165846e-09	1
TCGA-24-1924-01	0.739228110914832	9.63353952165846e-09	0.739228110914832
TCGA-24-1927-01	0.711376652348305	9.63353952165846e-09	0.711376652348305
TCGA-24-1928-01	1	9.63353952165846e-09	1
TCGA-24-1930-01	1	9.63353952165846e-09	1
TCGA-24-2019-01	1	9.63353952165846e-09	1
TCGA-24-2020-01	0.926363102726853	9.63353952165846e-09	0.926363102726853
TCGA-24-2023-01	1	9.63353952165846e-09	1
TCGA-24-2026-01	1	9.63353952165846e-09	1
TCGA-24-2027-01	0.729388808661307	9.63353952165846e-09	0.729388808661307
TCGA-24-2029-01	0.0123526927048202	0.264961033729652	0.277313716800932
TCGA-24-2030-01	0.0322152207476923	0.109742738543802	0.141957949657955
TCGA-24-2033-01	0.891049928351995	0.108950081281544	1
TCGA-24-2035-01	1.65407872935001e-05	0.154245163194904	0.154261694348658
TCGA-24-2038-01	1	9.63353952165846e-09	1
TCGA-24-2254-01	1	9.63353952165846e-09	1
TCGA-24-2260-01	1	9.63353952165846e-09	1
TCGA-24-2261-01	1	9.63353952165846e-09	1
TCGA-24-2262-01	0.815409486071188	9.63353952165846e-09	0.815409486071188
TCGA-24-2267-01	0.96205002953306	0.0379499801004791	1
TCGA-24-2271-01	0.5425535836974	9.63353952165846e-09	0.5425535836974
TCGA-24-2280-01	1	9.63353952165846e-09	1
TCGA-24-2281-01	0.976740502897928	0.0232595067356118	1
TCGA-24-2288-01	0.816241467441618	0.00516355789618028	0.821405015704259
TCGA-24-2289-01	0.614753869761502	0.0142678692547967	0.629021729382759
TCGA-24-2290-01	1	9.63353952165846e-09	1
TCGA-24-2293-01	1	9.63353952165846e-09	1
TCGA-24-2295-01	1	9.63353952165846e-09	1
TCGA-24-2297-01	0.358508549674773	0.105588862287368	0.464097402328602
TCGA-24-2298-01	0.965026369357784	9.63353952165846e-09	0.965026369357784
TCGA-25-1312-01	1	9.63353952165846e-09	1
TCGA-25-1313-01	0.811619410799816	0.188380598833723	1
TCGA-25-1314-01	0.000141526328554928	0.0767237337957484	0.0768652504907638
TCGA-25-1315-01	1.68972282543968e-05	0.228734927352082	0.228751814946797
TCGA-25-1317-01	0.778475343442185	9.63353952165846e-09	0.778475343442185
TCGA-25-1318-01	0.762367680083872	0.237632329549668	1
TCGA-25-1319-01	1	9.63353952165846e-09	1
TCGA-25-1320-01	1	9.63353952165846e-09	1
TCGA-25-1321-01	0.922045880174934	9.63353952165846e-09	0.922045880174934
TCGA-25-1322-01	0.176727233660643	0.141236985196535	0.317964209223638
TCGA-25-1323-01	1	9.63353952165846e-09	1
TCGA-25-1329-01	1	9.63353952165846e-09	1
TCGA-25-1623-01	1	9.63353952165846e-09	1
TCGA-25-1625-01	1	9.63353952165846e-09	1
TCGA-25-1626-01	1	9.63353952165846e-09	1
TCGA-25-1627-01	1	9.63353952165846e-09	1
TCGA-25-1628-01	0.943856348435567	9.63353952165846e-09	0.943856348435567
TCGA-25-1630-01	0.796527132136624	0.167004400899476	0.96353152340256
TCGA-25-1631-01	0.49234254511967	0.144316808502392	0.636659343988523
TCGA-25-1632-01	0.17818321791759	0.10358472000026	0.28176792828431
TCGA-25-1633-01	0.940822053237309	0.0591779563962305	1
TCGA-25-1634-01	0.833670534510291	0.166329475123248	1
TCGA-25-1635-01	4.65107286272677e-05	0.298745731462948	0.298792232558036
TCGA-25-1870-01	1	9.63353952165846e-09	1
TCGA-25-1871-01	1	9.63353952165846e-09	1
TCGA-25-1877-01	1	9.63353952165846e-09	1
TCGA-25-1878-01	1	9.63353952165846e-09	1
TCGA-25-2042-01	0.0102489877871478	0.394518797333132	0.40476777548674
TCGA-25-2391-01	0.986581606623336	9.63353952165846e-09	0.986581606623336
TCGA-25-2392-01	0.00100482633584655	0.129582868607375	0.130587685309682
TCGA-25-2393-01	4.23875737282473e-07	0.428930282045856	0.428930696288054
TCGA-25-2396-01	1	9.63353952165846e-09	1
TCGA-25-2397-01	0.000121035790073113	0.015482013136545	0.0156030392930785
TCGA-25-2398-01	1	9.63353952165846e-09	1
TCGA-25-2399-01	0.331227184707812	9.63353952165846e-09	0.331227184707812
TCGA-25-2400-01	1	9.63353952165846e-09	1
TCGA-25-2401-01	0.00129101952682809	0.0344978108600374	0.035788820753326
TCGA-25-2404-01	1	9.63353952165846e-09	1
TCGA-29-1688-01	0.712210146184434	9.63353952165846e-09	0.712210146184434
TCGA-29-1691-01	0.814334200027558	9.63353952165846e-09	0.814334200027558
TCGA-29-1692-01	0.750227098651404	9.63353952165846e-09	0.750227098651404
TCGA-29-1692-02	0.669356733020913	9.63353952165846e-09	0.669356733020913
TCGA-29-1693-01	1	9.63353952165846e-09	1
TCGA-29-1694-01	0.796501054145241	9.63353952165846e-09	0.796501054145241
TCGA-29-1695-01	0.529478722338724	9.63353952165846e-09	0.529478722338724
TCGA-29-1697-01	1	9.63353952165846e-09	1
TCGA-29-1698-01	1	9.63353952165846e-09	1
TCGA-29-1699-01	0.000338156502956577	0.0607083019444519	0.061046448813869
TCGA-29-1701-01	1	9.63353952165846e-09	1
TCGA-29-1702-01	1	9.63353952165846e-09	1
TCGA-29-1703-01	1	9.63353952165846e-09	1
TCGA-29-1704-01	0.995810710852424	9.63353952165846e-09	0.995810710852424
TCGA-29-1704-02	0.711045576496869	9.63353952165846e-09	0.711045576496869
TCGA-29-1705-01	1	9.63353952165846e-09	1
TCGA-29-1705-02	0.921579395292515	9.63353952165846e-09	0.921579395292515
TCGA-29-1707-01	0.0295964779086033	9.63353952165846e-09	0.0295964779086033
TCGA-29-1707-02	0.017814514616955	0.800217008963825	0.818031513947241
TCGA-29-1710-01	1	9.63353952165846e-09	1
TCGA-29-1710-02	1	9.63353952165846e-09	1
TCGA-29-1711-01	0.804737971242286	9.63353952165846e-09	0.804737971242286
TCGA-29-1761-01	0.897621081236296	0.102378928397244	1
TCGA-29-1762-01	1	9.63353952165846e-09	1
TCGA-29-1763-01	0.919587815140893	0.0804121944926461	1
TCGA-29-1764-01	0.73630566110998	0.24145578503535	0.977761436511791
TCGA-29-1766-01	1	9.63353952165846e-09	1
TCGA-29-1768-01	0.872829003604842	0.127171006028698	1
TCGA-29-1769-01	0.793645836812446	0.0969156710877259	0.890561498266632
TCGA-29-1770-01	0.932780427252678	0.0672195823808612	1
TCGA-29-1770-02	0.932780427252678	0.0672195823808612	1
TCGA-29-1775-01	1	9.63353952165846e-09	1
TCGA-29-1776-01	0.840901353644277	3.58271333398275e-05	0.840937171144077
TCGA-29-1777-01	1	9.63353952165846e-09	1
TCGA-29-1778-01	1	9.63353952165846e-09	1
TCGA-29-1781-01	1	9.63353952165846e-09	1
TCGA-29-1783-01	0.776277075700941	9.63353952165846e-09	0.776277075700941
TCGA-29-1784-01	0.76572457361882	9.63353952165846e-09	0.76572457361882
TCGA-29-1785-01	0.220837515453522	0.170044129414002	0.390881635233985
TCGA-29-2425-01	0.649173831988971	9.63353952165846e-09	0.649173831988971
TCGA-29-2428-01	1	9.63353952165846e-09	1
TCGA-29-2429-01	0.944656038181647	0.0154232967133918	0.9600793252615
TCGA-29-2431-01	1	9.63353952165846e-09	1
TCGA-29-2432-01	0.883814860827097	9.63353952165846e-09	0.883814860827097
TCGA-29-2434-01	1	9.63353952165846e-09	1
TCGA-29-A5NZ-01	1	9.63353952165846e-09	1
TCGA-30-1714-01	0.74889029091141	9.63353952165846e-09	0.74889029091141
TCGA-30-1718-01	0.913507394757892	0.0864926148756473	1
TCGA-30-1853-01	1	9.63353952165846e-09	1
TCGA-30-1855-01	0.989055162388866	9.63353952165846e-09	0.989055162388866
TCGA-30-1856-01	0.82548468480605	9.63353952165846e-09	0.82548468480605
TCGA-30-1857-01	0.750909500054271	9.63353952165846e-09	0.75090950005427
TCGA-30-1859-01	1	9.63353952165846e-09	1
TCGA-30-1860-01	0.962184166936831	9.63353952165846e-09	0.962184166936831
TCGA-30-1861-01	1	9.63353952165846e-09	1
TCGA-30-1862-01	0.212088103689485	0.099068006112712	0.311156100168657
TCGA-30-1866-01	0.803913455864955	0.196086553768584	1
TCGA-30-1867-01	0.818680458067481	9.63353952165846e-09	0.818680458067481
TCGA-30-1880-01	1	9.63353952165846e-09	1
TCGA-30-1887-01	1	9.63353952165846e-09	1
TCGA-30-1891-01	0.73155967861626	0.175828703799459	0.90738837278218
TCGA-30-1892-01	0.937994879137951	0.0620051304955886	1
TCGA-31-1944-01	0.386671460572808	0.0312310487204989	0.417902499659767
TCGA-31-1946-01	0.938562265712922	9.63353952165846e-09	0.938562265712922
TCGA-31-1950-01	1	9.63353952165846e-09	1
TCGA-31-1951-01	0.86545555028526	9.63353952165846e-09	0.86545555028526
TCGA-31-1953-01	0.898365118024779	0.0620051304955886	0.960370238886828
TCGA-31-1955-01	0.000450762945981459	0.463714575103059	0.464165328415501
TCGA-31-1956-01	0.779366156838242	0.117732603520787	0.89709875072549
TCGA-31-1959-01	1	9.63353952165846e-09	1
TCGA-36-1568-01	0.2971845393213	9.63353952165846e-09	0.2971845393213
TCGA-36-1569-01	1	9.63353952165846e-09	1
TCGA-36-1570-01	0.496712877374763	9.63353952165846e-09	0.496712877374763
TCGA-36-1571-01	0.0113037736587567	0.988162499353228	0.999466263378445
TCGA-36-1574-01	0.82949459744844	9.63353952165846e-09	0.82949459744844
TCGA-36-1575-01	0.308704306568821	0.691295703064719	1
TCGA-36-1576-01	1	9.63353952165846e-09	1
TCGA-36-1577-01	0.309178594618221	9.63353952165846e-09	0.309178594618221
TCGA-36-1578-01	1	9.63353952165846e-09	1
TCGA-36-1580-01	1	9.63353952165846e-09	1
TCGA-36-1581-01	1	9.63353952165846e-09	1
TCGA-36-2529-01	0.83492160374888	0.0568565142191476	0.891778108334488
TCGA-36-2530-01	0.958831078649979	9.63353952165846e-09	0.958831078649979
TCGA-36-2532-01	0.835554122684301	9.63353952165846e-09	0.835554122684301
TCGA-36-2533-01	0.994522831859468	0.00547717777407186	1
TCGA-36-2534-01	0.957170882623057	9.63353952165846e-09	0.957170882623057
TCGA-36-2537-01	0.0371238173878972	9.63353952165846e-09	0.0371238173878972
TCGA-36-2538-01	0.557212237481353	9.63353952165846e-09	0.557212237481353
TCGA-36-2542-01	0.806533720803283	9.63353952165846e-09	0.806533720803283
TCGA-36-2543-01	1	9.63353952165846e-09	1
TCGA-36-2544-01	0.867017956252883	9.63353952165846e-09	0.867017956252883
TCGA-36-2545-01	1	9.63353952165846e-09	1
TCGA-36-2547-01	0.186004524854228	9.63353952165846e-09	0.186004524854228
TCGA-36-2548-01	1	9.63353952165846e-09	1
TCGA-36-2549-01	2.29278239711883e-05	0.378727778784108	0.37875069697454
TCGA-36-2551-01	1	9.63353952165846e-09	1
TCGA-36-2552-01	1	9.63353952165846e-09	1
TCGA-3P-A9WA-01	1	9.63353952165846e-09	1
TCGA-42-2582-01	0.962805202693187	9.63353952165846e-09	0.962805202693187
TCGA-42-2587-01	0.960643966277718	0.0346248676122879	0.995268824256466
TCGA-42-2588-01	0.99588561162191	9.63353952165846e-09	0.99588561162191
TCGA-42-2589-01	0.611752733206147	9.63353952165846e-09	0.611752733206147
TCGA-42-2590-01	0.732083935834963	9.63353952165846e-09	0.732083935834962
TCGA-42-2591-01	0.860573108704754	0.139426900928786	1
TCGA-42-2593-01	0.885159683671942	0.114840325961598	1
TCGA-57-1582-01	1	9.63353952165846e-09	1
TCGA-57-1583-01	0.339988320489401	0.660011689144139	1
TCGA-57-1584-01	0.332218870895803	9.63353952165846e-09	0.332218870895803
TCGA-57-1585-01	1	9.63353952165846e-09	1
TCGA-57-1586-01	1	9.63353952165846e-09	1
TCGA-57-1992-01	1	9.63353952165846e-09	1
TCGA-57-1993-01	0.977930331726019	9.63353952165846e-09	0.977930331726019
TCGA-57-1994-01	1	9.63353952165846e-09	1
TCGA-59-2348-01	0.914279850487853	0.085720159145687	1
TCGA-59-2350-01	1	9.63353952165846e-09	1
TCGA-59-2351-01	0.851086663735438	0.148913345898102	1
TCGA-59-2352-01	0.8505462703381	0.14945373929544	1
TCGA-59-2354-01	0.289855486985199	9.63353952165846e-09	0.289855486985199
TCGA-59-2355-01	0.541462036239121	9.63353952165846e-09	0.541462036239121
TCGA-59-2363-01	1	9.63353952165846e-09	1
TCGA-59-2372-01	0.527223501112052	0.103854825180304	0.631078316658817
TCGA-59-A5PD-01	0.870727023090737	9.63353952165846e-09	0.870727023090737
TCGA-5X-AA5U-01	1	9.63353952165846e-09	1
TCGA-61-1722-01	1	9.63353952165846e-09	1
TCGA-61-1724-01	1	9.63353952165846e-09	1
TCGA-61-1725-01	0.457017059081351	9.63353952165846e-09	0.457017059081351
TCGA-61-1727-01	0.790199650000024	0.209800359633516	1
TCGA-61-1728-01	0.785319703506243	9.63353952165846e-09	0.785319703506243
TCGA-61-1733-01	1	9.63353952165846e-09	1
TCGA-61-1734-01	0.000418326818539866	0.0674015021404714	0.0678198193254717
TCGA-61-1736-01	1	9.63353952165846e-09	1
TCGA-61-1737-01	0.772221683118649	0.0521619844598099	0.824383657944919
TCGA-61-1738-01	0.279108108032862	0.0024790950507334	0.281587193450056
TCGA-61-1740-01	0.897621081236296	0.102378928397244	1
TCGA-61-1741-01	0.521003933884749	9.63353952165846e-09	0.521003933884749
TCGA-61-1743-01	0.00241600500065474	0.814287785634325	0.816703781001441
TCGA-61-1895-01	0.866527214118045	9.63353952165846e-09	0.866527214118045
TCGA-61-1899-01	1	9.63353952165846e-09	1
TCGA-61-1900-01	0.791102563121672	0.0397180236019212	0.830820577090054
TCGA-61-1901-01	0.533723953450082	9.63353952165846e-09	0.533723953450082
TCGA-61-1903-01	0.921421665350549	9.63353952165846e-09	0.921421665350549
TCGA-61-1904-01	1	9.63353952165846e-09	1
TCGA-61-1906-01	1	9.63353952165846e-09	1
TCGA-61-1907-01	0.895484092439707	9.63353952165846e-09	0.895484092439707
TCGA-61-1910-01	0.201966326791219	0.0885758870560748	0.290542204213754
TCGA-61-1911-01	1	9.63353952165846e-09	1
TCGA-61-1913-01	0.586014805767565	9.63353952165846e-09	0.586014805767565
TCGA-61-1914-01	1	9.63353952165846e-09	1
TCGA-61-1915-01	1	9.63353952165846e-09	1
TCGA-61-1916-02	0.875846729115187	9.63353952165846e-09	0.875846729115187
TCGA-61-1917-01	0.987534402212431	9.63353952165846e-09	0.987534402212431
TCGA-61-1918-01	1	9.63353952165846e-09	1
TCGA-61-1919-01	0.25096306735057	0.0929856012205772	0.343948658937607
TCGA-61-1995-01	1	9.63353952165846e-09	1
TCGA-61-1998-01	1	9.63353952165846e-09	1
TCGA-61-2000-01	0.919680008113752	9.63353952165846e-09	0.919680008113752
TCGA-61-2002-01	0.979384138803043	9.63353952165846e-09	0.979384138803043
TCGA-61-2003-01	0.61912336389866	0.0380967856086711	0.657220139873791
TCGA-61-2008-01	1	9.63353952165846e-09	1
TCGA-61-2008-02	0.702100478645299	9.63353952165846e-09	0.702100478645299
TCGA-61-2009-01	0.670586425435388	9.63353952165846e-09	0.670586425435388
TCGA-61-2016-01	1	9.63353952165846e-09	1
TCGA-61-2087-01	0.825753316054553	9.63353952165846e-09	0.825753316054553
TCGA-61-2092-01	0.000424713855217554	0.016837702613927	0.0172624068356051
TCGA-61-2094-01	0.866955087774213	6.2878112210063e-05	0.867017956252883
TCGA-61-2095-02	0.000331037317278128	0.041950856482833	0.0422818841665717
TCGA-61-2096-01	0.00948932539762169	0.0135813254299518	0.023070641194034
TCGA-61-2097-01	1	9.63353952165846e-09	1
TCGA-61-2098-01	1	9.63353952165846e-09	1
TCGA-61-2102-01	1	9.63353952165846e-09	1
TCGA-61-2104-01	1	9.63353952165846e-09	1
TCGA-61-2109-01	0.998690686381692	9.63353952165846e-09	0.998690686381692
TCGA-61-2110-01	0.00111203799676057	0.221384074316129	0.22249610267935
TCGA-61-2111-01	1	9.63353952165846e-09	1
TCGA-61-2113-01	0.99972460600678	6.2878112210063e-05	0.99978747448545
TCGA-61-2610-02	0.940569635235757	9.63353952165846e-09	0.940569635235757
TCGA-61-2611-02	0.518763654277816	0.00390732508042779	0.522670969724704
TCGA-61-2612-01	1	9.63353952165846e-09	1
TCGA-61-2613-01	0.866536751322133	9.63353952165846e-09	0.866536751322133
TCGA-61-2614-01	1	9.63353952165846e-09	1
TCGA-72-4231-01	0.559678780030139	0.219271785914777	0.778950556311376
TCGA-72-4232-01	0.477755150627278	9.63353952165846e-09	0.477755150627278
TCGA-72-4233-01	0.777964438309207	9.63353952165846e-09	0.777964438309207
TCGA-72-4234-01	1	9.63353952165846e-09	1
TCGA-72-4235-01	0.999985019846103	9.63353952165846e-09	0.999985019846103
TCGA-72-4236-01	0.000102038450211272	0.280972294258352	0.281074323075023
TCGA-72-4237-01	0.0150019064292961	0.784877023099889	0.799878919895645
TCGA-72-4238-01	0.352089943888197	9.63353952165846e-09	0.352089943888197
TCGA-72-4240-01	0.00845045413323977	0.166329475123248	0.174779919622949
TCGA-72-4241-01	1	9.63353952165846e-09	1
TCGA-OY-A56P-01	0.843177171378365	0.156822838255175	1
TCGA-OY-A56Q-01	1	9.63353952165846e-09	1
TCGA-VG-A8LO-01	0.811046407871326	9.63353952165846e-09	0.811046407871326
