Sample	percent	start	end
TCGA-04-1331-01	6.45447145407402e-07	0.784751160906534	0.78475179672014
TCGA-04-1332-01	3.99117540809383e-05	0.876000133597926	0.876040035718467
TCGA-04-1335-01	2.47581964730899e-06	0.894135300576595	0.894137766762703
TCGA-04-1337-01	0.000224528904746423	0.780366599913624	0.780591119184831
TCGA-04-1338-01	6.17413545509857e-05	0.00299137777985781	0.00305310950086923
TCGA-04-1341-01	1.71187996625217e-05	0.377626434016174	0.377643543182297
TCGA-04-1343-01	2.61068920008069e-06	0.745709585180079	0.745712186235739
TCGA-04-1346-01	1.73403710706466e-06	0.218207905981895	0.218209630385463
TCGA-04-1347-01	3.17906802961855e-06	0.96490628728812	0.96490945672261
TCGA-04-1348-01	1.8111054229342e-06	0.474475758917476	0.47447756038936
TCGA-04-1349-01	1.92670789673851e-08	0.675454676812235	0.675454686445775
TCGA-04-1351-01	0.187576920802296	9.63353952165846e-09	0.187576920802296
TCGA-04-1353-01	4.04608658315088e-07	0.540230638688158	0.540231033663277
TCGA-04-1356-01	2.21571408124929e-06	0.179291113492372	0.179293319572914
TCGA-04-1357-01	0.101004906294224	9.63353952165846e-09	0.101004906294224
TCGA-04-1360-01	0.243448781317276	9.63353952165846e-09	0.243448781317276
TCGA-04-1361-01	0.0260666527063835	9.63353952165846e-09	0.0260666527063835
TCGA-04-1364-01	1.83037250190159e-07	0.591556692026349	0.59155686543006
TCGA-04-1365-01	4.07498720160196e-06	0.77612446116844	0.776128526522102
TCGA-04-1367-01	4.75896850494413e-06	0.125841433076856	0.125846182411822
TCGA-04-1371-01	3.40063943774348e-06	0.319325409085605	0.319328800091503
TCGA-04-1514-01	0.971677952663234	9.63353952165846e-09	0.971677952663234
TCGA-04-1516-01	2.06446751135532e-05	0.179689749356207	0.179710384397782
TCGA-04-1517-01	3.56440960896625e-07	0.0258468153353656	0.025847162142787
TCGA-04-1519-01	1.26199367236373e-06	0.804133100565183	0.804134352925316
TCGA-04-1525-01	1.8111054229342e-06	0.474475758917476	0.47447756038936
TCGA-04-1530-01	0.000474095378610962	0.727895716010269	0.728369801755341
TCGA-04-1536-01	9.34453329918179e-07	0.014735259689927	0.0147361845097175
TCGA-04-1638-01	0.00141543668925998	0.0543712248025262	0.0557866518582467
TCGA-04-1644-01	0.000551471967743981	0.678987006734721	0.679538469068925
TCGA-04-1646-01	2.89006184510777e-08	0.582932410306666	0.582932429573745
TCGA-04-1649-01	9.63353948369257e-08	0.0724357201355436	0.0724358068373989
TCGA-04-1651-01	0.862705001358955	0.017212534001698	0.879917525727114
TCGA-04-1652-01	0.0106379419438018	0.770212935999667	0.78085086830993
TCGA-04-1654-01	0.127716110226843	0.583407314902593	0.711123415495897
TCGA-04-1655-01	1.71187996625217e-05	0.377626434016174	0.377643543182297
TCGA-09-0365-01	1.73403710706466e-06	0.218207905981895	0.218209630385463
TCGA-09-0367-01	6.69049317142449e-05	0.345739659163639	0.345806554461814
TCGA-09-0369-01	0.390084546543565	0.412775905654586	0.802860442564611
TCGA-09-1659-01	2.61068920008069e-06	0.745709585180079	0.745712186235739
TCGA-09-1661-01	1.25236013288003e-07	0.348434747803136	0.34843486340561
TCGA-09-1665-01	2.04231037054282e-06	0.172605485258387	0.172607517935218
TCGA-09-1666-01	0.111389235677578	9.63353952165846e-09	0.111389235677578
TCGA-09-1667-01	0.00253422779719862	0.664795126839371	0.667329345003031
TCGA-09-1668-01	0.000130919801583382	0.718514767931839	0.718645678099883
TCGA-09-1669-01	2.50472026576007e-07	0.203167465394664	0.203167706233152
TCGA-09-1672-01	6.77719502677772e-05	0.38627662032353	0.386344382640258
TCGA-09-1673-01	1.38722968565173e-06	0.195111427634966	0.195112805231112
TCGA-09-1675-01	1.4508110462441e-05	0.186133912923034	0.186148411399957
TCGA-09-2043-01	3.52780215892822e-05	0.118227064201866	0.118262332589916
TCGA-09-2044-01	4.43817164013717e-05	0.38627662032353	0.386320992406391
TCGA-09-2050-01	1.22056945258385e-05	0.365906558886498	0.365918754947485
TCGA-09-2051-01	1.28126075133111e-06	0.561700513160345	0.561701784787557
TCGA-09-2053-01	1.34869552771696e-07	0.273535365547112	0.273535490783126
TCGA-09-2054-01	4.25802445179212e-05	0.0813066011989306	0.0813491718099091
TCGA-10-0925-01	0.000138125689117184	0.369704581827944	0.369842697883522
TCGA-10-0927-01	0.000816269067532239	0.225050936617505	0.225867196051497
TCGA-10-0928-01	1.71187996625217e-05	0.377626434016174	0.377643543182297
TCGA-10-0930-01	2.98350717809959e-05	0.0931694380545445	0.093199263492786
TCGA-10-0931-01	5.15394362377553e-06	0.280337126099573	0.280342270409658
TCGA-10-0933-01	1.76871784920596e-05	0.0564272051655964	0.0564448827105489
TCGA-10-0936-01	1.38915639354847e-05	0.139840150872018	0.139854032802414
TCGA-10-0937-01	1.22056945258385e-05	0.365906558886498	0.365918754947485
TCGA-10-0938-01	0.695630978869631	0.162528533219339	0.85815950245543
TCGA-13-0717-01	4.40927102168609e-05	0.0602481462974739	0.0602922293741512
TCGA-13-0720-01	0.000169232388110027	0.805827370421259	0.80599659317583
TCGA-13-0723-01	3.52780215892822e-05	0.118227064201866	0.118262332589916
TCGA-13-0724-01	8.304111034943e-06	0.299150523158514	0.299158817636009
TCGA-13-0725-01	3.3717388192924e-07	0.181015786799059	0.181016114339401
TCGA-13-0726-01	0.00357942829702133	0.590411909628884	0.593991328292365
TCGA-13-0727-01	1.03175207870347e-05	0.857223527026274	0.857233834913521
TCGA-13-0730-01	7.99583777146483e-07	0.954985215551457	0.954986005501695
TCGA-13-0751-01	0.00217691981774846	0.777486017471368	0.779662927655577
TCGA-13-0755-01	0.123951371164314	0.427919559983845	0.551870921514619
TCGA-13-0757-01	1.83037250190159e-07	0.591556692026349	0.59155686543006
TCGA-13-0758-01	0.00203643391145777	0.394212248473221	0.39624867275114
TCGA-13-0760-01	0.139579390225273	9.63353952165846e-09	0.139579390225273
TCGA-13-0761-01	6.92651488877496e-06	0.767466288656853	0.767473205538202
TCGA-13-0762-01	3.07309909529793e-06	0.017212534001698	0.0172155974672539
TCGA-13-0764-01	8.20873899405444e-05	0.46500143294083	0.465083510697232
TCGA-13-0766-01	0.00182542086260697	0.0767408718624899	0.0785662830915573
TCGA-13-0768-01	0.000332944758095899	0.0911189777095984	0.0914519128341549
TCGA-13-0791-01	1.88817373880374e-06	0.0633599818550357	0.0633618603952351
TCGA-13-0791-02	1.88817373880374e-06	0.0633599818550357	0.0633618603952351
TCGA-13-0792-01	0.000497736084503944	0.023065005573436	0.0235627320244005
TCGA-13-0793-01	0.0726265412856365	9.63353952165846e-09	0.0726265412856365
TCGA-13-0794-01	0.000303157854012321	0.198536998672893	0.198840146893366
TCGA-13-0795-01	3.04419847684685e-06	0.432523168397536	0.432526202962473
TCGA-13-0797-01	3.40063943774348e-06	0.0162825506341003	0.0162859416399985
TCGA-13-0799-01	4.43817164013717e-05	0.38627662032353	0.386320992406391
TCGA-13-0800-01	6.82247266235108e-05	0.810349845165418	0.810418060258502
TCGA-13-0801-01	6.3581360592371e-07	0.0693278824968674	0.0693285086769339
TCGA-13-0803-01	8.92065756189932e-06	0.298973352733869	0.298982263757891
TCGA-13-0804-01	5.53928520312323e-06	0.777991701225946	0.77799723087761
TCGA-13-0805-01	0.127715098705197	9.63353952165846e-09	0.127715098705197
TCGA-13-0807-01	2.02304329157544e-07	0.080016785864538	0.0800169785353276
TCGA-13-0883-01	0.00197160019073252	0.775720025913836	0.777691616471029
TCGA-13-0884-01	1.06932288268988e-05	0.675444002850487	0.675454686445775
TCGA-13-0885-01	0.00012175830553439	0.181368586282031	0.181490334954025
TCGA-13-0886-01	4.75896850494413e-06	0.125841433076856	0.125846182411822
TCGA-13-0887-01	0.000439568773101408	0.0817014896159066	0.0821410487554686
TCGA-13-0888-01	4.32256916633286e-05	0.102495311187746	0.10253852724587
TCGA-13-0889-01	0.00155812867609244	0.115489549454483	0.117047668497036
TCGA-13-0890-01	0.0903024196358817	9.63353952165846e-09	0.0903024196358817
TCGA-13-0891-01	2.11937868641237e-07	0.0260664504020544	0.0260666527063835
TCGA-13-0893-01	0.120898290564063	0.321863230193031	0.442761511123554
TCGA-13-0899-01	7.87541852791868e-05	0.668284809082563	0.668363553634302
TCGA-13-0900-01	1.52209923842343e-06	0.748654240293441	0.74865575275914
TCGA-13-0903-01	0.192780737259979	0.0287135447478439	0.221494272374283
TCGA-13-0904-01	5.06049829078371e-05	0.0604113673569461	0.0604619627063144
TCGA-13-0905-01	0.0716449895811825	9.63353952165846e-09	0.0716449895811826
TCGA-13-0906-01	1.18492535649419e-06	0.582937255977026	0.582938431268843
TCGA-13-0908-01	9.57862830863552e-05	0.149330420356509	0.149426197006056
TCGA-13-0910-01	7.42745894192697e-06	0.546798159728073	0.546805577553475
TCGA-13-0911-01	1.73403710706466e-07	0.217656539983086	0.217656703753257
TCGA-13-0912-01	7.37929124450851e-06	0.816060983079391	0.816068352737096
TCGA-13-0913-01	0.000291424202921184	0.0803316581025625	0.0806230726719441
TCGA-13-0913-02	0.000293755519476238	0.0803293267860073	0.0806230726719441
TCGA-13-0916-01	3.17906802961855e-06	0.96490628728812	0.96490945672261
TCGA-13-0919-01	5.67415475589492e-06	0.877596488158689	0.877602152679906
TCGA-13-0920-01	0.000154685743489652	0.13068810532526	0.13084278143521
TCGA-13-0921-01	4.21949029385735e-06	0.0479853345160366	0.0479895443727909
TCGA-13-0923-01	0.239195506200449	9.63353952165846e-09	0.23919550620045
TCGA-13-0924-01	8.29255078756257e-05	0.38806427771136	0.388147193585697
TCGA-13-1403-01	2.25424823918406e-06	0.184449970221284	0.184452214835984
TCGA-13-1404-01	2.36021717350468e-05	0.578846228932184	0.578869821470379
TCGA-13-1405-01	0.00154850477014823	0.779261353562199	0.780809848698808
TCGA-13-1407-01	0.000111960995879475	0.152960501804136	0.153072453166476
TCGA-13-1408-01	0.415706601769236	0.584293407864303	1
TCGA-13-1410-01	0.0101368437540181	0.779440431427662	0.78957726554814
TCGA-13-1411-01	0.000522349777884779	0.436709153241069	0.437231493385414
TCGA-13-1412-01	0.000743083068074626	0.64198340628604	0.642726479720576
TCGA-13-1481-01	4.09425428056934e-06	0.626031469093481	0.626035553714222
TCGA-13-1482-01	0.0137110121384813	9.63353952165846e-09	0.0137110121384814
TCGA-13-1483-01	0.00490589924914941	9.63353952165846e-09	0.00490589924914941
TCGA-13-1484-01	0.00236465823520666	0.780929458725037	0.783294107326705
TCGA-13-1485-01	1.0654694668964e-05	0.325721674694119	0.325732319755248
TCGA-13-1487-01	3.71469282491186e-05	0.500767258435409	0.500804395730119
TCGA-13-1488-01	0.000703575922652003	0.6833087088825	0.684012275171613
TCGA-13-1489-01	8.20873899405444e-05	0.46500143294083	0.465083510697232
TCGA-13-1489-02	0.00233436075353045	0.964076511998231	0.966410863118222
TCGA-13-1491-01	1.71187996625217e-05	0.377626434016174	0.377643543182297
TCGA-13-1492-01	0.656348005910793	0.343652003722747	1
TCGA-13-1494-01	0.00227692559112867	0.776013463526509	0.778290379484098
TCGA-13-1497-01	5.51038458467215e-06	0.549547677865653	0.549553178616698
TCGA-13-1498-01	0.0511197992578456	0.0546987266108138	0.10581851623512
TCGA-13-1499-01	6.3485025197534e-06	9.63353952165846e-09	6.34850251979291e-06
TCGA-13-1500-01	0.00144284410909109	0.770553751359521	0.771996585835073
TCGA-13-1501-01	8.38117935081254e-07	0.255584314775055	0.25558514325945
TCGA-13-1504-01	6.57970746736203e-06	0.61918996055711	0.619196530631038
TCGA-13-1505-01	0.0260898021017628	0.703494384373813	0.729584176842037
TCGA-13-1506-01	1.19455889597788e-06	0.61649605684297	0.616497241768326
TCGA-13-1507-01	2.19644700228191e-05	0.162724113337937	0.16274606817442
TCGA-13-1509-01	0.177489410403974	0.777496508395866	0.9549859091663
TCGA-13-1510-01	0.000261271224337226	0.32374159698864	0.324002858579438
TCGA-13-1511-01	6.53153976994356e-06	0.423873222928668	0.423879744834898
TCGA-13-1512-01	0.707645495804415	0.292354513829124	1
TCGA-13-1817-01	9.63353948369257e-09	1	1
TCGA-13-1817-02	1.38337626985825e-05	0.839163183748774	0.839177007877933
TCGA-13-1819-01	2.85345439506974e-05	0.218977567985405	0.219006092895817
TCGA-13-1819-02	8.21259240984792e-05	0.207705796944814	0.207787913235372
TCGA-13-2057-01	1.71187996625217e-05	0.377626434016174	0.377643543182297
TCGA-13-2059-01	3.70794934727327e-05	0.0761911628324714	0.0762282326924046
TCGA-13-2060-01	1.64733525171143e-05	0.0925332005728835	0.0925496642918611
TCGA-13-2061-01	8.304111034943e-06	0.0685153319755759	0.0685236264530713
TCGA-13-2065-01	3.65111146431948e-06	0.408395438915956	0.408399080393881
TCGA-13-2071-01	1.34965888166533e-05	0.171369232403524	0.171382719358801
TCGA-13-A5FT-01	0.0113694936651145	9.63353952165846e-09	0.0113694936651145
TCGA-20-0987-01	1.62806817274404e-06	0.110811242575636	0.110812861010269
TCGA-20-0990-01	4.76956539837619e-05	0.588836035973062	0.588883721993506
TCGA-20-0991-01	4.43817164013717e-05	0.38627662032353	0.386320992406391
TCGA-20-1683-01	3.29467050342286e-06	0.479388700283988	0.479391985320952
TCGA-20-1684-01	0.490973715494432	0.370215978271436	0.861189684132328
TCGA-20-1685-01	0.00121942306138529	0.77888575149127	0.780105164919115
TCGA-20-1686-01	1.25236013288003e-07	0.179781759291816	0.17978187489429
TCGA-20-1687-01	0.201535543806127	0.694912914103595	0.896448448276183
TCGA-23-1021-01	2.65885689749915e-06	0.89502149950724	0.895024148730598
TCGA-23-1022-01	0.000545451005566673	0.461276538197605	0.461821979569633
TCGA-23-1023-01	0.000209635452704634	0.6304345264822	0.630644152301365
TCGA-23-1024-01	0.345104558439637	0.646815117647626	0.991919666453724
TCGA-23-1026-01	0.0911415490926087	0.474475758917476	0.565617298376545
TCGA-23-1027-01	4.60483187320505e-06	0.397357936288529	0.397362531486863
TCGA-23-1029-01	4.9352622774957e-05	0.545477324396543	0.545526667385778
TCGA-23-1030-01	6.17509880904694e-06	0.31324189633643	0.313248061801699
TCGA-23-1031-01	5.78012369021554e-06	0.128312416687344	0.128318187177495
TCGA-23-1032-01	0.134970618234419	0.631491046390916	0.766461654991796
TCGA-23-1110-01	9.63353948369257e-08	0.0724357201355436	0.0724358068373989
TCGA-23-1111-01	0.00331830157577636	0.0363716980597868	0.0396899900020237
TCGA-23-1113-01	6.7434776385848e-07	0.648463262116654	0.648463926830879
TCGA-23-1116-01	3.00566431891208e-06	0.665752267154774	0.665755263185553
TCGA-23-1118-01	0.000125313081603873	0.160878953352928	0.161004256800992
TCGA-23-1119-01	4.9352622774957e-05	0.545477324396543	0.545526667385778
TCGA-23-1120-01	0.000205926540003412	0.780853006955695	0.781058923862159
TCGA-23-1121-01	3.52780215892822e-05	0.118227064201866	0.118262332589916
TCGA-23-1122-01	9.05552711467102e-07	0.220314982638387	0.220315878557559
TCGA-23-1124-01	3.52780215892822e-05	0.118227064201866	0.118262332589916
TCGA-23-1809-01	5.4429498082863e-06	0.61811711179897	0.618122545115238
TCGA-23-2072-01	2.02304329157544e-07	0.080016785864538	0.0800169785353276
TCGA-23-2077-01	2.44210225911607e-05	0.118121894851323	0.118146306240375
TCGA-23-2078-01	0.0518511101406712	9.63353952165846e-09	0.0518511101406711
TCGA-23-2079-01	2.02304329157544e-07	0.080016785864538	0.0800169785353276
TCGA-23-2084-01	0.000103907356871108	0.500767258435409	0.500871156158741
TCGA-23-2641-01	1.60205761613807e-05	0.299654164602721	0.299670175545343
TCGA-23-2643-01	5.87645908505247e-07	0.22667077774753	0.226671355759899
TCGA-23-2645-01	0.03567455734151	0.0444665397165256	0.0801410874244961
TCGA-24-0966-01	8.38117935081254e-07	0.954985080681905	0.9549859091663
TCGA-24-0968-01	6.3485025197534e-06	9.63353952165846e-09	6.34850251979291e-06
TCGA-24-0970-01	6.12693111162848e-06	0.0302287560055364	0.0302348733031086
TCGA-24-0975-01	7.03248382309558e-07	0.0475510834567301	0.047551777071573
TCGA-24-0979-01	1.1781818788556e-05	0.546793805368226	0.546805577553475
TCGA-24-0980-01	1.64733525171143e-05	0.0925332005728835	0.0925496642918611
TCGA-24-0982-01	1.22056945258385e-05	0.365906558886498	0.365918754947485
TCGA-24-1104-01	0.000355381271553419	0.383989117106048	0.384344488744062
TCGA-24-1105-01	0.000254335075908968	0.73932704736533	0.739581372807699
TCGA-24-1413-01	0.00208582506839066	0.776082776843094	0.778168592277946
TCGA-24-1417-01	1.50283215945604e-06	0.70503973897655	0.70504123217517
TCGA-24-1418-01	1.86890665983636e-06	0.261649119190553	0.261650978463673
TCGA-24-1422-01	1.63770171222774e-06	0.049746730875235	0.0497483589434077
TCGA-24-1423-01	0.0920961268865083	0.280130216938543	0.372226334191512
TCGA-24-1426-01	9.05552711467102e-07	0.0261693847714376	0.0261702806906096
TCGA-24-1427-01	2.82840719241214e-05	0.302856593965588	0.302884868403972
TCGA-24-1428-01	3.16558107434138e-05	0.300511934958349	0.300543581135553
TCGA-24-1430-01	1.15795144593985e-05	0.523204455874232	0.523216025755152
TCGA-24-1431-01	0.00741146726638404	0.78092362080011	0.788335078432955
TCGA-24-1435-01	0.00018906784590695	0.0598702129099891	0.0600592711223565
TCGA-24-1436-01	1.83037250190159e-07	0.591556692026349	0.59155686543006
TCGA-24-1464-01	0.0100127637654681	0.772415818206324	0.782428572338253
TCGA-24-1466-01	1.70513648861358e-06	0.45932141135939	0.459323106862339
TCGA-24-1467-01	9.05552711467102e-07	0.0261693847714376	0.0261702806906096
TCGA-24-1469-01	1.71187996625217e-05	0.377626434016174	0.377643543182297
TCGA-24-1470-01	2.11937868641237e-07	0.0602479439931447	0.0602481462974739
TCGA-24-1471-01	0.519875557405024	0.325486972771677	0.845362520543162
TCGA-24-1474-01	3.64340463273253e-05	0.780426992572647	0.780463416985435
TCGA-24-1544-01	4.25802445179212e-05	0.0813066011989306	0.0813491718099091
TCGA-24-1545-01	1.7109166123038e-05	0.862442458507406	0.86245955803999
TCGA-24-1546-01	0.0780651849017736	9.63353952165846e-09	0.0780651849017736
TCGA-24-1548-01	2.35058363402099e-05	0.779022383981767	0.779045880184567
TCGA-24-1549-01	3.12126679271639e-06	0.300057915876022	0.300061027509275
TCGA-24-1550-01	1.71187996625217e-05	0.377626434016174	0.377643543182297
TCGA-24-1551-01	0.00193248802042873	0.769801815068661	0.77173429345555
TCGA-24-1552-01	0.0942320174595958	0.905767992173944	1
TCGA-24-1553-01	7.03248382309558e-07	0.0475510834567301	0.047551777071573
TCGA-24-1555-01	0.00046545409369409	0.385390980138175	0.38585642459833
TCGA-24-1557-01	0.0606883219835627	9.63353952165846e-09	0.0606883219835628
TCGA-24-1558-01	2.92763264909417e-05	0.298587760682495	0.298617027375446
TCGA-24-1560-01	2.68486745410512e-05	0.207014224412358	0.20704106345336
TCGA-24-1562-01	4.8475970681941e-05	0.440923306554052	0.440971772891195
TCGA-24-1563-01	0.0630503020947929	0.0243915343268011	0.0874418267880546
TCGA-24-1564-01	1.13675765907572e-06	0.581982485512337	0.581983612636456
TCGA-24-1567-01	7.1634999600738e-05	0.112809026726685	0.112880652092746
TCGA-24-1603-01	2.65885689749915e-06	0.609051874076499	0.609054523299857
TCGA-24-1614-01	0.0172624068356051	9.63353952165846e-09	0.0172624068356051
TCGA-24-1616-01	3.08273263478162e-07	0.0424756724468257	0.0424759710865497
TCGA-24-1845-01	0.00218881723901082	0.0144105901422475	0.0165993977477189
TCGA-24-1847-01	8.10180670578545e-06	0.670578005721879	0.670586097895046
TCGA-24-1849-01	8.50159859435869e-05	0.114523170574716	0.11460817692712
TCGA-24-1850-01	1.22056945258385e-05	0.365906558886498	0.365918754947485
TCGA-24-1852-01	1.42672719753487e-05	0.269261098947751	0.269275356586187
TCGA-24-1852-02	2.60972584613232e-05	0.171115523507681	0.171141611132603
TCGA-24-1920-01	7.70683158695406e-08	0.322702080277113	0.322702147711889
TCGA-24-1923-01	0.00100269732362066	0.780079173629588	0.78108186131967
TCGA-24-1924-01	2.61068920008069e-06	0.745709585180079	0.745712186235739
TCGA-24-1927-01	8.54494952203531e-06	0.28833367675296	0.288342212068943
TCGA-24-1930-01	1.61169115562177e-05	0.0924951962596203	0.092511303537637
TCGA-24-2019-01	1.4758582489017e-05	0.25321683391278	0.253231582861729
TCGA-24-2020-01	1.27162721184742e-06	0.474697734934259	0.474698996927932
TCGA-24-2023-01	3.12126679271639e-06	0.300057915876022	0.300061027509275
TCGA-24-2026-01	6.12693111162848e-06	0.0302287560055364	0.0302348733031086
TCGA-24-2027-01	1.3005278302985e-05	0.114450418084535	0.114463413729298
TCGA-24-2029-01	1.4758582489017e-05	0.25321683391278	0.253231582861729
TCGA-24-2030-01	2.22438426678461e-05	0.256911498609105	0.256933732818233
TCGA-24-2033-01	7.16735337586727e-06	0.0047744977705918	0.00478165549042819
TCGA-24-2035-01	7.34942727210906e-05	0.092820270415958	0.0928937550551396
TCGA-24-2260-01	4.14242197798781e-07	0.217656539983086	0.217656944591744
TCGA-24-2261-01	6.39474350927513e-05	0.542137915735758	0.542201853537311
TCGA-24-2262-01	3.25806305338483e-05	0.0324203862380765	0.0324529572350709
TCGA-24-2267-01	4.42564803880837e-05	0.523204455874232	0.523248702721081
TCGA-24-2281-01	3.28985373368101e-05	0.550526474377815	0.550559363281612
TCGA-24-2288-01	2.48352647889594e-05	0.198815321262117	0.198840146893366
TCGA-24-2289-01	0.107659138823032	0.0505124527610962	0.158171581950589
TCGA-24-2290-01	1.45273775414084e-05	0.553499220892311	0.553513738636313
TCGA-24-2293-01	0.000196341168217138	0.582742099734165	0.582938431268843
TCGA-24-2295-01	5.41404918983523e-06	0.159449837037601	0.159455241453251
TCGA-24-2297-01	7.03248382309558e-06	0.0548903184440654	0.0548973412943491
TCGA-24-2298-01	3.52780215892822e-05	0.118227064201866	0.118262332589916
TCGA-25-1312-01	7.50452725779651e-06	0.78457173623365	0.784579231127369
TCGA-25-1313-01	0.722654309481521	9.63353952165846e-09	0.722654309481521
TCGA-25-1314-01	0.000942131260886682	0.0332808250841415	0.0342229467114887
TCGA-25-1315-01	1.76775449525759e-05	0.407480069627755	0.407497737539168
TCGA-25-1317-01	1.54136631739081e-07	0.512858323474931	0.512858467978023
TCGA-25-1318-01	0.000127365025513899	0.462157852923732	0.462285208315706
TCGA-25-1319-01	6.90724780980757e-06	0.374398745512782	0.374405643127052
TCGA-25-1320-01	4.43817164013717e-05	0.38627662032353	0.386320992406391
TCGA-25-1321-01	0.0111679022178787	0.770029243668792	0.781197136253131
TCGA-25-1322-01	1.22056945258385e-05	0.365906558886498	0.365918754947485
TCGA-25-1323-01	0.00387940708300403	0.776543838042784	0.780423235492248
TCGA-25-1623-01	0.008580574351046	0.77419498844587	0.782775553163376
TCGA-25-1625-01	3.51624191154779e-06	0.424970338572768	0.42497384518114
TCGA-25-1626-01	0.00675279327126553	0.779157147565604	0.78590993120333
TCGA-25-1627-01	4.81676974184629e-08	0.582932410306666	0.582932448840824
TCGA-25-1628-01	0.000175561623550813	0.513332206915673	0.513507758905685
TCGA-25-1630-01	0.253231582861729	9.63353952165846e-09	0.253231582861729
TCGA-25-1631-01	4.56629771527028e-05	0.636661241795801	0.636706895139414
TCGA-25-1633-01	0.00841938596840486	0.0507566244528499	0.0591760007877152
TCGA-25-1634-01	4.61639212058548e-05	0.6590574677912	0.659103622078866
TCGA-25-1870-01	7.03248382309558e-06	0.0548903184440654	0.0548973412943491
TCGA-25-1871-01	1.38722968565173e-06	0.549261725513159	0.549263103109305
TCGA-25-1877-01	1.15602473804311e-05	0.0714988584207544	0.0715104090345954
TCGA-25-1878-01	3.85341579347703e-08	0.582932410306666	0.582932439207284
TCGA-25-2042-01	0.10692981244934	9.63353952165846e-09	0.10692981244934
TCGA-25-2391-01	1.73403710706466e-06	0.218207905981895	0.218209630385463
TCGA-25-2392-01	0.0466410704164821	9.63353952165846e-09	0.0466410704164821
TCGA-25-2393-01	0.000829014240269164	0.778925509108719	0.779754513715448
TCGA-25-2397-01	3.58271333398527e-05	9.63353952165846e-09	3.58271333398275e-05
TCGA-25-2399-01	0.00213183485296478	0.857983825229406	0.860115650448831
TCGA-25-2400-01	3.91025367643081e-05	0.00543808487084707	0.00547717777407186
TCGA-25-2401-01	6.17509880904694e-06	0.31324189633643	0.313248061801699
TCGA-25-2404-01	0.00199413303958488	0.437149049554513	0.439143172960558
TCGA-25-2408-01	1.19455889597788e-06	0.226269107318757	0.226270292244113
TCGA-29-1688-01	0.000944905720257986	0.443888452205896	0.444833348292615
TCGA-29-1690-01	5.9631609404057e-05	0.982929791910634	0.982989413886499
TCGA-29-1691-01	3.16558107434138e-05	0.300511934958349	0.300543581135553
TCGA-29-1692-01	3.90254684484386e-05	0.574962679427202	0.575001695262111
TCGA-29-1692-02	2.51435380524376e-06	0.263867877470279	0.263870382190545
TCGA-29-1693-01	0.000356855203094424	0.45965951006111	0.460016355630665
TCGA-29-1694-01	8.01606820438059e-05	0.584318349098027	0.584398500146531
TCGA-29-1695-01	0.820728307723227	0.179271701910313	1
TCGA-29-1697-01	8.61238429842116e-06	0.248030521596339	0.248039124347098
TCGA-29-1698-01	4.81676974184629e-08	0.582932410306666	0.582932448840824
TCGA-29-1701-01	2.10492837718683e-05	0.386698973961574	0.386720013611806
TCGA-29-1702-01	4.81676974184629e-08	0.582932410306666	0.582932448840824
TCGA-29-1703-01	1.36796260668435e-05	0.205654479214853	0.205668149207381
TCGA-29-1704-01	2.60972584613232e-05	0.171115523507681	0.171141611132603
TCGA-29-1705-01	5.87356902320736e-05	0.666303816190834	0.666362542247526
TCGA-29-1707-01	0.000902518146529738	0.905153690261687	0.906056198774677
TCGA-29-1707-02	2.21571408124929e-06	0.179291113492372	0.179293319572914
TCGA-29-1710-01	0.00553016224123217	0.777264966274375	0.782795118882068
TCGA-29-1710-02	0.00553016224123217	0.777264966274375	0.782795118882068
TCGA-29-1711-01	0.00087682549672673	0.771819964522179	0.772696780385366
TCGA-29-1761-01	0.0387330230903321	0.0468470065900249	0.0855800200468176
TCGA-29-1762-01	8.97942215274985e-05	0.144228748317972	0.14431853290596
TCGA-29-1763-01	0.737870947505909	9.63353952165846e-09	0.737870947505909
TCGA-29-1764-01	0.241442510017942	9.63353952165846e-09	0.241442510017942
TCGA-29-1768-01	0.127125468287558	9.63353952165846e-09	0.127125468287558
TCGA-29-1770-01	0.0670409572917546	9.63353952165846e-09	0.0670409572917546
TCGA-29-1770-02	0.0670409572917546	9.63353952165846e-09	0.0670409572917546
TCGA-29-1771-01	1.69550294912989e-06	0.0592908614789793	0.059292547348389
TCGA-29-1774-01	0.000433653779858421	0.703034402130546	0.703468046276865
TCGA-29-1776-01	0.000144040682360171	0.959180140319631	0.959324171368452
TCGA-29-1777-01	9.37343391763287e-05	0.181823231544424	0.181916956250061
TCGA-29-1781-01	0.000389329864693952	0.096170988852097	0.0965603090832515
TCGA-29-1783-01	0.00743738148759518	0.776324790622004	0.783762162476059
TCGA-29-1784-01	6.12693111162848e-06	0.0302287560055364	0.0302348733031086
TCGA-29-1785-01	0.162916996065479	9.63353952165846e-09	0.16291699606548
TCGA-29-2425-01	0.00981433211918303	0.769257240715187	0.779071563200831
TCGA-29-2427-01	2.97869040835774e-05	0.790470689633397	0.790500466903941
TCGA-29-2428-01	2.61068920008069e-06	0.745709585180079	0.745712186235739
TCGA-29-2429-01	0.010396554344959	0.00502387157366668	0.0154204162850862
TCGA-29-2431-01	2.89391526090125e-05	0.0564448827105489	0.0564738122296184
TCGA-29-2432-01	5.93426032195462e-06	0.0343903968947943	0.0343963215215767
TCGA-29-A5NZ-01	0.0001296096402136	0.724384666576503	0.724514266583177
TCGA-30-1714-01	8.75688739067655e-05	0.277948046841776	0.278035606082143
TCGA-30-1718-01	6.92651488877496e-06	0.767466288656853	0.767473205538202
TCGA-30-1853-01	1.8111054229342e-06	0.474475758917476	0.47447756038936
TCGA-30-1856-01	3.71469282491186e-05	0.500767258435409	0.500804395730119
TCGA-30-1859-01	1.70513648861358e-06	0.45932141135939	0.459323106862339
TCGA-30-1860-01	0.00342560957208521	0.234829094795926	0.238254694734472
TCGA-30-1861-01	5.68378829537862e-07	0.0751774351061419	0.075177993851432
TCGA-30-1862-01	1	9.63353952165846e-09	1
TCGA-30-1867-01	6.83981303342172e-07	0.108327109183752	0.108327783531516
TCGA-30-1887-01	3.94686112646885e-05	0.793568489123931	0.793607948101657
TCGA-30-1892-01	0.0619733687159109	9.63353952165846e-09	0.061973368715911
TCGA-31-1944-01	0.000578349542903483	0.0166840669262411	0.0172624068356051
TCGA-31-1946-01	8.86285632499716e-07	0.277947170189683	0.277948046841776
TCGA-31-1951-01	1.8111054229342e-06	0.474475758917476	0.47447756038936
TCGA-31-1953-01	4.81676974184629e-08	0.582932410306666	0.582932448840824
TCGA-31-1955-01	5.9631609404057e-05	0.982929791910634	0.982989413886499
TCGA-31-1959-01	0.383206815898735	0.611597787357091	0.994804593622287
TCGA-36-1568-01	7.2540552312205e-05	0.614610060284089	0.614682591202862
TCGA-36-1570-01	8.09217316630176e-07	0.107892925559222	0.107893725143
TCGA-36-1574-01	4.25802445179212e-05	0.0813066011989306	0.0813491718099091
TCGA-36-1575-01	8.61238429842116e-06	0.248030521596339	0.248039124347098
TCGA-36-1576-01	7.03248382309558e-07	0.0475510834567301	0.047551777071573
TCGA-36-1577-01	0.0834843784016931	0.583037338818722	0.666521707586876
TCGA-36-1578-01	1.00863158394261e-05	0.0347631281709578	0.0347732048532577
TCGA-36-1580-01	7.96693715301376e-06	0.752612102922	0.752620060225613
TCGA-36-1581-01	4.81676974184629e-08	0.582932410306666	0.582932448840824
TCGA-36-2529-01	0.0568479596360861	9.63353952165846e-09	0.0568479596360861
TCGA-36-2530-01	2.08662465216781e-05	0.689714868136063	0.689735724749046
TCGA-36-2532-01	2.88139165957245e-05	0.207355068672831	0.207383872955887
TCGA-36-2533-01	5.93426032195462e-06	0.0343903968947943	0.0343963215215767
TCGA-36-2534-01	0.000675792794781034	0.0126314680703993	0.0133072512316408
TCGA-36-2537-01	1.06065269715455e-05	0.234912116639197	0.234922713532629
TCGA-36-2538-01	1.64733525171143e-06	0.455659028653875	0.455660666355587
TCGA-36-2540-01	0.00447160002214558	0.012574620553906	0.0170462109425121
TCGA-36-2542-01	0.00330549860180253	0.567755722570517	0.57106121153878
TCGA-36-2543-01	9.73950841801319e-06	0.0297205482636137	0.0297302781384923
TCGA-36-2544-01	1.71477002809728e-06	0.647158033119088	0.647159738255576
TCGA-36-2545-01	7.50452725779651e-06	0.179825852002033	0.179833346895751
TCGA-36-2547-01	4.25802445179212e-05	0.0813066011989306	0.0813491718099091
TCGA-36-2548-01	1.57990047532558e-06	0.45932141135939	0.459322981626326
TCGA-36-2549-01	0.475453678777545	9.63353952165846e-09	0.475453678777545
TCGA-36-2551-01	4.23875737282473e-07	0.256324748619772	0.256325162861969
TCGA-36-2552-01	2.34576686427914e-05	0.37672474435404	0.376748192389143
TCGA-3P-A9WA-01	0.000354870693960783	0.106425515924448	0.106780376984869
TCGA-42-2582-01	2.74459539890401e-05	0.0925332005728835	0.092560636893333
TCGA-42-2587-01	2.21089731150745e-05	0.0234474281903202	0.0234695275298958
TCGA-42-2588-01	3.03456493736316e-06	0.538671970533854	0.538674995465252
TCGA-42-2589-01	0.203416251551831	0.618735093723309	0.8221513356416
TCGA-42-2591-01	3.07309909529793e-06	0.017212534001698	0.0172155974672539
TCGA-42-2593-01	0.114804412126403	9.63353952165846e-09	0.114804412126403
TCGA-57-1582-01	1.71187996625217e-05	0.377626434016174	0.377643543182297
TCGA-57-1583-01	1.69550294912989e-06	0.0592908614789793	0.059292547348389
TCGA-57-1584-01	3.05479537027891e-05	0.228773037634279	0.228803575954443
TCGA-57-1586-01	1.70513648861358e-06	0.45932141135939	0.459323106862339
TCGA-57-1992-01	3.25806305338483e-05	0.0324203862380765	0.0324529572350709
TCGA-57-1993-01	1.4758582489017e-05	0.25321683391278	0.253231582861729
TCGA-57-1994-01	5.95834417066386e-05	0.00258851279218919	0.00264808660035643
TCGA-59-2348-01	0.0613597026172602	9.63353952165846e-09	0.0613597026172602
TCGA-59-2349-01	6.12693111162848e-06	0.0302287560055364	0.0302348733031086
TCGA-59-2350-01	6.92651488877496e-06	0.767466288656853	0.767473205538202
TCGA-59-2351-01	1.73403710706466e-05	0.641716171900763	0.641733502638294
TCGA-59-2354-01	0.00430021935473069	0.778475343442185	0.782775553163376
TCGA-59-2363-01	1.83037250190159e-07	0.178459565631219	0.17845973903493
TCGA-59-2372-01	0.106780376984869	9.63353952165846e-09	0.106780376984869
TCGA-59-A5PD-01	3.07984257293652e-05	0.454191358913534	0.454222147705724
TCGA-61-1724-01	7.62012973160082e-06	0.356208648091976	0.356216258588168
TCGA-61-1727-01	0.209774840387424	9.63353952165846e-09	0.209774840387424
TCGA-61-1728-01	6.17509880904694e-06	0.785335213504812	0.785341378970082
TCGA-61-1733-01	4.81676974184629e-08	0.582932410306666	0.582932448840824
TCGA-61-1736-01	1.64733525171143e-05	0.0925332005728835	0.0925496642918611
TCGA-61-1737-01	0.0613436435069409	9.63353952165846e-09	0.0613436435069409
TCGA-61-1738-01	0.00196003994335209	9.63353952165846e-09	0.00196003994335214
TCGA-61-1740-01	0.00545108051561054	9.63353952165846e-09	0.0054510805156105
TCGA-61-1741-01	0.00873106950486025	0.776953783681973	0.785684843553294
TCGA-61-1743-01	4.43817164013717e-05	0.38627662032353	0.386320992406391
TCGA-61-1895-01	3.70794934727327e-05	0.352882437380283	0.352919507240217
TCGA-61-1899-01	3.12126679271639e-06	0.300057915876022	0.300061027509275
TCGA-61-1900-01	0.000515009020798205	0.0391896239612407	0.0397046233484994
TCGA-61-1901-01	0.000847924878275653	0.0911160298465165	0.0919639450912526
TCGA-61-1903-01	5.28881317654722e-06	0.614019485779581	0.614024764959218
TCGA-61-1904-01	4.36399338611273e-06	0.0380212682926585	0.0380256226525051
TCGA-61-1906-01	8.28484395597561e-07	0.865324216241479	0.865325035092335
TCGA-61-1907-01	5.93426032195462e-06	0.0343903968947943	0.0343963215215767
TCGA-61-1910-01	0.088567785249369	9.63353952165846e-09	0.088567785249369
TCGA-61-1911-01	0.000415157384049731	0.536789827390767	0.537204975141278
TCGA-61-1913-01	0.0292833589747648	0.970716650658775	1
TCGA-61-1914-01	9.44086869401872e-07	0.236106540665622	0.236107475118952
TCGA-61-1915-01	4.06535366211827e-06	0.426458344714959	0.426462400435081
TCGA-61-1916-02	3.16943449013486e-06	0.207383872955887	0.207387032756838
TCGA-61-1917-01	1.73403710706466e-06	0.218207905981895	0.218209630385463
TCGA-61-1918-01	3.15402082696095e-05	0.0135497948552217	0.0135813254299518
TCGA-61-1919-01	0.171141611132603	9.63353952165846e-09	0.171141611132603
TCGA-61-1998-01	2.02304329157544e-07	0.080016785864538	0.0800169785353276
TCGA-61-2000-01	2.26388177866775e-06	0.5286324447957	0.52863469904394
TCGA-61-2002-01	9.96107982613812e-06	0.325823963616356	0.325833915062643
TCGA-61-2003-01	4.76860204442782e-06	0.0271192999322271	0.027124058900732
TCGA-61-2008-01	1.38722968565173e-06	0.0876272049883392	0.0876285825844854
TCGA-61-2008-02	1.38722968565173e-06	0.0876272049883392	0.0876285825844854
TCGA-61-2009-01	0.106264356442425	0.67059348681983	0.776857833628715
TCGA-61-2012-01	3.94975118831395e-07	0.561305123799315	0.561305509140895
TCGA-61-2018-01	0.487144296847809	0.377626434016174	0.864770721230443
TCGA-61-2087-01	2.89006184510777e-07	0.813400527014338	0.813400806386983
TCGA-61-2088-01	3.71469282491186e-05	0.500767258435409	0.500804395730119
TCGA-61-2095-02	4.50849647836812e-06	0.0431130274190668	0.0431175262820057
TCGA-61-2096-01	2.63958981853176e-06	0.459565005038775	0.459567634995054
TCGA-61-2097-01	0.000207217434294227	0.120007920310822	0.120215128111577
TCGA-61-2098-01	5.75892990335142e-05	0.162619685769934	0.162677265435428
TCGA-61-2101-01	0.00232977518873621	0.778133651430238	0.780463416985435
TCGA-61-2102-01	1.73403710706466e-07	0.179781460652092	0.179781624422263
TCGA-61-2109-01	0.00165046615204363	0.777400356038279	0.779050812556783
TCGA-61-2113-01	5.18477095012334e-05	9.63353952165846e-09	5.18477095012848e-05
TCGA-61-2611-02	6.01132863782416e-06	0.107791426587222	0.107797428282321
TCGA-61-2613-01	1.70513648861358e-06	0.45932141135939	0.459323106862339
TCGA-61-2614-01	4.49019275334911e-05	0.781036969025675	0.78108186131967
TCGA-72-4231-01	3.66074500380318e-07	0.00272743806508358	0.00272779450604443
TCGA-72-4233-01	0.0044613692032139	0.777972482314676	0.78243384188435
TCGA-72-4234-01	1.44503092255389e-07	0.78045903372497	0.780459168594523
TCGA-72-4236-01	2.92281587935233e-05	0.220453349165991	0.220482567691245
TCGA-72-4237-01	9.53720408885565e-06	0.243696661921731	0.24370618949228
TCGA-72-4238-01	5.67415475589492e-06	0.877596488158689	0.877602152679906
TCGA-72-4240-01	2.60972584613232e-05	0.171115523507681	0.171141611132603
TCGA-OY-A56P-01	3.66748848144176e-05	0.424544757698997	0.424581422950272
TCGA-VG-A8LO-01	3.94975118831395e-07	0.223587987311511	0.22358837265309
