Sample	percent	start	end
TCGA-04-1331-01	6.45447145407402e-07	0.784751160906534	0.78475179672014
TCGA-04-1332-01	3.99117540809383e-05	0.876000133597926	0.876040035718467
TCGA-04-1335-01	0	0.959322919008319	0.894137766762703
TCGA-04-1337-01	0.000224528904746423	0.780366599913624	0.780591119184831
TCGA-04-1338-01	0	0.835355594702621	0.00305310950086923
TCGA-04-1341-01	0	0.38627662032353	0.377643543182297
TCGA-04-1343-01	2.61068920008069e-06	0.745709585180079	0.745712186235739
TCGA-04-1346-01	1.73403710706466e-06	0.218207905981895	0.218209630385463
TCGA-04-1347-01	3.17906802961855e-06	0.96490628728812	0.96490945672261
TCGA-04-1348-01	1.8111054229342e-06	0.474475758917476	0.47447756038936
TCGA-04-1349-01	1.92670789673851e-08	0.675454676812235	0.675454686445775
TCGA-04-1351-01	0.187576920802296	9.63353952165846e-09	0.187576920802296
TCGA-04-1353-01	0	0.670445371150268	0.540231033663277
TCGA-04-1356-01	0	0.841785471730393	0.179293319572914
TCGA-04-1357-01	0	0.470243263345316	0.0679723375225775
TCGA-04-1360-01	0	0.782752297799063	0.0530206314675309
TCGA-04-1361-01	0	0.965380787275389	0.0142020529130441
TCGA-04-1364-01	0	0.675450495856099	0.59155686543006
TCGA-04-1365-01	4.07498720160196e-06	0.77612446116844	0.776128526522102
TCGA-04-1367-01	0	0.167998534006496	0.125846182411822
TCGA-04-1371-01	0	0.63724470674817	0.319328800091503
TCGA-04-1514-01	0	0.358726180965249	0.092560636893333
TCGA-04-1516-01	0	0.5286324447957	0.179710384397782
TCGA-04-1517-01	0	0.411820297071962	0.025847162142787
TCGA-04-1519-01	1.26199367236373e-06	0.804133100565183	0.804134352925316
TCGA-04-1525-01	1.8111054229342e-06	0.474475758917476	0.47447756038936
TCGA-04-1530-01	0.000474095378610962	0.727895716010269	0.728369801755341
TCGA-04-1536-01	0	0.780675971400603	0.0147361845097175
TCGA-04-1638-01	0	0.387254723220848	0.0557866518582467
TCGA-04-1644-01	0.000551471967743981	0.678987006734721	0.679538469068925
TCGA-04-1646-01	2.89006184510777e-08	0.582932410306666	0.582932429573745
TCGA-04-1649-01	0	0.71857651891993	0.0724358068373989
TCGA-04-1651-01	0	0.879886698400766	0.0172155974672539
TCGA-04-1652-01	0	0.775563731369252	0.774441250615692
TCGA-04-1654-01	0	0.706634253531273	0.58385108389891
TCGA-04-1655-01	1.71187996625217e-05	0.377626434016174	0.377643543182297
TCGA-09-0365-01	0	0.814799663754791	0.218209630385463
TCGA-09-0367-01	0	0.784679323602604	0.345806554461814
TCGA-09-0369-01	0	0.589581768264495	0.412951178271952
TCGA-09-1659-01	2.61068920008069e-06	0.745709585180079	0.745712186235739
TCGA-09-1661-01	0	0.976866153153413	0.34843486340561
TCGA-09-1665-01	0	0.835355594702621	0.172607517935218
TCGA-09-1666-01	0	0.5286324447957	0.0264450485037634
TCGA-09-1667-01	0	0.974410669907955	0.667329345003031
TCGA-09-1668-01	0	0.996325999245867	0.718645678099883
TCGA-09-1669-01	0	0.616469111833034	0.203167706233152
TCGA-09-1672-01	0	0.922009975973278	0.386344382640258
TCGA-09-1673-01	0	0.31324189633643	0.195112805231112
TCGA-09-1675-01	1.4508110462441e-05	0.186133912923034	0.186148411399957
TCGA-09-2043-01	0	0.815858909955181	0.118262332589916
TCGA-09-2044-01	0	0.813400527014338	0.386320992406391
TCGA-09-2050-01	0	0.884214585280894	0.365918754947485
TCGA-09-2051-01	0	0.930018096507585	0.561701784787557
TCGA-09-2053-01	0	0.993547570856297	0.273535490783126
TCGA-09-2054-01	0	0.80469776084848	0.0813491718099091
TCGA-10-0925-01	0.000138125689117184	0.369704581827944	0.369842697883522
TCGA-10-0927-01	0	0.957547207209448	0.225388197201289
TCGA-10-0928-01	0	0.79312183006577	0.377643543182297
TCGA-10-0930-01	0	0.96490628728812	0.093199263492786
TCGA-10-0931-01	0	0.839636922686424	0.280342270409658
TCGA-10-0933-01	1.76871784920596e-05	0.0564272051655964	0.0564448827105489
TCGA-10-0936-01	0	0.779042999756262	0.139854032802414
TCGA-10-0937-01	1.22056945258385e-05	0.365906558886498	0.365918754947485
TCGA-10-0938-01	0	0.858155109561426	0.162825448539766
TCGA-13-0717-01	0	0.876000133597926	0.0602922293741512
TCGA-13-0720-01	0.000169232388110027	0.805827370421259	0.80599659317583
TCGA-13-0723-01	0	0.954985215551457	0.118262332589916
TCGA-13-0724-01	0	0.796439303157151	0.299158817636009
TCGA-13-0725-01	0	0.772636117987237	0.181016114339401
TCGA-13-0726-01	0	0.954985080681905	0.593991328292365
TCGA-13-0727-01	1.03175207870347e-05	0.857223527026274	0.857233834913521
TCGA-13-0730-01	7.99583777146483e-07	0.954985215551457	0.954986005501695
TCGA-13-0751-01	0	0.981191670182828	0.779662927655577
TCGA-13-0755-01	0	0.688477276219212	0.436862654059202
TCGA-13-0757-01	0	0.912479602063916	0.59155686543006
TCGA-13-0758-01	0	0.784406270559479	0.39624867275114
TCGA-13-0760-01	0	0.680805645585531	0.0154735356217993
TCGA-13-0761-01	6.92651488877496e-06	0.767466288656853	0.767473205538202
TCGA-13-0762-01	0	0.593030864405841	0.0172155974672539
TCGA-13-0764-01	8.20873899405444e-05	0.46500143294083	0.465083510697232
TCGA-13-0766-01	0.00182542086260697	0.0767408718624899	0.0785662830915573
TCGA-13-0768-01	0.000332944758095899	0.0911189777095984	0.0914519128341549
TCGA-13-0791-01	1.88817373880374e-06	0.0633599818550357	0.0633618603952351
TCGA-13-0791-02	0	0.958351126079362	0.0633618603952351
TCGA-13-0792-01	0	0.982929791910634	0.0232838988575845
TCGA-13-0793-01	0	0.0260951005484789	0.0260568939308865
TCGA-13-0794-01	0	0.786056274301627	0.198840146893366
TCGA-13-0795-01	0	0.444424308206137	0.432526202962473
TCGA-13-0797-01	0	0.780687762852931	0.0162859416399985
TCGA-13-0799-01	0	0.884808618226077	0.386320992406391
TCGA-13-0800-01	0	0.982929791910634	0.810418060258502
TCGA-13-0801-01	0	0.92434001126758	0.0693285086769339
TCGA-13-0803-01	0	0.783676115701391	0.298982263757891
TCGA-13-0804-01	0	0.816437953112928	0.77799723087761
TCGA-13-0805-01	0	0.9086463300015	0.127715098705197
TCGA-13-0807-01	0	0.582932429573745	0.0800169785353276
TCGA-13-0883-01	0.00197160019073252	0.775720025913836	0.777691616471029
TCGA-13-0884-01	0	0.992419473749217	0.675454686445775
TCGA-13-0885-01	0	0.840437373482124	0.181490334954025
TCGA-13-0886-01	0	0.857929800339981	0.125846182411822
TCGA-13-0887-01	0	0.931259695976861	0.0821410487554686
TCGA-13-0888-01	0	0.954985080681905	0.10253852724587
TCGA-13-0889-01	0	0.778837314054746	0.117047668497036
TCGA-13-0890-01	0	0.929076167551027	0.0903024196358817
TCGA-13-0891-01	0	0.693669888870475	0.0260666527063835
TCGA-13-0893-01	0	0.395144254884111	0.328943872080006
TCGA-13-0899-01	0	0.877596488158689	0.668363553634302
TCGA-13-0900-01	0	0.837499028337124	0.74865575275914
TCGA-13-0903-01	0	0.655502354547836	0.216633872332115
TCGA-13-0904-01	5.06049829078371e-05	0.0604113673569461	0.0604619627063144
TCGA-13-0905-01	0	0.801218820001814	0.0716449895811826
TCGA-13-0906-01	0	0.803054298279642	0.582938431268843
TCGA-13-0908-01	9.57862830863552e-05	0.149330420356509	0.149426197006056
TCGA-13-0910-01	0	0.779182946184341	0.546805577553475
TCGA-13-0911-01	1.73403710706466e-07	0.217656539983086	0.217656703753257
TCGA-13-0912-01	7.37929124450851e-06	0.816060983079391	0.816068352737096
TCGA-13-0913-01	0	0.885197341177783	0.0806230726719441
TCGA-13-0913-02	0	0.745709585180079	0.0806230726719441
TCGA-13-0916-01	3.17906802961855e-06	0.96490628728812	0.96490945672261
TCGA-13-0919-01	0	0.96490628728812	0.877602152679906
TCGA-13-0920-01	0	0.954985080681905	0.13084278143521
TCGA-13-0921-01	0	0.982837666372552	0.0479895443727909
TCGA-13-0923-01	0	0.992106248846444	0.23919550620045
TCGA-13-0924-01	8.29255078756257e-05	0.38806427771136	0.388147193585697
TCGA-13-1403-01	2.25424823918406e-06	0.184449970221284	0.184452214835984
TCGA-13-1404-01	2.36021717350468e-05	0.578846228932184	0.578869821470379
TCGA-13-1405-01	0.00154850477014823	0.779261353562199	0.780809848698808
TCGA-13-1407-01	0	0.780414912114134	0.153072453166476
TCGA-13-1408-01	0	0.776128709559353	0.614176281268217
TCGA-13-1410-01	0	0.78455195857709	0.782138024787425
TCGA-13-1411-01	0	0.783293683450967	0.437231493385414
TCGA-13-1412-01	0.000743083068074626	0.64198340628604	0.642726479720576
TCGA-13-1481-01	0	0.74556980252217	0.626035553714222
TCGA-13-1482-01	0.0137110121384813	9.63353952165846e-09	0.0137110121384814
TCGA-13-1483-01	0	0.398984164455231	0.00490589924914941
TCGA-13-1484-01	0.00236465823520666	0.780929458725037	0.783294107326705
TCGA-13-1485-01	1.0654694668964e-05	0.325721674694119	0.325732319755248
TCGA-13-1487-01	0	0.776217453725076	0.500804395730119
TCGA-13-1488-01	0	0.781972655448648	0.684012275171613
TCGA-13-1489-01	0	0.964076511998231	0.465083510697232
TCGA-13-1489-02	0.00233436075353045	0.964076511998231	0.966410863118222
TCGA-13-1491-01	0	0.89502149950724	0.377643543182297
TCGA-13-1492-01	0.656348005910793	0.343652003722747	1
TCGA-13-1494-01	0.00227692559112867	0.776013463526509	0.778290379484098
TCGA-13-1497-01	0	0.88697425716909	0.549553178616698
TCGA-13-1498-01	0	0.46057545736168	0.100996891189374
TCGA-13-1499-01	0	0.994770182619251	6.34850251979291e-06
TCGA-13-1500-01	0	0.780613295592722	0.771996585835073
TCGA-13-1501-01	0	0.894391841733046	0.25558514325945
TCGA-13-1504-01	6.57970746736203e-06	0.61918996055711	0.619196530631038
TCGA-13-1505-01	0	0.703590652333874	0.70352262027804
TCGA-13-1506-01	1.19455889597788e-06	0.61649605684297	0.616497241768326
TCGA-13-1507-01	0	0.782733724334938	0.16274606817442
TCGA-13-1509-01	0	0.991628203716645	0.778028164172892
TCGA-13-1510-01	0	0.771445229469803	0.324002858579438
TCGA-13-1511-01	6.53153976994356e-06	0.423873222928668	0.423879744834898
TCGA-13-1512-01	0	0.823567735684808	0.396435206976162
TCGA-13-1817-01	9.63353948369257e-09	1	1
TCGA-13-1817-02	1.38337626985825e-05	0.839163183748774	0.839177007877933
TCGA-13-1819-01	0	0.681662385152434	0.219006092895817
TCGA-13-1819-02	0	0.653230650335107	0.207787913235372
TCGA-13-2057-01	0	0.954985215551457	0.377643543182297
TCGA-13-2059-01	0	0.906661955737412	0.0762282326924046
TCGA-13-2060-01	0	0.857223527026274	0.0925496642918611
TCGA-13-2061-01	0	0.97780753299822	0.0685236264530713
TCGA-13-2065-01	0	0.66808109825664	0.408399080393881
TCGA-13-2071-01	0	0.61649605684297	0.171382719358801
TCGA-13-A5FT-01	0	0.740414683606578	0.0113694936651145
TCGA-20-0987-01	1.62806817274404e-06	0.110811242575636	0.110812861010269
TCGA-20-0990-01	0	0.749374173966136	0.588883721993506
TCGA-20-0991-01	4.43817164013717e-05	0.38627662032353	0.386320992406391
TCGA-20-1683-01	0	0.781070474476	0.479391985320952
TCGA-20-1684-01	0	0.822815645257317	0.382677529972422
TCGA-20-1685-01	0.00121942306138529	0.77888575149127	0.780105164919115
TCGA-20-1686-01	1.25236013288003e-07	0.179781759291816	0.17978187489429
TCGA-20-1687-01	0.201535543806127	0.694912914103595	0.896448448276183
TCGA-23-1021-01	0	0.89850728016694	0.895024148730598
TCGA-23-1022-01	0	0.776324790622004	0.461821979569633
TCGA-23-1023-01	0.000209635452704634	0.6304345264822	0.630644152301365
TCGA-23-1024-01	0	0.77901280824352	0.66244829065221
TCGA-23-1026-01	0	0.526122955927896	0.47447756038936
TCGA-23-1027-01	0	0.779408611846747	0.397362531486863
TCGA-23-1029-01	4.9352622774957e-05	0.545477324396543	0.545526667385778
TCGA-23-1030-01	6.17509880904694e-06	0.31324189633643	0.313248061801699
TCGA-23-1031-01	0	0.365906558886498	0.128318187177495
TCGA-23-1032-01	0.134970618234419	0.631491046390916	0.766461654991796
TCGA-23-1110-01	0	0.0852748776836717	0.0724358068373989
TCGA-23-1111-01	0.00331830157577636	0.0363716980597868	0.0396899900020237
TCGA-23-1113-01	6.7434776385848e-07	0.648463262116654	0.648463926830879
TCGA-23-1116-01	3.00566431891208e-06	0.665752267154774	0.665755263185553
TCGA-23-1118-01	0	0.795926731421842	0.161004256800992
TCGA-23-1119-01	0	0.96490628728812	0.545526667385778
TCGA-23-1120-01	0	0.865920387832427	0.781058923862159
TCGA-23-1121-01	0	0.851199183476607	0.118262332589916
TCGA-23-1122-01	0	0.96490628728812	0.220315878557559
TCGA-23-1124-01	0	0.748646571996012	0.118262332589916
TCGA-23-1809-01	0	0.9549859091663	0.618122545115238
TCGA-23-2072-01	0	0.588836035973062	0.0800169785353276
TCGA-23-2077-01	0	0.954985215551457	0.118146306240375
TCGA-23-2078-01	0	0.882052799753674	0.0518511101406711
TCGA-23-2079-01	0	0.821980725657344	0.0800169785353276
TCGA-23-2084-01	0.000103907356871108	0.500767258435409	0.500871156158741
TCGA-23-2641-01	0	0.385612879086643	0.299670175545343
TCGA-23-2643-01	0	0.378555637067074	0.226671355759899
TCGA-23-2645-01	0	0.164323107488519	0.0801410874244961
TCGA-24-0966-01	8.38117935081254e-07	0.954985080681905	0.9549859091663
TCGA-24-0968-01	0	0.924626647601378	6.34850251979291e-06
TCGA-24-0970-01	0	0.775545389110075	0.0302348733031086
TCGA-24-0975-01	7.03248382309558e-07	0.0475510834567301	0.047551777071573
TCGA-24-0979-01	1.1781818788556e-05	0.546793805368226	0.546805577553475
TCGA-24-0980-01	0	0.35100469676474	0.0925496642918611
TCGA-24-0982-01	1.22056945258385e-05	0.365906558886498	0.365918754947485
TCGA-24-1104-01	0.000355381271553419	0.383989117106048	0.384344488744062
TCGA-24-1105-01	0.000254335075908968	0.73932704736533	0.739581372807699
TCGA-24-1413-01	0	0.964701169965433	0.778168592277946
TCGA-24-1417-01	1.50283215945604e-06	0.70503973897655	0.70504123217517
TCGA-24-1418-01	0	0.781567102703463	0.261650978463673
TCGA-24-1422-01	0	0.781990660533943	0.0497483589434077
TCGA-24-1423-01	0.0920961268865083	0.280130216938543	0.372226334191512
TCGA-24-1426-01	0	0.870073262200755	0.0261702806906096
TCGA-24-1427-01	2.82840719241214e-05	0.302856593965588	0.302884868403972
TCGA-24-1428-01	0	0.93684367116965	0.300543581135553
TCGA-24-1430-01	0	0.582153471204633	0.523216025755152
TCGA-24-1431-01	0	0.786988887625504	0.78590993120333
TCGA-24-1435-01	0	0.413142086123901	0.0600592711223565
TCGA-24-1436-01	0	0.788139787320541	0.59155686543006
TCGA-24-1464-01	0	0.77957965534028	0.775128642192011
TCGA-24-1466-01	0	0.782022008071423	0.459323106862339
TCGA-24-1467-01	9.05552711467102e-07	0.0261693847714376	0.0261702806906096
TCGA-24-1469-01	0	0.974410669907955	0.377643543182297
TCGA-24-1470-01	0	0.773026045131379	0.0602481462974739
TCGA-24-1471-01	0	0.842907210701414	0.394658647425817
TCGA-24-1474-01	3.64340463273253e-05	0.780426992572647	0.780463416985435
TCGA-24-1544-01	0	0.941749705288352	0.0813491718099091
TCGA-24-1545-01	1.7109166123038e-05	0.862442458507406	0.86245955803999
TCGA-24-1546-01	0	0.0302526375499166	0.030213708416863
TCGA-24-1548-01	2.35058363402099e-05	0.779022383981767	0.779045880184567
TCGA-24-1549-01	0	0.486028790776834	0.300061027509275
TCGA-24-1550-01	0	0.591556692026349	0.377643543182297
TCGA-24-1551-01	0.00193248802042873	0.769801815068661	0.77173429345555
TCGA-24-1552-01	0	0.934857919309416	0.934808075376127
TCGA-24-1553-01	7.03248382309558e-07	0.0475510834567301	0.047551777071573
TCGA-24-1555-01	0	0.782268857887153	0.38585642459833
TCGA-24-1557-01	0	1	0.0606883219835628
TCGA-24-1558-01	2.92763264909417e-05	0.298587760682495	0.298617027375446
TCGA-24-1560-01	0	0.963321261769789	0.20704106345336
TCGA-24-1562-01	4.8475970681941e-05	0.440923306554052	0.440971772891195
TCGA-24-1563-01	0	0.396802389333583	0.0249997285750251
TCGA-24-1564-01	0	0.968094141105748	0.581983612636456
TCGA-24-1567-01	0	0.984803881414713	0.112880652092746
TCGA-24-1603-01	2.65885689749915e-06	0.609051874076499	0.609054523299857
TCGA-24-1614-01	0	0.976813149419174	0.0172624068356051
TCGA-24-1616-01	0	0.500767258435409	0.0424759710865497
TCGA-24-1845-01	0	0.972860103560357	0.0165993977477189
TCGA-24-1847-01	8.10180670578545e-06	0.670578005721879	0.670586097895046
TCGA-24-1849-01	0	0.31324189633643	0.11460817692712
TCGA-24-1850-01	0	0.983922942396626	0.365918754947485
TCGA-24-1852-01	0	0.982929791910634	0.269275356586187
TCGA-24-1852-02	0	0.670912944622648	0.171141611132603
TCGA-24-1920-01	0	0.843066819183579	0.322702147711889
TCGA-24-1923-01	0.00100269732362066	0.780079173629588	0.78108186131967
TCGA-24-1924-01	0	0.778246826252093	0.745712186235739
TCGA-24-1927-01	0	0.825984154927661	0.288342212068943
TCGA-24-1930-01	0	0.582932410306666	0.092511303537637
TCGA-24-2019-01	0	0.954985080681905	0.253231582861729
TCGA-24-2020-01	1.27162721184742e-06	0.474697734934259	0.474698996927932
TCGA-24-2023-01	0	0.512858323474931	0.300061027509275
TCGA-24-2026-01	0	0.768131272620333	0.0302348733031086
TCGA-24-2027-01	1.3005278302985e-05	0.114450418084535	0.114463413729298
TCGA-24-2029-01	0	0.723517262681391	0.253231582861729
TCGA-24-2030-01	0	0.954985080681905	0.256933732818233
TCGA-24-2033-01	0	0.374979397471622	0.00478165549042819
TCGA-24-2035-01	0	0.26781992144099	0.0928937550551396
TCGA-24-2260-01	0	0.954985215551457	0.217656944591744
TCGA-24-2261-01	0	0.637676164081026	0.542201853537311
TCGA-24-2262-01	0	0.649358815214137	0.0324529572350709
TCGA-24-2267-01	4.42564803880837e-05	0.523204455874232	0.523248702721081
TCGA-24-2281-01	0	0.769861109504183	0.550559363281612
TCGA-24-2288-01	0	0.95223433908481	0.198840146893366
TCGA-24-2289-01	0	0.954985215551457	0.158171581950589
TCGA-24-2290-01	0	0.773328384134535	0.553513738636313
TCGA-24-2293-01	0	0.821711468228775	0.582938431268843
TCGA-24-2295-01	0	0.500767258435409	0.159455241453251
TCGA-24-2297-01	0	0.432523168397536	0.0548973412943491
TCGA-24-2298-01	0	0.982929791910634	0.118262332589916
TCGA-25-1312-01	0	0.954985215551457	0.784579231127369
TCGA-25-1313-01	0	0.500297970193	0.163274361846167
TCGA-25-1314-01	0	0.753076776698996	0.0342229467114887
TCGA-25-1315-01	0	0.776953783681973	0.407497737539168
TCGA-25-1317-01	0	0.814799663754791	0.512858467978023
TCGA-25-1318-01	0	0.778362794800397	0.462285208315706
TCGA-25-1319-01	6.90724780980757e-06	0.374398745512782	0.374405643127052
TCGA-25-1320-01	0	0.974951631684122	0.386320992406391
TCGA-25-1321-01	0	0.781132842010617	0.780257134004471
TCGA-25-1322-01	1.22056945258385e-05	0.365906558886498	0.365918754947485
TCGA-25-1323-01	0	0.781495082362283	0.776807864459413
TCGA-25-1623-01	0.008580574351046	0.77419498844587	0.782775553163376
TCGA-25-1625-01	3.51624191154779e-06	0.424970338572768	0.42497384518114
TCGA-25-1626-01	0	0.94858603098048	0.783948696701082
TCGA-25-1627-01	0	0.882012088415816	0.582932448840824
TCGA-25-1628-01	0	0.638879855572435	0.513507758905685
TCGA-25-1630-01	0	0.38335934372938	0.0711219558219944
TCGA-25-1631-01	0	0.811194985950783	0.636706895139414
TCGA-25-1633-01	0	0.374398745512782	0.0591760007877152
TCGA-25-1634-01	0	0.882245287506098	0.659103622078866
TCGA-25-1870-01	0	0.915551708904648	0.0548973412943491
TCGA-25-1871-01	0	0.89502149950724	0.549263103109305
TCGA-25-1877-01	0	0.954985215551457	0.0715104090345954
TCGA-25-1878-01	3.85341579347703e-08	0.582932410306666	0.582932439207284
TCGA-25-2042-01	0.10692981244934	9.63353952165846e-09	0.10692981244934
TCGA-25-2391-01	0	0.767466288656853	0.218209630385463
TCGA-25-2392-01	0	0.425436929424121	6.2878112210063e-05
TCGA-25-2393-01	0.000829014240269164	0.778925509108719	0.779754513715448
TCGA-25-2397-01	0	0.753178362372851	3.58271333398275e-05
TCGA-25-2399-01	0.00213183485296478	0.857983825229406	0.860115650448831
TCGA-25-2400-01	0	0.474475758917476	0.00547717777407186
TCGA-25-2401-01	6.17509880904694e-06	0.31324189633643	0.313248061801699
TCGA-25-2404-01	0	0.985372192809474	0.439143172960558
TCGA-25-2408-01	1.19455889597788e-06	0.226269107318757	0.226270292244113
TCGA-29-1688-01	0	0.87592896100822	0.444833348292615
TCGA-29-1690-01	5.9631609404057e-05	0.982929791910634	0.982989413886499
TCGA-29-1691-01	0	0.937943291534016	0.300543581135553
TCGA-29-1692-01	0	0.868666563131807	0.575001695262111
TCGA-29-1692-02	0	0.774700469896119	0.263870382190545
TCGA-29-1693-01	0	0.965184311237619	0.460016355630665
TCGA-29-1694-01	0	0.77199011209654	0.584398500146531
TCGA-29-1695-01	0	0.998261849371576	0.179271836779865
TCGA-29-1697-01	0	0.9436859311221	0.248039124347098
TCGA-29-1698-01	0	0.787113189185462	0.582932448840824
TCGA-29-1701-01	0	0.620934845029634	0.386720013611806
TCGA-29-1702-01	0	0.954985215551457	0.582932448840824
TCGA-29-1703-01	1.36796260668435e-05	0.205654479214853	0.205668149207381
TCGA-29-1704-01	0	0.858155109561426	0.171141611132603
TCGA-29-1705-01	5.87356902320736e-05	0.666303816190834	0.666362542247526
TCGA-29-1707-01	0	0.997121305731483	0.906056198774677
TCGA-29-1707-02	0	0.997121305731483	0.179293319572914
TCGA-29-1710-01	0	0.780898650665769	0.777400356038279
TCGA-29-1710-02	0	0.781057517365394	0.777400356038279
TCGA-29-1711-01	0	0.877596488158689	0.772696780385366
TCGA-29-1761-01	0	0.61649605684297	0.0480138786935267
TCGA-29-1762-01	0	0.93362227336754	0.14431853290596
TCGA-29-1763-01	0	0.427065267335971	0.0152383423888444
TCGA-29-1764-01	0	0.977764133902846	0.241442510017942
TCGA-29-1768-01	0.127125468287558	9.63353952165846e-09	0.127125468287558
TCGA-29-1770-01	0	0.0260951005484789	0.0260568939308865
TCGA-29-1770-02	0	0.0594049707541636	0.0260568939308865
TCGA-29-1771-01	0	0.377626434016174	0.059292547348389
TCGA-29-1774-01	0	0.708718440897951	0.703468046276865
TCGA-29-1776-01	0.000144040682360171	0.959180140319631	0.959324171368452
TCGA-29-1777-01	0	0.782924921193071	0.181916956250061
TCGA-29-1781-01	0	0.98655540339594	0.0965603090832515
TCGA-29-1783-01	0	0.783052228417348	0.777841466177698
TCGA-29-1784-01	0	0.888981260617425	0.0302348733031086
TCGA-29-1785-01	0	0.934373410074623	0.0424350574443624
TCGA-29-2425-01	0.00981433211918303	0.769257240715187	0.779071563200831
TCGA-29-2427-01	2.97869040835774e-05	0.790470689633397	0.790500466903941
TCGA-29-2428-01	0	0.779779724688277	0.745712186235739
TCGA-29-2429-01	0	0.946420507639941	0.0154204162850862
TCGA-29-2431-01	0	0.977500550629033	0.0564738122296184
TCGA-29-2432-01	0	0.107632916328558	0.0343963215215767
TCGA-29-A5NZ-01	0.0001296096402136	0.724384666576503	0.724514266583177
TCGA-30-1714-01	0	0.61649605684297	0.278035606082143
TCGA-30-1718-01	0	0.80237421855979	0.767473205538202
TCGA-30-1853-01	1.8111054229342e-06	0.474475758917476	0.47447756038936
TCGA-30-1856-01	0	0.801711864552589	0.500804395730119
TCGA-30-1859-01	0	0.495748666041379	0.459323106862339
TCGA-30-1860-01	0	0.962211555089583	0.238254694734472
TCGA-30-1861-01	0	0.847525356126185	0.075177993851432
TCGA-30-1862-01	0	0.974423174242204	0.0990622067219428
TCGA-30-1867-01	0	0.784914449400783	0.108327783531516
TCGA-30-1887-01	3.94686112646885e-05	0.793568489123931	0.793607948101657
TCGA-30-1892-01	0	0.128647095482547	0.061973368715911
TCGA-31-1944-01	0	0.803243472094483	0.0172624068356051
TCGA-31-1946-01	0	0.482351023308763	0.277948046841776
TCGA-31-1951-01	0	0.779678061946106	0.47447756038936
TCGA-31-1953-01	4.81676974184629e-08	0.582932410306666	0.582932448840824
TCGA-31-1955-01	5.9631609404057e-05	0.982929791910634	0.982989413886499
TCGA-31-1959-01	0	0.857298360360983	0.700520337331487
TCGA-36-1568-01	0	0.77612446116844	0.614682591202862
TCGA-36-1570-01	0	0.77683721785422	0.107893725143
TCGA-36-1574-01	0	0.497345935788394	0.0813491718099091
TCGA-36-1575-01	0	0.922632158120832	0.248039124347098
TCGA-36-1576-01	0	0.34580494566072	0.047551777071573
TCGA-36-1577-01	0.0834843784016931	0.583037338818722	0.666521707586876
TCGA-36-1578-01	1.00863158394261e-05	0.0347631281709578	0.0347732048532577
TCGA-36-1580-01	0	0.761215807401346	0.752620060225613
TCGA-36-1581-01	4.81676974184629e-08	0.582932410306666	0.582932448840824
TCGA-36-2529-01	0	0.776807864459413	0.0568479596360861
TCGA-36-2530-01	0	0.767466288656853	0.689735724749046
TCGA-36-2532-01	0	0.50127027369955	0.207383872955887
TCGA-36-2533-01	0	0.787359085280783	0.0343963215215767
TCGA-36-2534-01	0	0.0477877409876866	0.0133072512316408
TCGA-36-2537-01	0	0.492903111148686	0.234922713532629
TCGA-36-2538-01	0	0.604860118742815	0.455660666355587
TCGA-36-2540-01	0	0.858166496405095	0.0170462109425121
TCGA-36-2542-01	0	0.911784474755392	0.57106121153878
TCGA-36-2543-01	0	0.806162347856186	0.0297302781384923
TCGA-36-2544-01	1.71477002809728e-06	0.647158033119088	0.647159738255576
TCGA-36-2545-01	7.50452725779651e-06	0.179825852002033	0.179833346895751
TCGA-36-2547-01	0	0.170566874167006	0.0813491718099091
TCGA-36-2548-01	0	0.967676556069748	0.459322981626326
TCGA-36-2549-01	0	0.788066187078886	0.218465969237584
TCGA-36-2551-01	4.23875737282473e-07	0.256324748619772	0.256325162861969
TCGA-36-2552-01	0	0.864132113898069	0.376748192389143
TCGA-3P-A9WA-01	0	0.623703765115734	0.106780376984869
TCGA-42-2582-01	0	0.983070441587096	0.092560636893333
TCGA-42-2587-01	0	0.777113199493349	0.0234695275298958
TCGA-42-2588-01	0	0.813636972607426	0.538674995465252
TCGA-42-2589-01	0.203416251551831	0.618735093723309	0.8221513356416
TCGA-42-2591-01	0	0.179291113492372	0.0172155974672539
TCGA-42-2593-01	0	0.954985215551457	0.044497020235452
TCGA-57-1582-01	0	0.777867640504475	0.377643543182297
TCGA-57-1583-01	0	0.894135300576595	0.059292547348389
TCGA-57-1584-01	0	0.88745115590769	0.228803575954443
TCGA-57-1586-01	0	0.784578518245447	0.459323106862339
TCGA-57-1992-01	0	0.582932410306666	0.0324529572350709
TCGA-57-1993-01	0	0.865788620279369	0.253231582861729
TCGA-57-1994-01	0	0.954985215551457	0.00264808660035643
TCGA-59-2348-01	0	0.974410535038402	0.0613597026172602
TCGA-59-2349-01	0	0.732107239366974	0.0302348733031086
TCGA-59-2350-01	0	0.815858909955181	0.767473205538202
TCGA-59-2351-01	1.73403710706466e-05	0.641716171900763	0.641733502638294
TCGA-59-2354-01	0	0.949070135606615	0.782775553163376
TCGA-59-2363-01	0	0.962965668560367	0.17845973903493
TCGA-59-2372-01	0	0.271005472842681	0.103840827647434
TCGA-59-A5PD-01	0	0.870733150021848	0.454222147705724
TCGA-61-1724-01	0	0.779433639782326	0.356216258588168
TCGA-61-1727-01	0	0.146875958266235	0.0392517313902921
TCGA-61-1728-01	0	0.981191670182828	0.785341378970082
TCGA-61-1733-01	4.81676974184629e-08	0.582932410306666	0.582932448840824
TCGA-61-1736-01	1.64733525171143e-05	0.0925332005728835	0.0925496642918611
TCGA-61-1737-01	0	0.582932410306666	0.0379499801004791
TCGA-61-1738-01	0	0.711264826221978	0.00196003994335214
TCGA-61-1740-01	0	0.65535263971072	0.0054510805156105
TCGA-61-1741-01	0	0.982929791910634	0.778133651430238
TCGA-61-1743-01	0	0.438291693306213	0.386320992406391
TCGA-61-1895-01	0	0.992748218284098	0.352919507240217
TCGA-61-1899-01	0	0.86237726834572	0.300061027509275
TCGA-61-1900-01	0	0.829446680223048	0.0397046233484994
TCGA-61-1901-01	0	0.533742074137851	0.0919639450912526
TCGA-61-1903-01	5.28881317654722e-06	0.614019485779581	0.614024764959218
TCGA-61-1904-01	0	0.97905374693291	0.0380256226525051
TCGA-61-1906-01	8.28484395597561e-07	0.865324216241479	0.865325035092335
TCGA-61-1907-01	5.93426032195462e-06	0.0343903968947943	0.0343963215215767
TCGA-61-1910-01	0	0.29190455046692	0.0670409572917546
TCGA-61-1911-01	0	0.954985215551457	0.537204975141278
TCGA-61-1913-01	0.0292833589747648	0.970716650658775	1
TCGA-61-1914-01	9.44086869401872e-07	0.236106540665622	0.236107475118952
TCGA-61-1915-01	0	0.4318450442862	0.426462400435081
TCGA-61-1916-02	0	0.994319882083165	0.207387032756838
TCGA-61-1917-01	0	0.961946719455637	0.218209630385463
TCGA-61-1918-01	0	0.693101616009871	0.0135813254299518
TCGA-61-1919-01	0	0.867704962487623	0.0129865121680708
TCGA-61-1998-01	0	0.897383431450772	0.0800169785353276
TCGA-61-2000-01	0	0.857225704206197	0.52863469904394
TCGA-61-2002-01	0	0.979464299485086	0.325833915062643
TCGA-61-2003-01	0	0.786440806663658	0.027124058900732
TCGA-61-2008-01	0	0.779092246410102	0.0876285825844854
TCGA-61-2008-02	0	0.702234731651544	0.0876285825844854
TCGA-61-2009-01	0	0.775643959486073	0.775605280825046
TCGA-61-2012-01	0	0.999971976033642	0.561305509140895
TCGA-61-2018-01	0	0.595933931529252	0.377643543182297
TCGA-61-2087-01	0	0.957990041752435	0.813400806386983
TCGA-61-2088-01	0	0.770745266124457	0.500804395730119
TCGA-61-2095-02	0	0.994319882083165	0.0431175262820057
TCGA-61-2096-01	0	0.760050438130004	0.459567634995054
TCGA-61-2097-01	0	0.377626434016174	0.120215128111577
TCGA-61-2098-01	0	0.979384138803043	0.162677265435428
TCGA-61-2101-01	0	0.974410535038402	0.779459929711577
TCGA-61-2102-01	0	0.588952630701433	0.179781624422263
TCGA-61-2109-01	0.00165046615204363	0.777400356038279	0.779050812556783
TCGA-61-2113-01	0	0.999910774157302	5.18477095012848e-05
TCGA-61-2611-02	0	0.63724470674817	0.107797428282321
TCGA-61-2613-01	0	0.787757576641526	0.459323106862339
TCGA-61-2614-01	4.49019275334911e-05	0.781036969025675	0.78108186131967
TCGA-72-4231-01	0	0.782905056834656	0.00272779450604443
TCGA-72-4233-01	0.0044613692032139	0.777972482314676	0.78243384188435
TCGA-72-4234-01	0	0.814390257593813	0.780459168594523
TCGA-72-4236-01	0	0.582153471204633	0.220482567691245
TCGA-72-4237-01	0	0.963321261769789	0.24370618949228
TCGA-72-4238-01	5.67415475589492e-06	0.877596488158689	0.877602152679906
TCGA-72-4240-01	0	0.905767992173944	0.171141611132603
TCGA-OY-A56P-01	0	0.996322791277219	0.424581422950272
TCGA-VG-A8LO-01	0	0.675487777653901	0.22358837265309
