Sample	percent	start	end
TCGA-04-1331-01	0.958467376908643	7.34943428337687e-09	0.958467376908643
TCGA-04-1332-01	1	7.34943428337687e-09	1
TCGA-04-1335-01	0.559211617368315	7.34943428337687e-09	0.559211617368315
TCGA-04-1336-01	0.986063363367899	7.34943428337687e-09	0.986063363367899
TCGA-04-1337-01	0.00166640337318454	0.0469488695081858	0.0486152655319361
TCGA-04-1338-01	0.215126568833203	7.34943428337687e-09	0.215126568833203
TCGA-04-1341-01	1	7.34943428337687e-09	1
TCGA-04-1343-01	1	7.34943428337687e-09	1
TCGA-04-1346-01	0.642972178826875	7.34943428337687e-09	0.642972178826875
TCGA-04-1347-01	0.887184376249289	7.34943428337687e-09	0.887184376249289
TCGA-04-1348-01	0.808874081738717	7.34943428337687e-09	0.808874081738717
TCGA-04-1349-01	0.0003520011535672	0.623606779691411	0.623958773495544
TCGA-04-1350-01	1	7.34943428337687e-09	1
TCGA-04-1351-01	0.00477948408367934	0.0443449796510702	0.0491244563853153
TCGA-04-1353-01	9.54838498203376e-05	0.127541317692561	0.127636794192947
TCGA-04-1356-01	0.59151503405783	7.34943428337687e-09	0.59151503405783
TCGA-04-1357-01	0.825283964684645	7.34943428337687e-09	0.825283964684645
TCGA-04-1360-01	0.989880909399886	7.34943428337687e-09	0.989880909399886
TCGA-04-1361-01	0.989233144963659	7.34943428337687e-09	0.989233144963659
TCGA-04-1362-01	0.655838230720716	7.34943428337687e-09	0.655838230720716
TCGA-04-1364-01	0.00424185091973944	0.709623536621992	0.713865380192297
TCGA-04-1365-01	3.6365000685886e-05	0.5951388710512	0.595175228702451
TCGA-04-1367-01	0.966343927285579	7.34943428337687e-09	0.966343927285579
TCGA-04-1371-01	1	7.34943428337687e-09	1
TCGA-04-1514-01	0.969447960842508	7.34943428337687e-09	0.969447960842508
TCGA-04-1516-01	1	7.34943428337687e-09	1
TCGA-04-1517-01	1	7.34943428337687e-09	1
TCGA-04-1519-01	3.61592165267904e-06	0.133654937226828	0.133658545799047
TCGA-04-1525-01	7.01870971200911e-06	0.0426558297788713	0.0426628411391491
TCGA-04-1530-01	0.60074116104672	0.262283662512656	0.863024816209942
TCGA-04-1536-01	1	7.34943428337687e-09	1
TCGA-04-1542-01	0.96238420644796	0.0238592548063187	0.986243453904844
TCGA-04-1638-01	4.35086507802031e-06	0.847313276506773	0.847317620022417
TCGA-04-1644-01	1	7.34943428337687e-09	1
TCGA-04-1646-01	0.745062016179853	7.34943428337687e-09	0.745062016179853
TCGA-04-1648-01	3.65707848449815e-05	0.203082984777227	0.203119548212638
TCGA-04-1649-01	1	7.34943428337687e-09	1
TCGA-04-1651-01	0.672287220006307	0.170979303662418	0.84326651631929
TCGA-04-1652-01	1	7.34943428337687e-09	1
TCGA-04-1654-01	0.868210782803309	7.34943428337687e-09	0.868210782803309
TCGA-04-1655-01	1	7.34943428337687e-09	1
TCGA-09-0364-01	0.927800142718664	7.34943428337687e-09	0.927800142718664
TCGA-09-0365-01	5.25484549119007e-06	0.867409194708157	0.867414442204214
TCGA-09-0366-01	0.718444967013718	7.34943428337687e-09	0.718444967013718
TCGA-09-0367-01	0.774666309043196	7.34943428337687e-09	0.774666309043196
TCGA-09-0369-01	0.9597474793186	7.34943428337687e-09	0.9597474793186
TCGA-09-1659-01	1	7.34943428337687e-09	1
TCGA-09-1661-01	1	7.34943428337687e-09	1
TCGA-09-1662-01	1	7.34943428337687e-09	1
TCGA-09-1664-01	0.782279418949318	7.34943428337687e-09	0.782279418949318
TCGA-09-1665-01	0.291383887078294	7.34943428337687e-09	0.291383887078295
TCGA-09-1666-01	0.854624383460554	7.34943428337687e-09	0.854624383460554
TCGA-09-1667-01	7.34208481915927e-06	0.956844144112263	0.956851478847648
TCGA-09-1668-01	0.3308256916672	0.629452313912417	0.960277998230183
TCGA-09-1669-01	0.612566812328779	0.366412776785665	0.97897958176501
TCGA-09-1670-01	1	7.34943428337687e-09	1
TCGA-09-1673-01	0.989521139894313	7.34943428337687e-09	0.989521139894313
TCGA-09-1674-01	0.818487913432778	7.34943428337687e-09	0.818487913432778
TCGA-09-1675-01	1.32657288274099e-05	0.0112392913690191	0.0112525497484123
TCGA-09-2043-01	0.659637498709715	7.34943428337687e-09	0.659637498709715
TCGA-09-2044-01	0.812262898523532	7.34943428337687e-09	0.812262898523532
TCGA-09-2049-01	1	7.34943428337687e-09	1
TCGA-09-2050-01	0.856760092307424	7.34943428337687e-09	0.856760092307424
TCGA-09-2051-01	1	7.34943428337687e-09	1
TCGA-09-2053-01	1	7.34943428337687e-09	1
TCGA-09-2054-01	0.995985768408523	7.34943428337687e-09	0.995985768408523
TCGA-09-2055-01	0.979681746713581	7.34943428337687e-09	0.979681746713581
TCGA-10-0925-01	0.205280899235618	0.259826474712673	0.465107366598857
TCGA-10-0926-01	0.94721734801618	7.34943428337687e-09	0.94721734801618
TCGA-10-0927-01	1	7.34943428337687e-09	1
TCGA-10-0928-01	1	7.34943428337687e-09	1
TCGA-10-0930-01	1	7.34943428337687e-09	1
TCGA-10-0931-01	0.567653464179721	7.34943428337687e-09	0.567653464179721
TCGA-10-0933-01	1	7.34943428337687e-09	1
TCGA-10-0934-01	4.41700998630102e-06	0.511730193155259	0.511734602815811
TCGA-10-0935-01	1	7.34943428337687e-09	1
TCGA-10-0936-01	0.000294249299203884	0.0903238414287535	0.0906180833785232
TCGA-10-0937-01	0.782611826511166	7.34943428337687e-09	0.782611826511166
TCGA-10-0938-01	0.00194211739920131	0.199039340749868	0.200981450799635
TCGA-13-0714-01	0.0627778752190269	7.34943428337687e-09	0.0627778752190269
TCGA-13-0717-01	1	7.34943428337687e-09	1
TCGA-13-0720-01	0.826690859534342	7.34943428337687e-09	0.826690859534342
TCGA-13-0723-01	1.1450418566817e-05	0.92863406832453	0.928645511393663
TCGA-13-0724-01	0.99120676203807	7.34943428337687e-09	0.99120676203807
TCGA-13-0725-01	0.763536061230195	7.34943428337687e-09	0.763536061230195
TCGA-13-0726-01	0.000123566038102627	0.0266152191570059	0.0267387778456744
TCGA-13-0727-01	0.985538628461074	0.0144613788883606	1
TCGA-13-0730-01	1	7.34943428337687e-09	1
TCGA-13-0751-01	1	7.34943428337687e-09	1
TCGA-13-0755-01	0.000172682307218184	0.0614490681082729	0.0616217430660568
TCGA-13-0757-01	1	7.34943428337687e-09	1
TCGA-13-0758-01	0.249517878950335	0.509111589730768	0.758629461331668
TCGA-13-0760-01	0.973732592819037	0.0262674145303974	1
TCGA-13-0761-01	0.118382114651983	7.34943428337687e-09	0.118382114651983
TCGA-13-0762-01	1	7.34943428337687e-09	1
TCGA-13-0764-01	1.9358409823489e-05	0.152882321336448	0.152901672396837
TCGA-13-0766-01	0.71964675385227	7.34943428337687e-09	0.71964675385227
TCGA-13-0768-01	1	7.34943428337687e-09	1
TCGA-13-0791-02	0.810039187550911	7.34943428337687e-09	0.810039187550911
TCGA-13-0792-01	0.82275395869008	7.34943428337687e-09	0.82275395869008
TCGA-13-0793-01	1	7.34943428337687e-09	1
TCGA-13-0794-01	0.231657519009587	7.34943428337687e-09	0.231657519009587
TCGA-13-0795-01	1	7.34943428337687e-09	1
TCGA-13-0797-01	0.841330954615443	7.34943428337687e-09	0.841330954615443
TCGA-13-0799-01	0.405743546121871	0.263092658837535	0.668836197609971
TCGA-13-0800-01	0.00588579442184555	0.0473132471090357	0.053199034181447
TCGA-13-0801-01	1	7.34943428337687e-09	1
TCGA-13-0802-01	0.669527176719609	7.34943428337687e-09	0.669527176719609
TCGA-13-0803-01	0.252346793785421	7.34943428337687e-09	0.252346793785421
TCGA-13-0804-01	0.999989629948268	1.03774011658286e-05	1
TCGA-13-0805-01	1	7.34943428337687e-09	1
TCGA-13-0807-01	8.21446266503936e-05	0.0111704124711962	0.0112525497484123
TCGA-13-0883-01	0.686934061868052	7.34943428337687e-09	0.686934061868052
TCGA-13-0884-01	0.932563340456038	7.34943428337687e-09	0.932563340456038
TCGA-13-0885-01	1	7.34943428337687e-09	1
TCGA-13-0887-01	0.956624050604677	0.0221839880154245	0.978808031270667
TCGA-13-0888-01	0.936253072476924	0.0420541168976759	0.978307182025165
TCGA-13-0889-01	0.97323396310268	0.0267660442467544	1
TCGA-13-0890-01	1	7.34943428337687e-09	1
TCGA-13-0891-01	2.40032522716458e-05	0.193166672417599	0.193190668320436
TCGA-13-0893-01	0.16017107131123	0.0566377683237105	0.216808832285506
TCGA-13-0897-01	0.0365059995820377	0.231630443693798	0.268136435926401
TCGA-13-0899-01	1	7.34943428337687e-09	1
TCGA-13-0900-01	7.75879774132777e-05	0.0175292164815913	0.0176067971095704
TCGA-13-0901-01	0.575370943401676	0.0904234115640188	0.665794347616261
TCGA-13-0903-01	0.0848066137852824	7.34943428337687e-09	0.0848066137852824
TCGA-13-0904-01	0.644715273546494	7.34943428337687e-09	0.644715273546494
TCGA-13-0905-01	0.763682528105431	7.34943428337687e-09	0.763682528105431
TCGA-13-0906-01	0.842482926988626	7.34943428337687e-09	0.842482926988626
TCGA-13-0908-01	0.200566663429241	7.34943428337687e-09	0.200566663429241
TCGA-13-0910-01	1	7.34943428337687e-09	1
TCGA-13-0911-01	1	7.34943428337687e-09	1
TCGA-13-0912-01	1	7.34943428337687e-09	1
TCGA-13-0913-01	0.952274074808201	7.34943428337687e-09	0.952274074808201
TCGA-13-0913-02	0.997584556986576	7.34943428337687e-09	0.997584556986576
TCGA-13-0916-01	0.788663923931298	7.34943428337687e-09	0.788663923931298
TCGA-13-0920-01	0.514194943523089	7.34943428337687e-09	0.514194943523089
TCGA-13-0921-01	0.938668280308451	0.0461674556100602	0.984835728569077
TCGA-13-0923-01	0.538094745158184	0.459306649227929	0.997401387036678
TCGA-13-0924-01	5.51207569005951e-06	0.0252255146340281	0.0252310193602839
TCGA-13-1403-01	0.905181553258098	7.34943428337687e-09	0.905181553258098
TCGA-13-1404-01	0.824111090520446	7.34943428337687e-09	0.824111090520446
TCGA-13-1405-01	3.59534323676948e-05	0.010189968544054	0.0102259146269874
TCGA-13-1407-01	1	7.34943428337687e-09	1
TCGA-13-1408-01	1	7.34943428337687e-09	1
TCGA-13-1409-01	1	7.34943428337687e-09	1
TCGA-13-1410-01	0.417062417164986	0.391077081270669	0.80813949108622
TCGA-13-1411-01	1.51692322990438e-05	0.0076964745388588	0.00771163642172357
TCGA-13-1412-01	0.112307755795497	7.34943428337687e-09	0.112307755795497
TCGA-13-1481-01	0.947253272050811	7.34943428337687e-09	0.947253272050811
TCGA-13-1483-01	0.125059531336132	7.34943428337687e-09	0.125059531336132
TCGA-13-1484-01	1	7.34943428337687e-09	1
TCGA-13-1485-01	3.14555786046063e-06	0.28663364639351	0.286636784601936
TCGA-13-1487-01	1	7.34943428337687e-09	1
TCGA-13-1488-01	0.85199300671933	0.0481288505753082	0.900121849945204
TCGA-13-1489-01	1	7.34943428337687e-09	1
TCGA-13-1489-02	1	7.34943428337687e-09	1
TCGA-13-1491-01	1	7.34943428337687e-09	1
TCGA-13-1492-01	1	7.34943428337687e-09	1
TCGA-13-1494-01	2.93977370136507e-08	0.276314607085097	0.2763146291334
TCGA-13-1495-01	0.724930563463853	7.34943428337687e-09	0.724930563463853
TCGA-13-1496-01	0.000831500292562604	0.292750492329414	0.293581985272542
TCGA-13-1497-01	0.870497654813903	7.34943428337687e-09	0.870497654813903
TCGA-13-1498-01	0.038646257728711	7.34943428337687e-09	0.038646257728711
TCGA-13-1499-01	0.82577429688973	7.34943428337687e-09	0.82577429688973
TCGA-13-1500-01	1	7.34943428337687e-09	1
TCGA-13-1501-01	0.000232403809961416	0.0412986318035964	0.0415310282641236
TCGA-13-1504-01	0.996659145623123	7.34943428337687e-09	0.996659145623123
TCGA-13-1505-01	0.430442135717666	7.34943428337687e-09	0.430442135717666
TCGA-13-1506-01	0.0001160769645984	0.344706693082003	0.344822762697167
TCGA-13-1507-01	0.00286358211645994	0.0460509450288409	0.0489145197958665
TCGA-13-1509-01	0.962895616830484	7.34943428337687e-09	0.962895616830484
TCGA-13-1510-01	0.739800975115587	0.0427638297152252	0.782564797481378
TCGA-13-1511-01	0.848296535267234	0.0221839880154245	0.870480515933224
TCGA-13-1512-01	0.800499871770746	7.34943428337687e-09	0.800499871770746
TCGA-13-1817-01	1	7.34943428337687e-09	1
TCGA-13-1817-02	1	7.34943428337687e-09	1
TCGA-13-1819-01	0.973697352281792	7.34943428337687e-09	0.973697352281792
TCGA-13-1819-02	0.785730051825638	7.34943428337687e-09	0.785730051825638
TCGA-13-2057-01	0.96162616375076	0.00943957660791195	0.971065733009238
TCGA-13-2059-01	0.981890898456946	7.34943428337687e-09	0.981890898456946
TCGA-13-2060-01	1.61761047917613e-05	0.0426357952210965	0.042651963976454
TCGA-13-2061-01	1	7.34943428337687e-09	1
TCGA-13-2065-01	0.745275054230557	0.191172815001254	0.936447861882376
TCGA-13-2071-01	0.126361219034491	7.34943428337687e-09	0.126361219034491
TCGA-13-A5FT-01	1	7.34943428337687e-09	1
TCGA-13-A5FU-01	0.0744151678506054	0.0572459193093119	0.131661079810483
TCGA-20-0987-01	0.00433493885399316	0.321077850388963	0.325412781893522
TCGA-20-0990-01	0.995129515221395	7.34943428337687e-09	0.995129515221395
TCGA-20-0996-01	9.33378150183411e-07	0.674137028511285	0.674137954540001
TCGA-20-1682-01	0.928499228254283	0.0715007790951516	1
TCGA-20-1683-01	1	7.34943428337687e-09	1
TCGA-20-1684-01	1	7.34943428337687e-09	1
TCGA-20-1685-01	0.697386647746283	7.34943428337687e-09	0.697386647746283
TCGA-20-1686-01	0.835989929658197	7.34943428337687e-09	0.835989929658197
TCGA-20-1687-01	0.869260370207907	7.34943428337687e-09	0.869260370207907
TCGA-23-1021-01	1	7.34943428337687e-09	1
TCGA-23-1022-01	1	7.34943428337687e-09	1
TCGA-23-1023-01	5.36508700499126e-07	0.101874432784445	0.101874961943711
TCGA-23-1024-01	0.00199190246683393	0.816688147225631	0.81868004234303
TCGA-23-1026-01	0.0886583273371137	7.34943428337687e-09	0.0886583273371137
TCGA-23-1027-01	0.863436972482873	7.34943428337687e-09	0.863436972482873
TCGA-23-1028-01	1	7.34943428337687e-09	1
TCGA-23-1029-01	0.853256484709006	7.34943428337687e-09	0.853256484709006
TCGA-23-1030-01	1	7.34943428337687e-09	1
TCGA-23-1031-01	0.777666590636769	7.34943428337687e-09	0.777666590636769
TCGA-23-1032-01	0.146751731958489	7.34943428337687e-09	0.146751731958489
TCGA-23-1109-01	0.0616217430660568	7.34943428337687e-09	0.0616217430660568
TCGA-23-1110-01	1	7.34943428337687e-09	1
TCGA-23-1111-01	1	7.34943428337687e-09	1
TCGA-23-1113-01	1	7.34943428337687e-09	1
TCGA-23-1114-01	0.79939513421151	7.34943428337687e-09	0.79939513421151
TCGA-23-1116-01	1	7.34943428337687e-09	1
TCGA-23-1117-01	0.621127550938102	7.34943428337687e-09	0.621127550938102
TCGA-23-1118-01	0.018108226960378	7.34943428337687e-09	0.018108226960378
TCGA-23-1119-01	0.851157221706598	7.34943428337687e-09	0.851157221706598
TCGA-23-1120-01	0.0607212462847232	7.34943428337687e-09	0.0607212462847232
TCGA-23-1121-01	0.485242494031984	7.34943428337687e-09	0.485242494031984
TCGA-23-1122-01	0.76213072446056	7.34943428337687e-09	0.76213072446056
TCGA-23-1123-01	0.906465624362551	0.0935343829868829	1
TCGA-23-1124-01	0.502482333889281	0.295051159228102	0.797533485767949
TCGA-23-1809-01	0.930094459706157	7.34943428337687e-09	0.930094459706157
TCGA-23-2072-01	1	7.34943428337687e-09	1
TCGA-23-2077-01	0.262779844867407	7.34943428337687e-09	0.262779844867407
TCGA-23-2078-01	2.09458876222261e-06	0.0267660442467544	0.0267681314860825
TCGA-23-2079-01	0.109793470240799	7.34943428337687e-09	0.109793470240799
TCGA-23-2081-01	0.984140817512114	7.34943428337687e-09	0.984140817512114
TCGA-23-2084-01	1	7.34943428337687e-09	1
TCGA-23-2641-01	1	7.34943428337687e-09	1
TCGA-23-2643-01	1	7.34943428337687e-09	1
TCGA-23-2645-01	0.586464017776224	0.308486380708264	0.894950391135054
TCGA-24-0966-01	8.81932110409522e-08	0.561996420899013	0.56199650174279
TCGA-24-0968-01	0.783992572073789	0.216007435275645	1
TCGA-24-0970-01	1	7.34943428337687e-09	1
TCGA-24-0975-01	0.593500028056465	0.406499979292969	1
TCGA-24-0979-01	0.373012414407111	7.34943428337687e-09	0.373012414407111
TCGA-24-0980-01	0.258644759179067	7.34943428337687e-09	0.258644759179067
TCGA-24-0982-01	1	7.34943428337687e-09	1
TCGA-24-1103-01	0.850839270481927	7.34943428337687e-09	0.850839270481927
TCGA-24-1104-01	1.13548759215226e-05	0.0252310193602839	0.0252423668867712
TCGA-24-1413-01	1	7.34943428337687e-09	1
TCGA-24-1416-01	0.970772483233093	7.34943428337687e-09	0.970772483233093
TCGA-24-1417-01	0.967038184242894	0.0329618231065405	1
TCGA-24-1418-01	1	7.34943428337687e-09	1
TCGA-24-1419-01	0.834375141361774	7.34943428337687e-09	0.834375141361774
TCGA-24-1422-01	1	7.34943428337687e-09	1
TCGA-24-1423-01	0.939321284891301	7.34943428337687e-09	0.939321284891301
TCGA-24-1424-01	0.428798728724261	0.571201278625174	1
TCGA-24-1425-01	0.817292917471476	7.34943428337687e-09	0.817292917471476
TCGA-24-1426-01	1	7.34943428337687e-09	1
TCGA-24-1427-01	0.194623896193063	0.451068565481199	0.645692454324828
TCGA-24-1428-01	0.820870555921129	7.34943428337687e-09	0.820870555921129
TCGA-24-1430-01	0.979025868501938	7.34943428337687e-09	0.979025868501938
TCGA-24-1431-01	1	7.34943428337687e-09	1
TCGA-24-1434-01	0.943545460421661	7.34943428337687e-09	0.943545460421661
TCGA-24-1435-01	0.000112924057303686	0.226871729111319	0.226984645819188
TCGA-24-1436-01	0.286634947243372	7.34943428337687e-09	0.286634947243372
TCGA-24-1463-01	0.36870491834062	0.42363800008812	0.792342911079305
TCGA-24-1464-01	3.49098127037102e-05	0.0312409604255381	0.0312758628888076
TCGA-24-1466-01	0.0006909717602031	0.0765975382555508	0.0772885026663196
TCGA-24-1469-01	2.09458876222261e-06	0.0267660442467544	0.0267681314860825
TCGA-24-1470-01	0.800499871770746	7.34943428337687e-09	0.800499871770746
TCGA-24-1471-01	1	7.34943428337687e-09	1
TCGA-24-1474-01	4.08408061462143e-05	0.0112429807850144	0.0112838142417263
TCGA-24-1544-01	0.994972715041598	7.34943428337687e-09	0.994972715041598
TCGA-24-1545-01	1	7.34943428337687e-09	1
TCGA-24-1546-01	0.372811561718399	7.34943428337687e-09	0.372811561718399
TCGA-24-1548-01	1	7.34943428337687e-09	1
TCGA-24-1550-01	0.824383519349352	7.34943428337687e-09	0.824383519349352
TCGA-24-1551-01	1	7.34943428337687e-09	1
TCGA-24-1552-01	1	7.34943428337687e-09	1
TCGA-24-1555-01	0.765817428514533	7.34943428337687e-09	0.765817428514533
TCGA-24-1556-01	0.130343950950758	7.34943428337687e-09	0.130343950950758
TCGA-24-1557-01	0.727876246110358	0.20711709658836	0.934993335349283
TCGA-24-1558-01	0.470148953556316	0.444634165190073	0.914783111396955
TCGA-24-1560-01	1	7.34943428337687e-09	1
TCGA-24-1562-01	0.957675453319536	0.0423245540298988	1
TCGA-24-1563-01	0.850920151005886	7.34943428337687e-09	0.850920151005886
TCGA-24-1564-01	9.18679281676585e-07	0.83598901832835	0.835989929658197
TCGA-24-1565-01	6.46750214300316e-07	0.0327978204811755	0.0327984598819556
TCGA-24-1567-01	1	7.34943428337687e-09	1
TCGA-24-1603-01	1	7.34943428337687e-09	1
TCGA-24-1604-01	0.751214903741336	7.34943428337687e-09	0.751214903741336
TCGA-24-1614-01	0.78501560597243	0.123535751084069	0.908551349707064
TCGA-24-1616-01	0.735192233088483	0.0814348550373702	0.816627080776419
TCGA-24-1842-01	1	7.34943428337687e-09	1
TCGA-24-1843-01	0.000913527328264943	0.269088621278839	0.27000214125767
TCGA-24-1844-01	0.747438830566841	7.34943428337687e-09	0.747438830566841
TCGA-24-1845-01	0.784236441001186	7.34943428337687e-09	0.784236441001186
TCGA-24-1846-01	0.975257798861345	7.34943428337687e-09	0.975257798861345
TCGA-24-1847-01	0.646606870934637	0.0427638297152252	0.689370693300428
TCGA-24-1849-01	0.789727798636085	7.34943428337687e-09	0.789727798636085
TCGA-24-1850-01	0.943046904199647	7.34943428337687e-09	0.943046904199647
TCGA-24-1852-01	0.94471582842878	0.0403360837488611	0.985051904828207
TCGA-24-1852-02	0.998829044038141	7.34943428337687e-09	0.998829044038141
TCGA-24-1920-01	0.95730522556902	7.34943428337687e-09	0.95730522556902
TCGA-24-1923-01	1	7.34943428337687e-09	1
TCGA-24-1924-01	0.837756718953849	7.34943428337687e-09	0.837756718953849
TCGA-24-1927-01	0.581492081407184	0.14436090220038	0.72585297625813
TCGA-24-1928-01	0.992358359590106	7.34943428337687e-09	0.992358359590106
TCGA-24-1930-01	1	7.34943428337687e-09	1
TCGA-24-2019-01	0.570215462261592	0.397447151963774	0.967662606875932
TCGA-24-2020-01	1	7.34943428337687e-09	1
TCGA-24-2023-01	1	7.34943428337687e-09	1
TCGA-24-2024-01	0.814007279394145	7.34943428337687e-09	0.814007279394145
TCGA-24-2026-01	0.000999670047149193	0.048129512024391	0.049129174722106
TCGA-24-2027-01	1	7.34943428337687e-09	1
TCGA-24-2029-01	1	7.34943428337687e-09	1
TCGA-24-2030-01	0.835817460484573	7.34943428337687e-09	0.835817460484573
TCGA-24-2033-01	1.71976761529857e-06	0.479151077138596	0.479152789556777
TCGA-24-2035-01	0.039194305040988	7.34943428337687e-09	0.039194305040988
TCGA-24-2254-01	0.975910244887191	0.00444640772331473	0.980356645261072
TCGA-24-2260-01	0.982236814278951	7.34943428337687e-09	0.982236814278951
TCGA-24-2261-01	0.892793714352258	7.34943428337687e-09	0.892793714352258
TCGA-24-2262-01	3.88785072005531e-06	0.140115148731052	0.140119029232338
TCGA-24-2267-01	1	7.34943428337687e-09	1
TCGA-24-2271-01	1	7.34943428337687e-09	1
TCGA-24-2280-01	0.864508909517036	0.00597161376562261	0.870480515933224
TCGA-24-2281-01	0.759076483320698	7.34943428337687e-09	0.759076483320698
TCGA-24-2288-01	0.896090722004379	0.0987670037888906	0.994857718443835
TCGA-24-2289-01	0.0652566336085439	0.0384265169939683	0.103683143253078
TCGA-24-2290-01	1	7.34943428337687e-09	1
TCGA-24-2293-01	1	7.34943428337687e-09	1
TCGA-24-2295-01	0.991675626545701	7.34943428337687e-09	0.991675626545701
TCGA-24-2297-01	0.656262682597153	0.135982620645832	0.792245295893551
TCGA-24-2298-01	1	7.34943428337687e-09	1
TCGA-25-1312-01	0.99314726991117	7.34943428337687e-09	0.99314726991117
TCGA-25-1313-01	0.582598619577812	7.34943428337687e-09	0.582598619577813
TCGA-25-1314-01	1	7.34943428337687e-09	1
TCGA-25-1315-01	0.735439666491493	7.34943428337687e-09	0.735439666491493
TCGA-25-1316-01	1	7.34943428337687e-09	1
TCGA-25-1317-01	1	7.34943428337687e-09	1
TCGA-25-1318-01	0.975159581021982	7.34943428337687e-09	0.975159581021982
TCGA-25-1319-01	2.92507483285825e-06	0.336191344578629	0.336194262304028
TCGA-25-1320-01	1.17590948054603e-07	0.203792396267972	0.203792506509486
TCGA-25-1321-01	3.52772844163809e-07	0.999197574069344	0.999197919492754
TCGA-25-1322-01	1	7.34943428337687e-09	1
TCGA-25-1323-01	1	7.34943428337687e-09	1
TCGA-25-1329-01	0.717824491026874	7.34943428337687e-09	0.717824491026874
TCGA-25-1623-01	0.376576368210184	7.34943428337687e-09	0.376576368210184
TCGA-25-1625-01	0.87014685161812	7.34943428337687e-09	0.87014685161812
TCGA-25-1626-01	1	7.34943428337687e-09	1
TCGA-25-1627-01	1	7.34943428337687e-09	1
TCGA-25-1628-01	1	7.34943428337687e-09	1
TCGA-25-1630-01	0.775585627725653	7.34943428337687e-09	0.775585627725653
TCGA-25-1631-01	1	7.34943428337687e-09	1
TCGA-25-1632-01	0.378083038979305	7.34943428337687e-09	0.378083038979305
TCGA-25-1633-01	0.939070536893443	7.34943428337687e-09	0.939070536893443
TCGA-25-1634-01	0.999989629948268	1.03774011658286e-05	1
TCGA-25-1635-01	1	7.34943428337687e-09	1
TCGA-25-1870-01	0.860625541951875	0.061949932052643	0.922575466655084
TCGA-25-1871-01	1	7.34943428337687e-09	1
TCGA-25-1877-01	0.866676456113092	0.133323551236342	1
TCGA-25-1878-01	0.000207952242200312	0.153562408584521	0.153770353477287
TCGA-25-2042-01	0.818832374066801	7.34943428337687e-09	0.818832374066801
TCGA-25-2391-01	0.742236180757719	7.34943428337687e-09	0.742236180757719
TCGA-25-2392-01	7.86389465115157e-07	0.0263819628126711	0.026382741852702
TCGA-25-2393-01	3.22419680697214e-05	0.142661536614569	0.142693771233205
TCGA-25-2396-01	2.86627935883095e-07	0.358396645953389	0.35839692523189
TCGA-25-2397-01	0.514949091020134	7.34943428337687e-09	0.514949091020134
TCGA-25-2398-01	0.949588451892753	7.34943428337687e-09	0.949588451892753
TCGA-25-2399-01	1.88880460312706e-06	0.0250202228870275	0.0250221043421964
TCGA-25-2400-01	0.985753533268078	7.34943428337687e-09	0.985753533268078
TCGA-25-2401-01	0.0656439708420015	7.34943428337687e-09	0.0656439708420016
TCGA-25-2404-01	0.843021427385807	7.34943428337687e-09	0.843021427385807
TCGA-25-2408-01	1	7.34943428337687e-09	1
TCGA-29-1688-01	0.854063268854174	7.34943428337687e-09	0.854063268854174
TCGA-29-1691-01	0.235079246560988	0.0585356494781406	0.293614888689695
TCGA-29-1692-01	0.557811432552092	0.442188574797342	1
TCGA-29-1692-02	5.58557003259364e-05	0.103951088927089	0.10400693727798
TCGA-29-1693-01	0.204545507494788	7.34943428337687e-09	0.204545507494788
TCGA-29-1694-01	0.307244171981318	7.34943428337687e-09	0.307244171981318
TCGA-29-1695-01	1	7.34943428337687e-09	1
TCGA-29-1696-01	0.486567391243715	7.34943428337687e-09	0.486567391243715
TCGA-29-1697-01	1	7.34943428337687e-09	1
TCGA-29-1698-01	0.936447861882376	7.34943428337687e-09	0.936447861882376
TCGA-29-1699-01	1.52133289045643e-06	0.090494532039289	0.0904960460227453
TCGA-29-1701-01	0.00130455397771776	0.0443141120272058	0.0456186586554893
TCGA-29-1702-01	5.02701302933427e-05	0.0101733661720754	0.0102236289529346
TCGA-29-1703-01	0.000892081679113485	0.04129293599205	0.0421850103217292
TCGA-29-1704-01	0.808547281795205	7.34943428337687e-09	0.808547281795205
TCGA-29-1704-02	0.282440316438711	7.34943428337687e-09	0.282440316438711
TCGA-29-1705-01	0.986035854435488	7.34943428337687e-09	0.986035854435488
TCGA-29-1705-02	0.986063363367899	7.34943428337687e-09	0.986063363367899
TCGA-29-1707-01	0.36507197539821	7.34943428337687e-09	0.36507197539821
TCGA-29-1707-02	0.36507197539821	7.34943428337687e-09	0.36507197539821
TCGA-29-1710-01	0.0058033117212195	0.0473957298096618	0.053199034181447
TCGA-29-1710-02	1	7.34943428337687e-09	1
TCGA-29-1711-01	0.112030652726407	7.34943428337687e-09	0.112030652726407
TCGA-29-1761-01	0.904722360605945	7.34943428337687e-09	0.904722360605945
TCGA-29-1762-01	1	7.34943428337687e-09	1
TCGA-29-1763-01	9.31173319907387e-06	0.0717328668794401	0.0717421712632049
TCGA-29-1764-01	0.59151503405783	7.34943428337687e-09	0.59151503405783
TCGA-29-1766-01	5.51207569005951e-07	0.116842356729853	0.116842900587988
TCGA-29-1768-01	0.106056349067847	7.34943428337687e-09	0.106056349067847
TCGA-29-1769-01	0.85860652742208	7.34943428337687e-09	0.85860652742208
TCGA-29-1770-01	0.451612159036319	0.442317968936808	0.893930120623692
TCGA-29-1770-02	0.614247782280654	0.209806475064711	0.82405424999593
TCGA-29-1774-01	1.83000912909976e-06	0.0119783137303711	0.0119801363900659
TCGA-29-1775-01	0.0900277988675918	0.372811561718399	0.462839353236557
TCGA-29-1776-01	0.894950391135054	7.34943428337687e-09	0.894950391135054
TCGA-29-1777-01	0.945243334072319	7.34943428337687e-09	0.945243334072319
TCGA-29-1778-01	0.00370981802470064	0.711298663773635	0.715008474448902
TCGA-29-1781-01	1	7.34943428337687e-09	1
TCGA-29-1783-01	1	7.34943428337687e-09	1
TCGA-29-1784-01	1	7.34943428337687e-09	1
TCGA-29-1785-01	0.000152706544917409	0.00570672545626116	0.00585942465174427
TCGA-29-2425-01	0.271028835174569	7.34943428337687e-09	0.271028835174569
TCGA-29-2427-01	1.91820234014071e-06	0.711608971586683	0.711610882439589
TCGA-29-2428-01	1	7.34943428337687e-09	1
TCGA-29-2429-01	0.138719983578424	7.34943428337687e-09	0.138719983578424
TCGA-29-2431-01	3.95399562833602e-06	0.0152863455338719	0.0152902921800659
TCGA-29-2432-01	6.73281671955136e-05	0.350688691598226	0.350756012415987
TCGA-29-2434-01	0.733693139586078	7.34943428337687e-09	0.733693139586078
TCGA-29-A5NZ-01	2.62007331134162e-05	0.21072261879157	0.210748812175249
TCGA-30-1714-01	1	7.34943428337687e-09	1
TCGA-30-1718-01	0.523965810578842	7.34943428337687e-09	0.523965810578842
TCGA-30-1853-01	1	7.34943428337687e-09	1
TCGA-30-1855-01	0.00219105008679866	0.0934591762261676	0.0956502189635321
TCGA-30-1856-01	1	7.34943428337687e-09	1
TCGA-30-1857-01	0.582598619577812	7.34943428337687e-09	0.582598619577813
TCGA-30-1859-01	0.615111436348075	7.34943428337687e-09	0.615111436348075
TCGA-30-1860-01	0.149070992925839	7.34943428337687e-09	0.149070992925839
TCGA-30-1861-01	1	7.34943428337687e-09	1
TCGA-30-1862-01	1	7.34943428337687e-09	1
TCGA-30-1866-01	0.47839383552973	7.34943428337687e-09	0.47839383552973
TCGA-30-1867-01	0.297445972379577	7.34943428337687e-09	0.297445972379577
TCGA-30-1880-01	1	7.34943428337687e-09	1
TCGA-30-1887-01	1.90350347163388e-06	0.222671137915478	0.222673034069515
TCGA-30-1891-01	0.836520073748633	7.34943428337687e-09	0.836520073748633
TCGA-30-1892-01	0.157268037431698	0.787206112201093	0.944474142283357
TCGA-31-1944-01	0.000594282603165203	0.048534899468375	0.049129174722106
TCGA-31-1946-01	0.788067605534844	7.34943428337687e-09	0.788067605534844
TCGA-31-1950-01	1	7.34943428337687e-09	1
TCGA-31-1951-01	0.160952485209355	0.0665874838620204	0.227539961721942
TCGA-31-1953-01	1	7.34943428337687e-09	1
TCGA-31-1955-01	0.870359154725398	7.34943428337687e-09	0.870359154725398
TCGA-31-1959-01	0.783421947299485	7.34943428337687e-09	0.783421947299485
TCGA-36-1568-01	0.673939218488354	7.34943428337687e-09	0.673939218488354
TCGA-36-1569-01	8.30486070635633e-07	0.0154198259587824	0.0154206490954187
TCGA-36-1570-01	0.856517752062352	7.34943428337687e-09	0.856517752062352
TCGA-36-1571-01	1	7.34943428337687e-09	1
TCGA-36-1574-01	0.357943119715045	0.190221761461691	0.548164873827301
TCGA-36-1575-01	1	7.34943428337687e-09	1
TCGA-36-1576-01	0.999957733403609	7.34943428337687e-09	0.999957733403609
TCGA-36-1577-01	0.994830753369559	7.34943428337687e-09	0.994830753369559
TCGA-36-1578-01	0.406253177941305	7.34943428337687e-09	0.406253177941305
TCGA-36-1580-01	1	7.34943428337687e-09	1
TCGA-36-1581-01	1	7.34943428337687e-09	1
TCGA-36-2529-01	0.838913475808731	7.34943428337687e-09	0.838913475808731
TCGA-36-2530-01	0.962136449669843	7.34943428337687e-09	0.962136449669843
TCGA-36-2532-01	1	7.34943428337687e-09	1
TCGA-36-2533-01	0.677652571590931	0.156522643110848	0.834175207352345
TCGA-36-2534-01	0.0555861083786527	0.166722989056068	0.222309090085286
TCGA-36-2537-01	1.80796082633952e-05	0.0156865222289703	0.0157045944877994
TCGA-36-2538-01	0.896162643567983	7.34943428337687e-09	0.896162643567983
TCGA-36-2540-01	3.74821146924047e-07	0.10152958997984	0.101529957451553
TCGA-36-2542-01	5.10785680612181e-06	0.434769431160036	0.434774531667408
TCGA-36-2543-01	1	7.34943428337687e-09	1
TCGA-36-2544-01	0.466222525655864	0.246498349188452	0.712720867494882
TCGA-36-2545-01	0.299578226992348	7.34943428337687e-09	0.299578226992348
TCGA-36-2547-01	1.78664746700462e-05	0.0572486239011172	0.057266483026353
TCGA-36-2548-01	1	7.34943428337687e-09	1
TCGA-36-2549-01	0.942220791042392	7.34943428337687e-09	0.942220791042392
TCGA-36-2551-01	0.924855459595217	7.34943428337687e-09	0.924855459595217
TCGA-36-2552-01	1	7.34943428337687e-09	1
TCGA-3P-A9WA-01	1	7.34943428337687e-09	1
TCGA-42-2582-01	0.000268952546503637	0.504017755645201	0.504286700842271
TCGA-42-2587-01	0.0850729719814946	7.34943428337687e-09	0.0850729719814945
TCGA-42-2588-01	0.767956341714738	7.34943428337687e-09	0.767956341714738
TCGA-42-2589-01	0.870480515933224	7.34943428337687e-09	0.870480515933224
TCGA-42-2590-01	0.381865550258206	0.339885780237437	0.721751323146209
TCGA-42-2591-01	0.777091776684941	7.34943428337687e-09	0.777091776684941
TCGA-42-2593-01	0.938931838370213	7.34943428337687e-09	0.938931838370213
TCGA-57-1582-01	0.0489179005356231	0.195822677113005	0.244740570299194
TCGA-57-1583-01	2.67519406824222e-06	0.212423336673284	0.212426004517918
TCGA-57-1584-01	1	7.34943428337687e-09	1
TCGA-57-1585-01	3.76291033774729e-06	0.640318827277234	0.640322582838138
TCGA-57-1586-01	1	7.34943428337687e-09	1
TCGA-57-1992-01	1	7.34943428337687e-09	1
TCGA-57-1993-01	7.79040030861744e-07	0.0267673597954858	0.0267681314860825
TCGA-57-1994-01	0.702737653235245	7.34943428337687e-09	0.702737653235245
TCGA-59-2348-01	1.76386422081904e-07	0.82523721493336	0.825237383970347
TCGA-59-2350-01	1	7.34943428337687e-09	1
TCGA-59-2351-01	0.969954968913914	7.34943428337687e-09	0.969954968913914
TCGA-59-2352-01	0.517108251911707	7.34943428337687e-09	0.517108251911707
TCGA-59-2354-01	0.503243015033378	7.34943428337687e-09	0.503243015033378
TCGA-59-2355-01	1	7.34943428337687e-09	1
TCGA-59-2363-01	1	7.34943428337687e-09	1
TCGA-59-2372-01	0.700222640086556	0.248922685017322	0.949145317754444
TCGA-59-A5PD-01	0.750583646134442	7.34943428337687e-09	0.750583646134442
TCGA-5X-AA5U-01	0.987944289377506	7.34943428337687e-09	0.987944289377506
TCGA-61-1722-01	0.0434322240134018	7.34943428337687e-09	0.0434322240134019
TCGA-61-1724-01	0.967570422922092	0.0249132518714691	0.992483667444127
TCGA-61-1725-01	0.751297085115158	7.34943428337687e-09	0.751297085115158
TCGA-61-1727-01	0.467028119192684	7.34943428337687e-09	0.467028119192684
TCGA-61-1728-01	9.33378150183411e-07	0.674137028511285	0.674137954540001
TCGA-61-1730-01	1	7.34943428337687e-09	1
TCGA-61-1733-01	1	7.34943428337687e-09	1
TCGA-61-1734-01	0.778004627865255	7.34943428337687e-09	0.778004627865255
TCGA-61-1736-01	1	7.34943428337687e-09	1
TCGA-61-1737-01	0.992358359590106	7.34943428337687e-09	0.992358359590106
TCGA-61-1738-01	8.83401997260204e-06	0.0484604350005194	0.0484692616710578
TCGA-61-1740-01	0.939252501536124	7.34943428337687e-09	0.939252501536124
TCGA-61-1741-01	0.920349014343487	7.34943428337687e-09	0.920349014343487
TCGA-61-1895-01	0.215457719641793	0.601806402746278	0.817264115038636
TCGA-61-1899-01	1	7.34943428337687e-09	1
TCGA-61-1900-01	1	7.34943428337687e-09	1
TCGA-61-1901-01	0.72886545056313	0.0589105073722359	0.787775950585932
TCGA-61-1903-01	1	7.34943428337687e-09	1
TCGA-61-1904-01	1	7.34943428337687e-09	1
TCGA-61-1906-01	1	7.34943428337687e-09	1
TCGA-61-1907-01	0.95055732781038	7.34943428337687e-09	0.95055732781038
TCGA-61-1910-01	0.773417963538648	7.34943428337687e-09	0.773417963538648
TCGA-61-1911-01	0.003056445970138	0.0460727361014022	0.049129174722106
TCGA-61-1913-01	2.44001217213301e-06	0.0469430046596515	0.0469454373223894
TCGA-61-1914-01	0.901960502008986	7.34943428337687e-09	0.901960502008986
TCGA-61-1916-02	3.38073975656983e-07	0.838874126937738	0.83887445766228
TCGA-61-1917-01	0.816070603663054	7.34943428337687e-09	0.816070603663054
TCGA-61-1918-01	0.915770250658702	7.34943428337687e-09	0.915770250658702
TCGA-61-1919-01	9.89233850509347e-06	0.240280735159499	0.24029062014857
TCGA-61-1995-01	1	7.34943428337687e-09	1
TCGA-61-1998-01	0.727733424554511	0.233366688740692	0.96110010594577
TCGA-61-2000-01	0.532824708386392	0.204031458665367	0.736856159702324
TCGA-61-2002-01	0.235954240805463	0.571201278625174	0.807155512081202
TCGA-61-2003-01	1	7.34943428337687e-09	1
TCGA-61-2008-01	0.907402258312109	0.0462359449878678	0.953638195950543
TCGA-61-2008-02	0.507067690016591	0.287687467072238	0.794755149739395
TCGA-61-2009-01	1	7.34943428337687e-09	1
TCGA-61-2012-01	0.310441903475544	7.34943428337687e-09	0.310441903475544
TCGA-61-2016-01	1	7.34943428337687e-09	1
TCGA-61-2018-01	0.0941686759101236	7.34943428337687e-09	0.0941686759101236
TCGA-61-2087-01	3.88785072005531e-06	0.140115148731052	0.140119029232338
TCGA-61-2092-01	2.85892992457753e-06	0.125012296522185	0.125015148102676
TCGA-61-2094-01	1	7.34943428337687e-09	1
TCGA-61-2095-02	1.2839461640712e-05	0.00544929682266682	0.0054621289348733
TCGA-61-2096-01	7.34208481915927e-06	0.956844144112263	0.956851478847648
TCGA-61-2097-01	0.995132058125647	7.34943428337687e-09	0.995132058125647
TCGA-61-2098-01	0.977646438488046	7.34943428337687e-09	0.977646438488046
TCGA-61-2101-01	0.978124445691888	7.34943428337687e-09	0.978124445691888
TCGA-61-2102-01	0.968909188516259	7.34943428337687e-09	0.968909188516259
TCGA-61-2104-01	0.967827682518698	7.34943428337687e-09	0.967827682518698
TCGA-61-2109-01	0.987941437797016	0.0120585695524184	1
TCGA-61-2110-01	1	7.34943428337687e-09	1
TCGA-61-2113-01	1	7.34943428337687e-09	1
TCGA-61-2610-02	1	7.34943428337687e-09	1
TCGA-61-2611-02	2.73398954226952e-06	0.0164710228894822	0.0164737495295902
TCGA-61-2612-01	3.8680072475711e-05	0.999961327276959	1
TCGA-61-2613-01	0.710241557897796	0.289758449451639	1
TCGA-61-2614-01	0.810279286218536	7.34943428337687e-09	0.810279286218536
TCGA-72-4231-01	1	7.34943428337687e-09	1
TCGA-72-4232-01	0.825665481166174	7.34943428337687e-09	0.825665481166174
TCGA-72-4233-01	1	7.34943428337687e-09	1
TCGA-72-4234-01	0.887809769007649	0.0408357497354479	0.928645511393663
TCGA-72-4235-01	0.773108721393567	0.142661536614569	0.915770250658702
TCGA-72-4236-01	0.979025868501938	7.34943428337687e-09	0.979025868501938
TCGA-72-4237-01	1	7.34943428337687e-09	1
TCGA-72-4238-01	0.957649355478502	0.0423506518709326	1
TCGA-72-4240-01	1	7.34943428337687e-09	1
TCGA-72-4241-01	0.761309638316334	7.34943428337687e-09	0.761309638316334
TCGA-OY-A56P-01	0.990589056787939	0.00941095056149499	1
TCGA-OY-A56Q-01	1	7.34943428337687e-09	1
TCGA-VG-A8LO-01	0.790015279106341	7.34943428337687e-09	0.790015279106341
TCGA-WR-A838-01	0.00551606643285911	0.212647788395383	0.218163847478808
