Sample	percent	start	end
TCGA-04-1331-01	0.941262257188729	0.0586725763046658	0.999934825815003
TCGA-04-1332-01	0.307324139463112	0.686950675412027	0.994274807196747
TCGA-04-1335-01	0.774782741071117	0.225217266607274	1
TCGA-04-1336-01	0.98308646972709	7.67839125614955e-09	0.98308646972709
TCGA-04-1337-01	0.000985989899813426	0.687598063614151	0.688584045835573
TCGA-04-1338-01	0.913233579871632	0.0406642686846012	0.953897840877842
TCGA-04-1341-01	1	7.67839125614955e-09	1
TCGA-04-1342-01	0.000654483035646455	0.178141257121881	0.178795732479136
TCGA-04-1343-01	6.52663256918342e-06	0.176300247641939	0.176306766596117
TCGA-04-1346-01	3.32243989727725e-05	0.690694090788408	0.690727307508989
TCGA-04-1347-01	0.829206011191378	0.168949685298831	0.998155688811818
TCGA-04-1348-01	4.91417040503222e-06	0.0211310863094637	0.0211359928014775
TCGA-04-1349-01	2.15762794345946e-06	0.0432029444726233	0.0432050944221755
TCGA-04-1350-01	0.925806761274992	7.67839125614955e-09	0.925806761274992
TCGA-04-1351-01	1	7.67839125614955e-09	1
TCGA-04-1353-01	0.938619285812251	0.0105800092438617	0.949199287377721
TCGA-04-1356-01	0.895210429921266	7.67839125614955e-09	0.895210429921266
TCGA-04-1357-01	0.000119084170018195	0.050003565077061	0.050122641568688
TCGA-04-1360-01	6.52663256918342e-06	0.176300247641939	0.176306766596117
TCGA-04-1361-01	0.970205400191072	0.0297291875938021	0.999934580106483
TCGA-04-1362-01	0.973613308261441	7.67839125614955e-09	0.973613308261441
TCGA-04-1364-01	0.999934580106483	7.67839125614955e-09	0.999934580106483
TCGA-04-1365-01	0.629142056334913	0.350060491134169	0.97920253979069
TCGA-04-1367-01	0.0226148739929156	7.67839125614955e-09	0.0226148739929156
TCGA-04-1371-01	0.985640187483587	7.67839125614955e-09	0.985640187483587
TCGA-04-1514-01	0.000154972970757446	0.244981653021577	0.245136618313943
TCGA-04-1516-01	0.638829490987004	0.255272831899883	0.894102315208496
TCGA-04-1517-01	4.713764393202e-05	0.0587017695482281	0.0587488995137689
TCGA-04-1519-01	1	7.67839125614955e-09	1
TCGA-04-1525-01	8.27730577597615e-06	0.119559884748576	0.11956815437596
TCGA-04-1530-01	0.14755546052096	7.67839125614955e-09	0.14755546052096
TCGA-04-1536-01	0.374629446596689	0.585580262246854	0.960209701165151
TCGA-04-1542-01	0.908231192429438	0.0917688152489533	1
TCGA-04-1638-01	0.000434412663804848	0.201231392820093	0.201665797805507
TCGA-04-1644-01	0.892884330395217	7.67839125614955e-09	0.892884330395217
TCGA-04-1646-01	1	7.67839125614955e-09	1
TCGA-04-1648-01	1	7.67839125614955e-09	1
TCGA-04-1649-01	1	7.67839125614955e-09	1
TCGA-04-1651-01	1.0242973937989e-05	0.0920837137528295	0.0920939490483763
TCGA-04-1652-01	0.0671451589271119	0.0165305090817939	0.0836756603305145
TCGA-04-1654-01	0.515143069851846	0.484791763641549	0.999934825815003
TCGA-04-1655-01	7.40196917257978e-06	0.440445191896588	0.44045258618737
TCGA-09-0364-01	0.760100121307832	0.239834712185562	0.999934825815003
TCGA-09-0365-01	1	7.67839125614955e-09	1
TCGA-09-0366-01	0.846775859635445	0.15315897385795	0.999934825815003
TCGA-09-0367-01	0.423372703567858	0.481687927543383	0.90506062343285
TCGA-09-0369-01	1	7.67839125614955e-09	1
TCGA-09-1659-01	3.93824687615785e-05	0.402789401369122	0.402828776159492
TCGA-09-1661-01	1	7.67839125614955e-09	1
TCGA-09-1662-01	0.0260967249710974	7.67839125614955e-09	0.0260967249710974
TCGA-09-1664-01	0.00208843795983486	0.317411756510781	0.319500186792224
TCGA-09-1665-01	0.824171205581294	0.175828802097098	1
TCGA-09-1666-01	0.382719054098367	0.459217100170465	0.84193614659044
TCGA-09-1667-01	8.47464043130322e-05	0.0540246003677611	0.054109339093683
TCGA-09-1668-01	1.66697874208202e-05	0.0384813941906859	0.0384980562997154
TCGA-09-1669-01	1	7.67839125614955e-09	1
TCGA-09-1670-01	0.80606230335736	0.114435011609037	0.920497307288005
TCGA-09-1673-01	8.3694464710705e-07	0.0100116624013459	0.0100124916676018
TCGA-09-1674-01	4.31525588691892e-06	0.0930070019096313	0.0930113094871269
TCGA-09-1675-01	5.07541662144734e-06	0.0613784106703716	0.0613834784086018
TCGA-09-2043-01	0.711645187928396	0.269062170659402	0.980707350909406
TCGA-09-2044-01	0.110431928397097	0.0664727007775308	0.176904621496237
TCGA-09-2049-01	0.995076216249113	7.67839125614955e-09	0.995076216249113
TCGA-09-2050-01	0.994274807196747	7.67839125614955e-09	0.994274807196747
TCGA-09-2051-01	0.977003771026871	0.00780693520591069	0.984810698554391
TCGA-09-2053-01	0.000592602880499339	0.136156742809229	0.136749338011337
TCGA-09-2054-01	0.958317492172302	7.67839125614955e-09	0.958317492172302
TCGA-09-2055-01	0.0150701174565046	7.67839125614955e-09	0.0150701174565047
TCGA-10-0925-01	2.05780885710724e-06	0.0295132712316311	0.0295153213620969
TCGA-10-0926-01	1.343718470126e-06	0.444241480675171	0.44424281671525
TCGA-10-0927-01	0.722454781070867	0.235096399975509	0.957551173367985
TCGA-10-0928-01	2.34114149452238e-05	0.354527502745908	0.354550906482462
TCGA-10-0930-01	0.831090334476405	7.67839125614955e-09	0.831090334476405
TCGA-10-0931-01	7.17929582610176e-06	0.209569772520134	0.209576944137569
TCGA-10-0933-01	1	7.67839125614955e-09	1
TCGA-10-0934-01	0.796404338370916	0.203595669307475	1
TCGA-10-0935-01	0.342649085218733	0.657350922459658	1
TCGA-10-0936-01	0.000404728003201951	0.774015700498022	0.774420420822833
TCGA-10-0937-01	0.654445411529292	0.317582746605702	0.972028150456602
TCGA-10-0938-01	1	7.67839125614955e-09	1
TCGA-13-0717-01	1	7.67839125614955e-09	1
TCGA-13-0720-01	0.00424641910929218	0.187908262942577	0.192154674373478
TCGA-13-0723-01	0.954792143107645	0.0437427660916161	0.99853490152087
TCGA-13-0724-01	0.99016594646684	7.67839125614955e-09	0.99016594646684
TCGA-13-0725-01	0.669301340261658	0.324706788728312	0.994008121311579
TCGA-13-0726-01	0.000244034630957397	0.41643955393031	0.416683580882876
TCGA-13-0730-01	1	7.67839125614955e-09	1
TCGA-13-0751-01	8.63742232596991e-05	0.421786923813328	0.421873290358197
TCGA-13-0755-01	0.000221598371701922	0.0491452361103009	0.0493668268036115
TCGA-13-0757-01	2.33730229889345e-05	0.178223431265122	0.17824679660972
TCGA-13-0758-01	0.000395613752778867	0.0154223790122416	0.0158179850866292
TCGA-13-0760-01	0.979607137261241	0.0203928704171502	1
TCGA-13-0761-01	1.0749747761008e-07	0.0131829378099296	0.013183037629016
TCGA-13-0762-01	2.66286608822683e-05	0.32339220975301	0.323418830735501
TCGA-13-0764-01	0.999934825815003	7.67839125614955e-09	0.999934825815003
TCGA-13-0766-01	0.49367525537216	0.506324752306232	1
TCGA-13-0768-01	1.47425112150967e-06	0.413881820375186	0.413883286947916
TCGA-13-0791-01	0.78796661564478	7.67839125614955e-09	0.78796661564478
TCGA-13-0791-02	6.46750895649788e-05	0.576496180223023	0.576560847634196
TCGA-13-0792-01	2.00252444005063e-05	0.0190848718231559	0.0191048893891651
TCGA-13-0793-01	0.949436948943935	7.67839125614955e-09	0.949436948943935
TCGA-13-0794-01	0.95337670846317	0.000110461336635614	0.953487162121415
TCGA-13-0795-01	0.431705693037236	0.568294314641155	1
TCGA-13-0797-01	0.405802240852491	0.568681259490204	0.974483492664303
TCGA-13-0799-01	2.02479177469843e-05	0.179695309763733	0.179715550003089
TCGA-13-0800-01	0.0729537774513813	7.67839125614955e-09	0.0729537774513813
TCGA-13-0801-01	0.964809141990915	7.67839125614955e-09	0.964809141990915
TCGA-13-0802-01	0.9748330667831	0.0251017667102947	0.999934825815003
TCGA-13-0803-01	1	7.67839125614955e-09	1
TCGA-13-0804-01	0.489534575388879	0.503730170151461	0.993264737861949
TCGA-13-0805-01	0.73822071434316	0.261779293335232	1
TCGA-13-0807-01	0.00203495028633259	0.494298671636777	0.496333614244718
TCGA-13-0883-01	1.52799986031471e-06	0.349633910429447	0.349635430750916
TCGA-13-0884-01	1	7.67839125614955e-09	1
TCGA-13-0885-01	0.914627069673891	0.0853729380045001	1
TCGA-13-0886-01	1.72303099826442e-05	0.0644202130455652	0.0644374356771567
TCGA-13-0887-01	0.152398452239032	0.0123497325393651	0.164748177100006
TCGA-13-0888-01	0.471926457842783	0.528073549835608	1
TCGA-13-0889-01	9.45747451230967e-05	0.320383086611009	0.320477653677741
TCGA-13-0890-01	0.877495682555772	0.109324166890325	0.986819841767706
TCGA-13-0891-01	0.987725730689917	7.67839125614955e-09	0.987725730689917
TCGA-13-0893-01	1	7.67839125614955e-09	1
TCGA-13-0897-01	4.37668301698182e-07	0.00844253707745413	0.00844296706736458
TCGA-13-0899-01	0.936737181582297	7.67839125614955e-09	0.936737181582297
TCGA-13-0900-01	0.813934620064831	0.170308614662039	0.984243227048478
TCGA-13-0901-01	0.988812338228774	7.67839125614955e-09	0.988812338228774
TCGA-13-0903-01	0.860775655420951	0.0813089574714947	0.942084605214055
TCGA-13-0904-01	1	7.67839125614955e-09	1
TCGA-13-0905-01	0.647122145867105	0.340021171167512	0.987143309356226
TCGA-13-0906-01	1	7.67839125614955e-09	1
TCGA-13-0908-01	0.701787531020509	0.176300247641939	0.878087770984057
TCGA-13-0910-01	0.000237792098864754	7.67839125614955e-09	0.000237792098864764
TCGA-13-0911-01	0.906222202783948	0.0937778048944431	1
TCGA-13-0913-01	0.0220934344425942	7.67839125614955e-09	0.0220934344425942
TCGA-13-0913-02	0.0402225922626663	7.67839125614955e-09	0.0402225922626663
TCGA-13-0916-01	0.960515109177433	0.0101897550081808	0.970704856507222
TCGA-13-0919-01	0.533577159623941	0.201883510911232	0.735460662856782
TCGA-13-0920-01	0.974071462511015	0.00643579720060294	0.980507252033227
TCGA-13-0921-01	0.6506147005227	0.349385307155691	1
TCGA-13-0923-01	0.000156232226923735	0.109812673820542	0.109968898369074
TCGA-13-0924-01	0.667635090966746	0.332364916711645	1
TCGA-13-1403-01	1.30532651383668e-06	0.151732136802457	0.15173343445058
TCGA-13-1404-01	0.586118187303206	0.413881820375186	1
TCGA-13-1405-01	1	7.67839125614955e-09	1
TCGA-13-1407-01	1	7.67839125614955e-09	1
TCGA-13-1408-01	0.98304178148997	7.67839125614955e-09	0.98304178148997
TCGA-13-1409-01	0.492358710728695	0.503713154836434	0.996071857886737
TCGA-13-1410-01	7.98552690817736e-06	0.151068593265126	0.151076571113643
TCGA-13-1411-01	0.983251624244656	0.0167483834337357	1
TCGA-13-1412-01	0.96871123132264	7.67839125614955e-09	0.96871123132264
TCGA-13-1481-01	0.523246705774351	0.35293990321265	0.87618660130861
TCGA-13-1482-01	0.0669956299357563	7.67839125614955e-09	0.0669956299357563
TCGA-13-1483-01	7.21845562151686e-05	0.177134819666148	0.177206996543971
TCGA-13-1484-01	1	7.67839125614955e-09	1
TCGA-13-1487-01	0.631510747897269	0.319976216336647	0.951486956555524
TCGA-13-1488-01	0.00229877213156149	0.138062158635041	0.140360923088211
TCGA-13-1489-01	0.915047484630433	0.0534238814277023	0.968471358379744
TCGA-13-1489-02	0.960137017513504	0.00833434854463078	0.968471358379744
TCGA-13-1491-01	1	7.67839125614955e-09	1
TCGA-13-1492-01	1	7.67839125614955e-09	1
TCGA-13-1494-01	0.797206354016191	7.67839125614955e-09	0.797206354016191
TCGA-13-1495-01	3.68562780377417e-07	0.226257849868931	0.22625821075332
TCGA-13-1496-01	0.997765595822353	7.67839125614955e-09	0.997765595822353
TCGA-13-1497-01	0.910834405095982	0.0891656025824088	1
TCGA-13-1498-01	6.52663256918342e-06	0.176300247641939	0.176306766596117
TCGA-13-1499-01	0.919710786636288	7.67839125614955e-09	0.919710786636288
TCGA-13-1500-01	2.54845805848468e-05	0.437577596862253	0.437603073764447
TCGA-13-1501-01	0.787293811967593	0.212706195710798	1
TCGA-13-1504-01	0.961079087015323	7.67839125614955e-09	0.961079087015323
TCGA-13-1505-01	1	7.67839125614955e-09	1
TCGA-13-1506-01	1.735316424277e-06	0.240068741872711	0.240070469510744
TCGA-13-1507-01	0.202308655756789	0.137645890009779	0.339954538088176
TCGA-13-1509-01	0.949758996030072	0.0502410116483192	1
TCGA-13-1510-01	0.999934825815003	7.67839125614955e-09	0.999934825815003
TCGA-13-1511-01	3.33242180591247e-06	0.870474446413713	0.870477771157128
TCGA-13-1512-01	0.174790453247297	0.101989253108601	0.276779698677506
TCGA-13-1817-01	1	7.67839125614955e-09	1
TCGA-13-1817-02	8.27500225859879e-05	0.250919660116932	0.251002402461127
TCGA-13-1819-01	0.975797273086915	7.67839125614955e-09	0.975797273086915
TCGA-13-1819-02	0.975882518586659	7.67839125614955e-09	0.975882518586659
TCGA-13-2057-01	0.898733582966023	0.0805526666461602	0.979286241933792
TCGA-13-2059-01	0.96152059451265	0.0384794131657413	1
TCGA-13-2060-01	1	7.67839125614955e-09	1
TCGA-13-2061-01	3.59655846518296e-05	0.25885140757274	0.258887365479
TCGA-13-2065-01	0.15377215482702	0.803014104882248	0.956786252030877
TCGA-13-2071-01	0.0108566232889262	7.67839125614955e-09	0.0108566232889262
TCGA-13-A5FT-01	0.934003098415154	0.0008024456351855	0.934805536371948
TCGA-13-A5FU-01	4.52180461175543e-05	0.0148229039715665	0.0148681143392928
TCGA-20-0987-01	6.52663256918342e-06	0.176300247641939	0.176306766596117
TCGA-20-0990-01	1	7.67839125614955e-09	1
TCGA-20-0991-01	0.984773673351745	7.67839125614955e-09	0.984773673351745
TCGA-20-0996-01	3.68562780377417e-07	0.226257849868931	0.22625821075332
TCGA-20-1682-01	0.828690583821412	0.168949685298831	0.997640261441851
TCGA-20-1683-01	0.00878748880471359	0.0622287464318324	0.0710162275581547
TCGA-20-1684-01	1	7.67839125614955e-09	1
TCGA-20-1685-01	0.49626983752693	0.503730170151461	1
TCGA-20-1686-01	0.989716722186298	7.67839125614955e-09	0.989716722186298
TCGA-20-1687-01	3.94438958916414e-05	0.335303199015901	0.335342635233401
TCGA-23-1021-01	0.449782123344541	0.503730170151461	0.95351228581761
TCGA-23-1022-01	0.914780775710091	0.0852192319683002	1
TCGA-23-1023-01	8.3694464710705e-07	0.129442365895399	0.129443195161655
TCGA-23-1024-01	0.99526372256363	0.00473628511476132	1
TCGA-23-1026-01	0.296575359179402	0.636362838508981	0.932938190009992
TCGA-23-1027-01	0.548734887524698	0.345636854754645	0.894371734600952
TCGA-23-1028-01	0.929947018946753	0.00833434854463078	0.938281359812992
TCGA-23-1029-01	0.847165361388783	0.152834646289609	1
TCGA-23-1030-01	0.835230523042645	0.000110461336635614	0.835340976700889
TCGA-23-1031-01	0.923024227459011	0.0703037726685114	0.993327992449132
TCGA-23-1032-01	0.18029998307529	0.0416607011965252	0.221960676593424
TCGA-23-1109-01	0.889869494530121	7.67839125614955e-09	0.889869494530121
TCGA-23-1110-01	0.946656749358897	0.0533432583194947	1
TCGA-23-1111-01	1.735316424277e-06	0.503730170151461	0.503731897789494
TCGA-23-1113-01	1	7.67839125614955e-09	1
TCGA-23-1114-01	1	7.67839125614955e-09	1
TCGA-23-1116-01	0.549579633417323	0.445206024828201	0.994785650567133
TCGA-23-1117-01	0.49626983752693	0.503730170151461	1
TCGA-23-1118-01	0.694800448362765	0.176300247641939	0.871100688326313
TCGA-23-1119-01	0.5199904689665	0.45112439827711	0.971114859565218
TCGA-23-1120-01	0.000105547166230583	0.0180059503539485	0.0181114898417878
TCGA-23-1121-01	5.78950700842859e-06	0.159954257980463	0.15996003980908
TCGA-23-1122-01	0.664409306658623	0.305150947420573	0.969560246400804
TCGA-23-1123-01	1	7.67839125614955e-09	1
TCGA-23-1124-01	0.953384563457427	7.67839125614955e-09	0.953384563457427
TCGA-23-1809-01	5.83557735597576e-07	0.121337324827293	0.121337900706638
TCGA-23-2072-01	1	7.67839125614955e-09	1
TCGA-23-2077-01	0.999219783307506	0.000780224370885207	1
TCGA-23-2078-01	0.00012341478268763	0.0564293957258112	0.0565528028301076
TCGA-23-2079-01	0.000362727203021441	0.00964977214297158	0.0100124916676018
TCGA-23-2081-01	0.000238974571118465	0.128102640188728	0.128341607081455
TCGA-23-2084-01	0.89356015168017	0.0508081529834075	0.944368296985186
TCGA-23-2641-01	7.83503043952325e-05	0.119122646436788	0.119200989062792
TCGA-23-2643-01	1	7.67839125614955e-09	1
TCGA-23-2645-01	6.52663256918342e-06	0.176300247641939	0.176306766596117
TCGA-24-0966-01	7.93177816937232e-06	0.0407255959955777	0.0407335200953558
TCGA-24-0968-01	9.0528232930203e-06	0.194539306276085	0.194548351420987
TCGA-24-0970-01	5.21285982496309e-05	0.330798893457822	0.33085101437768
TCGA-24-0975-01	0.36087654948208	0.520703407594792	0.88157994939848
TCGA-24-0979-01	4.53025084213908e-07	0.35119108049815	0.351191525844843
TCGA-24-0980-01	0.477356723637822	0.503713154836434	0.981069870795864
TCGA-24-0982-01	6.68173607259225e-05	0.124509091652918	0.124575901335252
TCGA-24-1103-01	0.494433757574176	0.413881820375186	0.90831557027097
TCGA-24-1104-01	0.308081344017006	0.691918663661385	1
TCGA-24-1413-01	3.82998155942199e-05	0.631659025310849	0.631697317448052
TCGA-24-1417-01	0.409610546313392	0.546170934472655	0.955781473107655
TCGA-24-1418-01	0.497199168577652	0.502800839100739	1
TCGA-24-1419-01	1	7.67839125614955e-09	1
TCGA-24-1422-01	0.429686506488156	0.0782603366848641	0.507946835494629
TCGA-24-1423-01	0.982385348142943	7.67839125614955e-09	0.982385348142943
TCGA-24-1424-01	0.99615940690386	7.67839125614955e-09	0.99615940690386
TCGA-24-1425-01	0.455927185938556	0.543366087251679	0.999293265511844
TCGA-24-1426-01	3.53973836987477e-06	0.00223147871057761	0.00223501077055621
TCGA-24-1427-01	0.784488181550709	0.215511826127683	1
TCGA-24-1428-01	0.823181791118979	0.176300247641939	0.999482031082527
TCGA-24-1430-01	0.997772629228745	7.67839125614955e-09	0.997772629228745
TCGA-24-1431-01	0.184265127356024	7.67839125614955e-09	0.184265127356024
TCGA-24-1434-01	0.779873499118298	0.220126508560093	1
TCGA-24-1435-01	1.12641999752848e-05	0.226282720178215	0.226293976699799
TCGA-24-1436-01	0.863178515824404	0.136821491853987	1
TCGA-24-1463-01	0.528868332436318	0.471131675242073	1
TCGA-24-1464-01	0.000193387962220534	0.108728454261367	0.108921834545196
TCGA-24-1466-01	0.724537260599086	0.252286214122659	0.976823467043354
TCGA-24-1467-01	0.833632427148537	7.67839125614955e-09	0.833632427148537
TCGA-24-1469-01	0.93645487017092	7.67839125614955e-09	0.93645487017092
TCGA-24-1470-01	0.477703172651376	0.503730170151461	0.981433335124446
TCGA-24-1474-01	6.5051330736614e-05	0.949298799328423	0.949363842980769
TCGA-24-1544-01	0.0020559583648141	0.317691718334433	0.319747669020856
TCGA-24-1545-01	0.000170997773312606	0.317411756510781	0.317582746605702
TCGA-24-1546-01	0.758633003411801	0.203595669307475	0.962228665040885
TCGA-24-1548-01	1	7.67839125614955e-09	1
TCGA-24-1549-01	1	7.67839125614955e-09	1
TCGA-24-1550-01	0.863473220159272	0.136526787519119	1
TCGA-24-1552-01	0.999934825815003	7.67839125614955e-09	0.999934825815003
TCGA-24-1553-01	0.813535781387724	0.170308614662039	0.983844388371371
TCGA-24-1555-01	1.31530842247191e-05	0.0512101705144954	0.0512233159203288
TCGA-24-1556-01	0.820695819808551	0.0508081529834075	0.871503965113567
TCGA-24-1557-01	0.390118996175654	0.083935658336897	0.47405464683416
TCGA-24-1558-01	1	7.67839125614955e-09	1
TCGA-24-1560-01	0.00185386310690715	0.935361820461798	0.937215675890314
TCGA-24-1562-01	6.38842152654189e-06	0.00500304010545072	0.00500942084858602
TCGA-24-1563-01	1.38978881767317e-06	0.0716204248094534	0.0716218069198798
TCGA-24-1564-01	0.88377163868556	0.116163194807835	0.999934825815003
TCGA-24-1565-01	2.47244198503184e-06	0.868057004745261	0.868059469508855
TCGA-24-1567-01	1	7.67839125614955e-09	1
TCGA-24-1603-01	0.440343407142074	0.376940964857739	0.817284364321421
TCGA-24-1604-01	0.649903781311309	0.350030806473566	0.999934580106483
TCGA-24-1614-01	0.813459304610796	0.186540703067596	1
TCGA-24-1616-01	0.72950461154197	0.265881512256701	0.99538611612028
TCGA-24-1843-01	1	7.67839125614955e-09	1
TCGA-24-1844-01	3.73937654257921e-06	0.0824018920047477	0.082405623702899
TCGA-24-1845-01	1.30532651383668e-06	0.151732136802457	0.15173343445058
TCGA-24-1846-01	1.40207424368576e-05	0.0424436974666546	0.0424577105307001
TCGA-24-1847-01	0.680756148621528	0.319243859056863	1
TCGA-24-1849-01	0.476825908771774	0.496333614244718	0.973159515338101
TCGA-24-1850-01	0.122764515088784	0.134320524645432	0.257085032055825
TCGA-24-1852-01	1	7.67839125614955e-09	1
TCGA-24-1852-02	1.735316424277e-06	0.503730170151461	0.503731897789494
TCGA-24-1920-01	0.967881220262838	7.67839125614955e-09	0.967881220262838
TCGA-24-1923-01	1	7.67839125614955e-09	1
TCGA-24-1924-01	0.985251085006594	0.014748922671797	1
TCGA-24-1927-01	0.459886678923324	0.505325547895063	0.965212219139997
TCGA-24-1928-01	1.05961799358507e-06	0.194636345784802	0.194637397724404
TCGA-24-1930-01	0.627264459320628	0.372735548357763	1
TCGA-24-2019-01	1	7.67839125614955e-09	1
TCGA-24-2020-01	1	7.67839125614955e-09	1
TCGA-24-2023-01	0.293300824765183	0.700159374224626	0.993460191311418
TCGA-24-2024-01	0.00603998380965133	0.0200886141635574	0.0261285902948175
TCGA-24-2026-01	0.997275438038016	0.00272456964037504	1
TCGA-24-2027-01	1	7.67839125614955e-09	1
TCGA-24-2029-01	0.380528984951843	0.619471022726549	1
TCGA-24-2030-01	0.723595344665093	0.276404663013298	1
TCGA-24-2033-01	0.142183788529611	7.67839125614955e-09	0.142183788529611
TCGA-24-2035-01	0.943696506855644	0.0545788727191012	0.998275371896354
TCGA-24-2038-01	1.68540688110089e-05	0.0384813941906859	0.0384982405811055
TCGA-24-2254-01	0.980583966840284	7.67839125614955e-09	0.980583966840284
TCGA-24-2260-01	1	7.67839125614955e-09	1
TCGA-24-2261-01	1	7.67839125614955e-09	1
TCGA-24-2262-01	0.000309300956649231	0.0181639946812091	0.018473287959467
TCGA-24-2267-01	0.291686995847388	7.67839125614955e-09	0.291686995847388
TCGA-24-2271-01	0.962019643874063	7.67839125614955e-09	0.962019643874063
TCGA-24-2280-01	8.22355703717111e-06	0.41639377536163	0.416401991240276
TCGA-24-2281-01	0.98901827268231	5.65897435700347e-06	0.989023923978275
TCGA-24-2288-01	0.000115490682909515	0.119384103337509	0.119499586342028
TCGA-24-2289-01	0.00259189471783041	0.302031885072542	0.304623772111982
TCGA-24-2290-01	0.973137478355191	7.67839125614955e-09	0.973137478355191
TCGA-24-2293-01	0.999934825815003	7.67839125614955e-09	0.999934825815003
TCGA-24-2295-01	0.90958123789396	7.67839125614955e-09	0.90958123789396
TCGA-24-2297-01	0.907859857749816	0.0794350000146657	0.987294850086091
TCGA-24-2298-01	0.688527218061874	0.311472789616518	1
TCGA-25-1312-01	0.989858580464787	0.0101414272136038	1
TCGA-25-1313-01	0.961164340193459	7.67839125614955e-09	0.961164340193459
TCGA-25-1314-01	0.34313924300307	0.656860764675322	1
TCGA-25-1315-01	0.74727854394728	0.0950181722182383	0.842296708487127
TCGA-25-1316-01	2.2728038123274e-06	0.112250325014784	0.112252590140205
TCGA-25-1317-01	1	7.67839125614955e-09	1
TCGA-25-1318-01	7.44803952012696e-07	0.089935998612484	0.0899367357380447
TCGA-25-1319-01	8.78638311637245e-05	0.0402001329682371	0.0402879891210095
TCGA-25-1320-01	0.401935172663293	7.67839125614955e-09	0.401935172663293
TCGA-25-1321-01	0.96152059451265	0.0384794131657413	1
TCGA-25-1322-01	1	7.67839125614955e-09	1
TCGA-25-1323-01	0.672325466980176	0.327674540698215	1
TCGA-25-1329-01	6.52663256918342e-06	0.176300247641939	0.176306766596117
TCGA-25-1623-01	7.68146261436599e-05	0.866859436774337	0.86693624372209
TCGA-25-1625-01	2.71815050528345e-05	0.0221076778583775	0.022134851685039
TCGA-25-1626-01	0.959350112942225	7.67839125614955e-09	0.959350112942225
TCGA-25-1627-01	0.00576405314140877	0.081032873235427	0.0867969186984445
TCGA-25-1628-01	4.82279754906365e-05	0.00845105241335908	0.00849927271045847
TCGA-25-1630-01	0.842120589226845	0.0402427326829358	0.88236331423139
TCGA-25-1631-01	0.37179460757946	0.503730170151461	0.87552477005253
TCGA-25-1632-01	9.96655185270597e-06	0.236449616615621	0.236459575489082
TCGA-25-1633-01	1	7.67839125614955e-09	1
TCGA-25-1634-01	0.652551705250148	0.347448302428244	1
TCGA-25-1635-01	1	7.67839125614955e-09	1
TCGA-25-1870-01	1	7.67839125614955e-09	1
TCGA-25-1871-01	4.06954736666731e-07	0.0641924489256832	0.0641928482020286
TCGA-25-1877-01	0.26700854652553	7.67839125614955e-09	0.26700854652553
TCGA-25-1878-01	0.937249453133457	7.67839125614955e-09	0.937249453133457
TCGA-25-2391-01	0.000138241756206563	0.0612827302369074	0.0614209643147227
TCGA-25-2392-01	0.710732910584658	0.242913178879012	0.953646081785279
TCGA-25-2393-01	0.000312833016627848	0.096122893082072	0.0964357184203086
TCGA-25-2396-01	0.7752494951189	0.224750512559491	1
TCGA-25-2397-01	0.924720345695917	7.67839125614955e-09	0.924720345695917
TCGA-25-2398-01	1	7.67839125614955e-09	1
TCGA-25-2399-01	0.00122750601843824	0.0966732417754793	0.0979007401155263
TCGA-25-2400-01	1	7.67839125614955e-09	1
TCGA-25-2401-01	0.524924818183757	0.41246436631381	0.937389176819176
TCGA-25-2404-01	0.726817520129325	0.273182487549066	1
TCGA-25-2408-01	1.8589385235286e-05	0.441260898113476	0.44127947982032
TCGA-29-1688-01	0.983118312015636	7.67839125614955e-09	0.983118312015636
TCGA-29-1691-01	0.827201690007773	0.144010969226897	0.971212651556279
TCGA-29-1692-01	0.000125219204633227	0.0957728736165824	0.0958980851428243
TCGA-29-1692-02	9.15264237937251e-05	0.0867962276432312	0.0868877463886337
TCGA-29-1693-01	1.735316424277e-06	0.503730170151461	0.503731897789494
TCGA-29-1694-01	0.982448909865776	0.0100277409526399	0.992476643140025
TCGA-29-1695-01	1	7.67839125614955e-09	1
TCGA-29-1696-01	0.615993970742903	0.333839083370851	0.949833046435363
TCGA-29-1697-01	3.50902480484332e-06	0.229134574510471	0.229138075856885
TCGA-29-1698-01	1.20704310573604e-05	0.151068593265126	0.151080656017793
TCGA-29-1699-01	0.000196820203112798	0.137725875811512	0.137922688336233
TCGA-29-1701-01	1	7.67839125614955e-09	1
TCGA-29-1702-01	1	7.67839125614955e-09	1
TCGA-29-1703-01	5.12916536025238e-06	0.452098202569997	0.452103324056967
TCGA-29-1704-01	0.566532968470514	0.35824876596351	0.924781726755632
TCGA-29-1704-02	0.483059295900429	0.35824876596351	0.841308054185547
TCGA-29-1705-01	0.9410112582569	7.67839125614955e-09	0.9410112582569
TCGA-29-1705-02	0.586483763189384	0.354527502745908	0.9410112582569
TCGA-29-1707-01	0.978856459339916	7.67839125614955e-09	0.978856459339916
TCGA-29-1707-02	0.99180721795499	7.67839125614955e-09	0.99180721795499
TCGA-29-1710-01	0.866223796510838	0.133776211167554	1
TCGA-29-1710-02	0.866167030164268	0.133767557620606	0.999934580106483
TCGA-29-1711-01	0.800405686266431	0.0755455339581691	0.875951212546209
TCGA-29-1761-01	0.496286852841958	0.503713154836434	1
TCGA-29-1762-01	0.999934825815003	7.67839125614955e-09	0.999934825815003
TCGA-29-1763-01	0.883451779940931	7.67839125614955e-09	0.883451779940931
TCGA-29-1764-01	0.874049566810504	7.67839125614955e-09	0.874049566810504
TCGA-29-1766-01	1	7.67839125614955e-09	1
TCGA-29-1768-01	0.0276826122231051	4.17704484423354e-06	0.0276867815895582
TCGA-29-1769-01	0.961757618772389	0.00336237521020943	0.965119986304207
TCGA-29-1770-01	5.45165779308262e-07	0.203595669307475	0.203596206794863
TCGA-29-1770-02	2.46476359377397e-06	0.0703769093452425	0.0703793664304451
TCGA-29-1774-01	6.94433705361116e-05	0.508759393571101	0.508828829263246
TCGA-29-1775-01	0.966391458790988	7.67839125614955e-09	0.966391458790988
TCGA-29-1776-01	0.859876538839829	0.0226003080846995	0.882476839246137
TCGA-29-1777-01	0.720307088965696	0.279692918712696	1
TCGA-29-1778-01	1	7.67839125614955e-09	1
TCGA-29-1781-01	0.619531275062749	0.303527689438313	0.923058956822671
TCGA-29-1783-01	1	7.67839125614955e-09	1
TCGA-29-1784-01	0.872213701852705	0.022134851685039	0.894348545859353
TCGA-29-1785-01	0.365156323522996	7.67839125614955e-09	0.365156323522996
TCGA-29-2425-01	0.00814744114463191	0.257149638039868	0.265297071506109
TCGA-29-2427-01	3.83919562893142e-07	0.395539257026884	0.395539633268055
TCGA-29-2428-01	1	7.67839125614955e-09	1
TCGA-29-2429-01	0.0171611814261497	7.67839125614955e-09	0.0171611814261496
TCGA-29-2431-01	0.545966789084282	0.403267926390703	0.949234707796594
TCGA-29-2432-01	0.37324346626108	0.583298060083627	0.956541518666315
TCGA-29-2434-01	1.87352746691853e-06	0.151068593265126	0.151070459114202
TCGA-29-A5NZ-01	1.44814459123293e-05	0.469541626302004	0.469556100069525
TCGA-30-1714-01	0.00326981988198712	0.450796277583488	0.454066089787084
TCGA-30-1718-01	0.901867902277483	0.0981321054009082	1
TCGA-30-1853-01	7.44803952012696e-07	0.089935998612484	0.0899367357380447
TCGA-30-1855-01	0.999934825815003	7.67839125614955e-09	0.999934825815003
TCGA-30-1856-01	0.928593226427297	7.67839125614955e-09	0.928593226427297
TCGA-30-1857-01	0.781509073240135	0.182155420252405	0.963664485814149
TCGA-30-1859-01	1	7.67839125614955e-09	1
TCGA-30-1860-01	0.829536903784244	0.153505875896588	0.983042772002442
TCGA-30-1861-01	0.995092793895839	0.00490721378255254	1
TCGA-30-1862-01	0.959768523838648	0.040231483839743	1
TCGA-30-1866-01	7.66457015359869e-05	0.652612917385255	0.6526895554084
TCGA-30-1867-01	1	7.67839125614955e-09	1
TCGA-30-1880-01	2.27664300795633e-05	0.485696331880464	0.485719090632152
TCGA-30-1887-01	1	7.67839125614955e-09	1
TCGA-30-1891-01	0.372563598463935	0.611997567731358	0.984561158516902
TCGA-30-1892-01	6.52663256918342e-06	0.176300247641939	0.176306766596117
TCGA-31-1944-01	0.000276130306415264	0.246405249795958	0.246681372423982
TCGA-31-1946-01	8.73800925144792e-06	0.652360666875652	0.652369397206512
TCGA-31-1950-01	0.00196503853392974	0.134514910798516	0.136479941654055
TCGA-31-1951-01	4.81051212305107e-05	0.265236880597039	0.265284978039878
TCGA-31-1953-01	0.623237112392314	0.365039550548746	0.988276655262669
TCGA-31-1955-01	0.970493531823023	0.000110461336635614	0.970603985481268
TCGA-31-1956-01	0.724687181188396	0.203595669307475	0.92828284281748
TCGA-31-1959-01	0.99615940690386	7.67839125614955e-09	0.99615940690386
TCGA-36-1568-01	0.372737936337445	0.425140699225329	0.797878627884382
TCGA-36-1569-01	0.095440790873071	0.804297187096611	0.899737970291291
TCGA-36-1570-01	1.44353755647821e-06	0.0640780025039848	0.06407943836315
TCGA-36-1574-01	0.749555048744194	7.67839125614955e-09	0.749555048744194
TCGA-36-1575-01	1	7.67839125614955e-09	1
TCGA-36-1576-01	1	7.67839125614955e-09	1
TCGA-36-1577-01	0.719302110404302	0.151175668431217	0.870477771157128
TCGA-36-1578-01	0.511362890338122	7.67839125614955e-09	0.511362890338122
TCGA-36-1580-01	5.32112514169895e-06	0.291811938629936	0.291817252076686
TCGA-36-1581-01	0.981795870367686	7.67839125614955e-09	0.981795870367686
TCGA-36-2529-01	4.39203979949755e-06	0.102443145851027	0.102447530212435
TCGA-36-2530-01	0.303551653697429	7.67839125614955e-09	0.303551653697429
TCGA-36-2532-01	6.59573809050418e-06	0.0141621476902624	0.0141687357499616
TCGA-36-2533-01	0.990901651525212	7.67839125614955e-09	0.990901651525212
TCGA-36-2534-01	0.000184818877576759	0.0583256128388967	0.0585104240380823
TCGA-36-2537-01	0.887662187395224	0.0478762360655051	0.935538415782337
TCGA-36-2538-01	1	7.67839125614955e-09	1
TCGA-36-2540-01	1.0749747761008e-07	0.0131829378099296	0.013183037629016
TCGA-36-2542-01	0.971983385435569	7.67839125614955e-09	0.971983385435569
TCGA-36-2543-01	0.000681426510570296	0.136298647158065	0.136980065990244
TCGA-36-2544-01	8.13909473333462e-06	0.0441781692678932	0.0441863006842352
TCGA-36-2545-01	0.561826490870615	0.438173516807776	1
TCGA-36-2547-01	0.88338340386678	0.116616603811612	1
TCGA-36-2548-01	0.000257218428747147	0.355367679995734	0.35562489074609
TCGA-36-2549-01	0.196042850460244	0.109070810692381	0.305113653474233
TCGA-36-2551-01	0.0723643534248627	7.67839125614955e-09	0.0723643534248627
TCGA-36-2552-01	0.893393553625048	0.103987669609328	0.997381215555985
TCGA-3P-A9WA-01	1	7.67839125614955e-09	1
TCGA-42-2582-01	5.25201962037819e-06	0.107272969128091	0.10727821346932
TCGA-42-2587-01	9.19640920954233e-05	0.0100504920259369	0.0101424484396411
TCGA-42-2588-01	0.0112089923421408	0.243146801611424	0.254355786275174
TCGA-42-2589-01	0.31941921815641	0.629449061452576	0.948868271930595
TCGA-42-2590-01	0.719896847877571	0.249653101800557	0.969549941999736
TCGA-42-2591-01	0.964195753705281	7.67839125614955e-09	0.964195753705281
TCGA-42-2593-01	1.55564206884301e-05	0.0873737501633002	0.0873892989055973
TCGA-57-1582-01	0.607306546733062	0.347961088431617	0.955267627486288
TCGA-57-1583-01	0.959578637222841	7.67839125614955e-09	0.959578637222841
TCGA-57-1584-01	0.96913182288218	0.0173458544142926	0.986477669618082
TCGA-57-1585-01	0.958990810301704	0.0284631053376844	0.987453907960998
TCGA-57-1586-01	0.920140300486471	0.0798597071919206	1
TCGA-57-1992-01	1	7.67839125614955e-09	1
TCGA-57-1993-01	1.12104512364798e-05	0.150752404791519	0.150763607564364
TCGA-57-1994-01	0.889243690285823	7.67839125614955e-09	0.889243690285823
TCGA-59-2348-01	0.973159515338101	7.67839125614955e-09	0.973159515338101
TCGA-59-2350-01	3.20572835015774e-05	0.0549946268921495	0.0550266764972598
TCGA-59-2351-01	0.999994348704034	5.65897435700347e-06	1
TCGA-59-2352-01	0.934243792945914	7.67839125614955e-09	0.934243792945914
TCGA-59-2354-01	0.000663228723289161	0.312784059205188	0.313447280250086
TCGA-59-2355-01	0.393853865502565	0.500248457384322	0.894102315208496
TCGA-59-2363-01	1.64317572918265e-06	0.249064691321684	0.249066326819022
TCGA-59-2372-01	0.0573045557262087	0.000158481995562343	0.0574630300433797
TCGA-59-A5PD-01	0.999390412518038	7.67839125614955e-09	0.999390412518038
TCGA-5X-AA5U-01	6.83376821949793e-07	0.0460418991075667	0.0460425748059974
TCGA-61-1722-01	1	7.67839125614955e-09	1
TCGA-61-1724-01	0.969240072842134	7.67839125614955e-09	0.969240072842134
TCGA-61-1725-01	0.0275196921173958	7.67839125614955e-09	0.0275196921173958
TCGA-61-1727-01	1	7.67839125614955e-09	1
TCGA-61-1728-01	1	7.67839125614955e-09	1
TCGA-61-1730-01	0.0175110319670317	0.0480532153056076	0.065564239594248
TCGA-61-1733-01	0.660628151989209	0.294302900894682	0.9549310452055
TCGA-61-1734-01	0.446461119306429	0.480242823595088	0.926703935223126
TCGA-61-1737-01	0.00102812891103658	7.67839125614955e-09	0.00102812891103654
TCGA-61-1738-01	5.45165779308262e-07	0.203595669307475	0.203596206794863
TCGA-61-1740-01	0.829882101220024	0.141429348196569	0.971311441738202
TCGA-61-1741-01	1.15175868867943e-07	0.246271292582074	0.246271400079551
TCGA-61-1743-01	1	7.67839125614955e-09	1
TCGA-61-1895-01	0.86533996760671	0.134660040071681	1
TCGA-61-1899-01	1	7.67839125614955e-09	1
TCGA-61-1900-01	0.658152661682848	0.272961380594405	0.931114034598862
TCGA-61-1901-01	0.530411658365583	0.438285851671878	0.96869750235907
TCGA-61-1903-01	0.618983460238457	0.369729665496874	0.98871311805694
TCGA-61-1906-01	1	7.67839125614955e-09	1
TCGA-61-1907-01	1	7.67839125614955e-09	1
TCGA-61-1910-01	6.14271300629028e-08	0.497736878639049	0.497736932387788
TCGA-61-1913-01	0.342142180863063	0.648980992249939	0.99112316543461
TCGA-61-1914-01	2.71431130965452e-05	0.190389327760992	0.190416463195697
TCGA-61-1915-01	0.115263087714241	7.67839125614955e-09	0.115263087714241
TCGA-61-1916-02	0.999848213561615	7.67839125614955e-09	0.999848213561615
TCGA-61-1917-01	0.981795870367686	7.67839125614955e-09	0.981795870367686
TCGA-61-1918-01	0.160675758015008	0.0968741929530889	0.257549943289706
TCGA-61-1919-01	8.93457606764921e-05	0.0880982754840008	0.0881876135662861
TCGA-61-1998-01	0.879149354645804	7.67839125614955e-09	0.879149354645804
TCGA-61-2002-01	0.0845950862565135	0.78729684493214	0.871891923510262
TCGA-61-2003-01	0.949191854694984	0.0508081529834075	1
TCGA-61-2008-01	0.604658292623399	0.320290116649659	0.924948401594667
TCGA-61-2008-02	0.924939725012545	7.67839125614955e-09	0.924939725012545
TCGA-61-2009-01	0.00204937798350611	0.40425222704444	0.406301597349555
TCGA-61-2012-01	1	7.67839125614955e-09	1
TCGA-61-2016-01	0.00016505469847902	0.329521769675075	0.329686816695163
TCGA-61-2018-01	0.556720460503223	0.443279547175168	1
TCGA-61-2087-01	0.871073836992084	0.0414765733741617	0.912550402687855
TCGA-61-2088-01	1	7.67839125614955e-09	1
TCGA-61-2094-01	4.91417040503222e-07	0.702738392280317	0.702738876018967
TCGA-61-2095-01	8.41551681861768e-06	0.0120521488077754	0.0120605566462028
TCGA-61-2095-02	1.8865807320569e-05	0.428509746957541	0.42852860508647
TCGA-61-2096-01	6.83376821949793e-06	0.801562251628038	0.801569077717866
TCGA-61-2097-01	0.986981379762989	7.67839125614955e-09	0.986981379762989
TCGA-61-2098-01	0.120896961410264	0.879103046268128	1
TCGA-61-2101-01	0.571181374397329	0.428818633281062	1
TCGA-61-2102-01	0.927643133006614	0.0723568746717775	1
TCGA-61-2104-01	0.979086081630482	7.67839125614955e-09	0.979086081630482
TCGA-61-2109-01	0.0100124916676018	7.67839125614955e-09	0.0100124916676018
TCGA-61-2111-01	0.657303477680076	0.342696529998315	1
TCGA-61-2113-01	0.000238882430423371	7.67839125614955e-09	0.000238882430423359
TCGA-61-2610-02	6.24253209264249e-05	0.044477841521905	0.0445402591644403
TCGA-61-2611-02	1.21779285349705e-05	0.0826775692860787	0.0826897395362224
TCGA-61-2612-01	6.76466269817717e-06	0.175299407733433	0.17530616471774
TCGA-61-2613-01	6.18110496257959e-06	0.949322986260886	0.949329159687457
TCGA-61-2614-01	3.81616045515783e-05	0.647950321791396	0.647988475717556
TCGA-72-4231-01	0.429666726952276	0.0782603366848641	0.507927055958749
TCGA-72-4232-01	1	7.67839125614955e-09	1
TCGA-72-4233-01	4.31525588691892e-06	0.0930070019096313	0.0930113094871269
TCGA-72-4234-01	6.14271300629028e-08	0.139558093533463	0.139558147282202
TCGA-72-4235-01	1	7.67839125614955e-09	1
TCGA-72-4236-01	0.997766025812264	7.67839125614955e-09	0.997766025812264
TCGA-72-4237-01	6.76466269817717e-06	0.175299407733433	0.17530616471774
TCGA-72-4238-01	6.38842152654189e-06	0.00500304010545072	0.00500942084858602
TCGA-72-4240-01	0.999934825815003	7.67839125614955e-09	0.999934825815003
TCGA-72-4241-01	0.732183540824709	0.267816466853683	1
TCGA-OY-A56P-01	0.00364328147598705	0.188358462378808	0.192001736176404
TCGA-OY-A56Q-01	0.620699718895632	0.379235114597763	0.999934825815003
TCGA-VG-A8LO-01	2.66440176647841e-06	0.202674300748488	0.202676957471863
TCGA-WR-A838-01	0.999348834029377	7.67839125614955e-09	0.999348834029377
