Sample	percent	start	end
TCGA-04-1331-01	0.190697606545249	0.791957603372212	0.982655192121398
TCGA-04-1332-01	4.09309440695556e-07	0.41821236593225	0.418212757445628
TCGA-04-1336-01	0.000115745591403648	0.0352611541049155	0.0353768819002565
TCGA-04-1337-01	0.0182832120576155	0.260059202161581	0.278342396423134
TCGA-04-1338-01	0.431091572220738	0.474166212199717	0.905257766624392
TCGA-04-1341-01	8.48872187877304e-06	0.585138116576845	0.585146587502662
TCGA-04-1342-01	0.00108299718795516	0.0751730244435149	0.0762560038354074
TCGA-04-1343-01	1.39343170462878e-05	0.85711660540817	0.857130521929154
TCGA-04-1346-01	6.3176022368227e-06	0.373058718731539	0.373065018537714
TCGA-04-1348-01	1.97536295292203e-06	0.746706647300991	0.746708604867882
TCGA-04-1349-01	0.00214469248893152	0.506933034573034	0.509077709265903
TCGA-04-1350-01	0.35952833671503	1.77960626235318e-08	0.35952833671503
TCGA-04-1351-01	0.154037788693289	1.77960626235318e-08	0.154037788693289
TCGA-04-1357-01	4.44189723467872e-05	0.817261735858203	0.817306137034487
TCGA-04-1360-01	2.33306381196467e-05	0.00922453568070514	0.00924784852276217
TCGA-04-1362-01	0.000752791245689682	0.988417165690508	0.989169939140135
TCGA-04-1364-01	4.27105503334493e-07	0.208372976287369	0.20837338559681
TCGA-04-1365-01	0.000789415542600615	0.0504906507940025	0.0512800485405405
TCGA-04-1367-01	1	1.77960626235318e-08	1
TCGA-04-1371-01	5.53457548070947e-06	0.203341904806903	0.203347421586321
TCGA-04-1514-01	4.21232802663643e-05	0.623422839520179	0.623464945004383
TCGA-04-1516-01	1.60698445629603e-05	0.31321910218686	0.313235154235361
TCGA-04-1517-01	5.42779910487585e-06	0.403382942527349	0.403388352530391
TCGA-04-1519-01	1	1.77960626235318e-08	1
TCGA-04-1525-01	3.41506442041205e-05	0.00653690311672228	0.00657103596486386
TCGA-04-1542-01	6.65572742696251e-06	0.220779697112793	0.220786335044158
TCGA-04-1638-01	3.60370268438478e-05	0.594794224572608	0.594830243803389
TCGA-04-1644-01	3.41862363293984e-05	0.250561069813865	0.250595238254132
TCGA-04-1646-01	1	1.77960626235318e-08	1
TCGA-04-1648-01	7.00453025468568e-05	0.591664893733926	0.59173492124041
TCGA-04-1649-01	0.38458254129732	1.77960626235318e-08	0.38458254129732
TCGA-04-1651-01	0.596164806132808	0.260968865699433	0.857133654036178
TCGA-04-1654-01	6.22862192362802e-05	0.107530626356449	0.107592894779623
TCGA-04-1655-01	8.9531991136493e-05	0.280085574146806	0.280175088341879
TCGA-09-0367-01	0.0933331055437316	0.130244595313531	0.2235776830612
TCGA-09-0369-01	0.00685751698122542	0.977234084336075	0.984091583521237
TCGA-09-1659-01	0.000440861859754391	0.603067738665888	0.60350858272958
TCGA-09-1661-01	2.59822514528483e-06	0.382913733319417	0.382916313748499
TCGA-09-1662-01	3.20863009380038e-05	0.0839663971186039	0.0839984656234792
TCGA-09-1665-01	4.48638739127607e-05	0.0658126692127493	0.0658575152905995
TCGA-09-1666-01	0.000452197951655394	0.214748771649021	0.215200951804614
TCGA-09-1667-01	9.25395257224734e-07	0.182919783980714	0.182920691579909
TCGA-09-1668-01	1.04640848316951e-05	0.429294436835145	0.429304883123914
TCGA-09-1669-01	1.05174730196119e-05	0.242459074172299	0.242469573849255
TCGA-09-1670-01	1	1.77960626235318e-08	1
TCGA-09-1672-01	1	1.77960626235318e-08	1
TCGA-09-1673-01	5.96168098404396e-06	0.693469565752047	0.693475509636968
TCGA-09-1674-01	0.00033606084687369	0.467123865311924	0.467459908362735
TCGA-09-1675-01	4.32266361499785e-05	0.038464943669678	0.0385081525097654
TCGA-09-2043-01	0.207625167939219	0.0855628107136924	0.293187960856848
TCGA-09-2044-01	0.50402177668593	0.0739806526545809	0.578002411544448
TCGA-09-2051-01	0.051834217931117	0.182919783980714	0.234753984115768
TCGA-09-2053-01	0.475081641661864	0.524918376134199	1
TCGA-09-2054-01	1.81697799543549e-05	0.613240733300998	0.61325888528489
TCGA-09-2055-01	1.90951752115796e-05	0.364584963341446	0.364604040720595
TCGA-10-0925-01	1.71198122586576e-05	0.0658126692127493	0.0658297712289454
TCGA-10-0926-01	1	1.77960626235318e-08	1
TCGA-10-0927-01	7.93704393696599e-05	0.990048512956557	0.990127865599864
TCGA-10-0928-01	1.16386249658649e-05	0.423444283775659	0.423455904604562
TCGA-10-0930-01	0.71597199291254	0.161914788714912	0.877886763831389
TCGA-10-0933-01	4.03970621903874e-05	0.421305873296839	0.421346252562967
TCGA-10-0935-01	0.196457231034091	1.77960626235318e-08	0.196457231034091
TCGA-10-0936-01	0.867268671873617	0.0985354463310347	0.965804100408589
TCGA-10-0938-01	3.64819284098213e-06	0.717276497692162	0.71728012808894
TCGA-13-0714-01	1.06776375833623e-07	0.845524944251609	0.845525033231922
TCGA-13-0717-01	7.90145181168812e-06	0.089612874241187	0.089620757896936
TCGA-13-0720-01	0.802860717069209	0.197139300726853	1
TCGA-13-0723-01	1.29733296637852e-05	0.537657153692403	0.537670109226004
TCGA-13-0724-01	0.215211220132757	0.0331199496442611	0.248331151980955
TCGA-13-0725-01	1.57317193728205e-05	0.342216540532624	0.342232254455934
TCGA-13-0726-01	0.583854415394448	1.77960626235318e-08	0.583854415394448
TCGA-13-0730-01	1	1.77960626235318e-08	1
TCGA-13-0751-01	0.0748033468343162	1.77960626235318e-08	0.0748033468343162
TCGA-13-0755-01	5.16085816529179e-06	0.423328004302376	0.423333147364479
TCGA-13-0757-01	4.15360101992794e-05	0.648183640417741	0.648225158631878
TCGA-13-0758-01	0.00334649619106422	0.3414145609698	0.344761039364802
TCGA-13-0761-01	1.04640848316951e-05	0.429294436835145	0.429304883123914
TCGA-13-0762-01	4.26037739576157e-05	0.423444283775659	0.423486869753554
TCGA-13-0764-01	1.55003705585143e-05	0.0333332888431768	0.0333487714176726
TCGA-13-0766-01	0.0211791653308497	0.125303607502144	0.146482755036931
TCGA-13-0791-01	1.39343170462878e-05	0.85711660540817	0.857130521929154
TCGA-13-0792-01	7.15401718085275e-06	0.0635547759693715	0.0635619121904898
TCGA-13-0793-01	5.80151642029353e-06	0.423444283775659	0.423450067496017
TCGA-13-0794-01	0.00167621113996149	0.550899043737472	0.552575237081371
TCGA-13-0797-01	0.482328928007007	1.77960626235318e-08	0.482328928007007
TCGA-13-0799-01	0.000301856814481653	0.0743758498176037	0.0746776888360228
TCGA-13-0801-01	0.0269934237319927	0.97300659406407	1
TCGA-13-0802-01	9.25395257224734e-07	0.182919783980714	0.182920691579909
TCGA-13-0805-01	0.000338392131079391	0.901190245159449	0.901528619494465
TCGA-13-0807-01	0.00191663594621354	0.343285603403533	0.345202221553684
TCGA-13-0883-01	0.071636163770402	0.261243779275079	0.332879925249418
TCGA-13-0884-01	1	1.77960626235318e-08	1
TCGA-13-0886-01	1.37029682319816e-05	0.302422124207441	0.302435809379611
TCGA-13-0887-01	0.000617630149946954	0.00967504300640987	0.0102926553602942
TCGA-13-0888-01	0.117528418754879	0.37154902534969	0.489077426308507
TCGA-13-0890-01	0.29929218830263	1.77960626235318e-08	0.29929218830263
TCGA-13-0891-01	1.6995239820185e-05	0.565615444348553	0.565632421792311
TCGA-13-0897-01	0.523233142390479	0.476766875405583	1
TCGA-13-0899-01	0.0397131950952984	0.960286822700764	1
TCGA-13-0900-01	0.468907457893848	1.77960626235318e-08	0.468907457893848
TCGA-13-0903-01	0.000160858610193353	0.357328262879166	0.357489103693297
TCGA-13-0904-01	0.00512893202891753	0.694684396172031	0.699813310404886
TCGA-13-0905-01	0.139602441299465	0.0895823717898239	0.229184795293226
TCGA-13-0906-01	0.0189480373656809	0.981051980430382	1
TCGA-13-0908-01	0.000657813659385675	0.257817841460395	0.258475637323718
TCGA-13-0910-01	0.356363253586507	1.77960626235318e-08	0.356363253586507
TCGA-13-0911-01	0.0165260110365842	1.77960626235318e-08	0.0165260110365841
TCGA-13-0912-01	6.76250380279614e-07	0.746063195064155	0.746063853518473
TCGA-13-0913-01	0.47492421769176	0.462699016705253	0.93762321660095
TCGA-13-0913-02	1.72265886344912e-05	0.1693375798298	0.169354788622372
TCGA-13-0919-01	4.12868653223343e-06	0.881344396433633	0.881348507324103
TCGA-13-0920-01	9.90172925230466e-05	0.273516388972456	0.273615388468917
TCGA-13-0921-01	1	1.77960626235318e-08	1
TCGA-13-0923-01	0.0570645697210138	1.77960626235318e-08	0.0570645697210138
TCGA-13-1403-01	1.04996769569729e-06	0.370347933490063	0.370348965661696
TCGA-13-1405-01	1	1.77960626235318e-08	1
TCGA-13-1408-01	7.59891874682618e-06	0.620468301608737	0.620475882731422
TCGA-13-1409-01	1.37029682319816e-06	0.76350257121962	0.763503923720381
TCGA-13-1410-01	0.225408630965807	1.77960626235318e-08	0.225408630965807
TCGA-13-1411-01	0.00030256865698721	1.77960626235318e-08	0.00030256865698719
TCGA-13-1412-01	3.73717315417681e-07	0.293152671264635	0.293153027185888
TCGA-13-1482-01	1.71198122586576e-05	0.0658126692127493	0.0658297712289454
TCGA-13-1484-01	3.41684402667594e-06	1.77960626235318e-08	3.41684402671572e-06
TCGA-13-1488-01	1.49486926167072e-06	0.907233521090692	0.907234998163891
TCGA-13-1489-01	0.184115981923115	0.815884035872947	1
TCGA-13-1489-02	0.184115981923115	0.815884035872947	1
TCGA-13-1491-01	1	1.77960626235318e-08	1
TCGA-13-1492-01	9.25395257224734e-07	0.896016911954247	0.896017819553442
TCGA-13-1495-01	0.508519713721859	0.491480304074204	1
TCGA-13-1497-01	0.256692845564612	0.00252666717741368	0.259219494945963
TCGA-13-1498-01	0.000200899751130962	0.0711752991362414	0.0713761810913097
TCGA-13-1499-01	1.08200060844738e-05	0.964391591324811	0.964402393534833
TCGA-13-1501-01	0.473751119038664	0.0774140648155737	0.551165166058175
TCGA-13-1504-01	9.85901870197121e-06	0.0658126692127493	0.0658225104353887
TCGA-13-1505-01	0.0608708093942923	0.186685324058737	0.247556115656967
TCGA-13-1506-01	0.00683649983124884	1.77960626235318e-08	0.00683649983124879
TCGA-13-1507-01	2.24230389250609e-06	0.344118459135035	0.344120683642865
TCGA-13-1509-01	0.303588424764609	0.696411593031453	1
TCGA-13-1510-01	0.0826346643631443	0.0305578860982586	0.11319253266534
TCGA-13-1511-01	0.000282708251082156	0.826526988930226	0.826809679385246
TCGA-13-1512-01	0.401263093341861	1.77960626235318e-08	0.401263093341861
TCGA-13-1817-02	0.0124235203085553	0.987576497487507	1
TCGA-13-1819-01	1.02683281426668e-05	0.769942307834334	0.769952558366414
TCGA-13-2057-01	9.43191319863672e-07	0.0276556864070381	0.0276566118022954
TCGA-13-2059-01	0.405171891724128	0.594828126071935	1
TCGA-13-2061-01	9.46750532391459e-06	0.848470744296295	0.848480194005556
TCGA-13-2065-01	7.79645504211839e-05	0.089612874241187	0.0896908209955456
TCGA-13-2071-01	0.00123689753765669	0.679412705018427	0.680649584760021
TCGA-13-A5FT-01	9.41411713599778e-06	0.600465420426196	0.60047481674727
TCGA-13-A5FU-01	0.957071536879537	0.0429284809165257	1
TCGA-20-0987-01	0.00116628276110539	0.787146259877148	0.788312524842191
TCGA-20-1682-01	0.96437870697546	0.0356213108206023	1
TCGA-20-1683-01	0.00130486070087479	0.491480304074204	0.492785146979016
TCGA-20-1684-01	9.25395257224734e-07	0.182919783980714	0.182920691579909
TCGA-20-1686-01	7.63451087210406e-06	0.313531636638925	0.313539253353735
TCGA-20-1687-01	0.0346505178075856	0.965349499988477	1
TCGA-23-1021-01	1	1.77960626235318e-08	1
TCGA-23-1022-01	0.00011101183874169	0.12304459310682	0.123155587149499
TCGA-23-1024-01	2.9185542727857e-06	0.516070209382244	0.516073110140455
TCGA-23-1026-01	4.05394306914989e-05	0.678975740496391	0.67901626213102
TCGA-23-1027-01	7.29638568196425e-07	0.112350013671825	0.112350725514331
TCGA-23-1028-01	8.48872187877304e-06	0.585138116576845	0.585146587502662
TCGA-23-1030-01	0.0967470844043226	0.00999400183708754	0.106741068445348
TCGA-23-1109-01	9.46750532391459e-06	0.848470744296295	0.848480194005556
TCGA-23-1110-01	4.39562747181749e-06	0.736148492482187	0.736152870313596
TCGA-23-1113-01	1	1.77960626235318e-08	1
TCGA-23-1114-01	2.29925129295069e-05	0.804758471392963	0.80478144610983
TCGA-23-1117-01	0.000111599108808775	0.598959321849	0.599070903161746
TCGA-23-1118-01	5.41000304223691e-05	0.947554878830614	0.947608961064973
TCGA-23-1119-01	7.69323787881255e-05	0.0781062426719151	0.0781831572546405
TCGA-23-1120-01	1.80630035785213e-05	0.719034748680889	0.719052793888405
TCGA-23-1121-01	0.000120176811000743	0.368555442876819	0.368675601891757
TCGA-23-1123-01	1	1.77960626235318e-08	1
TCGA-23-1124-01	0.22453770945632	0.364825139002821	0.589362830663079
TCGA-23-1809-01	0.126984054105013	0.137666977118979	0.26465101342793
TCGA-23-2072-01	1	1.77960626235318e-08	1
TCGA-23-2077-01	0.00243562252095286	0.272476244703336	0.274911849428226
TCGA-23-2078-01	0.837241464363251	1.77960626235318e-08	0.837241464363251
TCGA-23-2079-01	1.62656012519886e-05	0.299852835460007	0.299869083265197
TCGA-23-2084-01	5.32102272904222e-06	0.643833553070217	0.643838856296883
TCGA-23-2641-01	4.89035801317994e-05	0.0631415158027702	0.0631904015868393
TCGA-23-2643-01	1.25640202230897e-05	0.0395940860480559	0.0396066322722164
TCGA-23-2645-01	0.51237654760122	1.77960626235318e-08	0.51237654760122
TCGA-24-0966-01	8.00822818752174e-06	0.665849471470287	0.665857461902412
TCGA-24-0968-01	5.74812823237671e-06	0.618948268714495	0.618953999046665
TCGA-24-0970-01	0.565632421792311	1.77960626235318e-08	0.565632421792311
TCGA-24-0975-01	0.172623302466952	0.380571095225752	0.553194379896642
TCGA-24-0979-01	0.493055202229562	0.506944815566501	1
TCGA-24-0982-01	1.3880928858371e-06	0.33008617476392	0.330087545060743
TCGA-24-1103-01	0.530256821208564	0.428828660487696	0.959085463900198
TCGA-24-1104-01	0.926551556394699	1.77960626235318e-08	0.926551556394699
TCGA-24-1413-01	1.29733296637852e-05	0.537657153692403	0.537670109226004
TCGA-24-1416-01	1	1.77960626235318e-08	1
TCGA-24-1417-01	0.00022353634280769	0.813654046855787	0.813877565402532
TCGA-24-1418-01	4.3066471586228e-06	0.0679403842579234	0.0679446731090193
TCGA-24-1422-01	5.46339123015372e-06	0.0696699835858017	0.0696754291809691
TCGA-24-1424-01	1.40055012968436e-05	0.969244364053698	0.969258351758932
TCGA-24-1425-01	6.51335892585101e-06	0.117629037693039	0.117635533255903
TCGA-24-1426-01	1	1.77960626235318e-08	1
TCGA-24-1427-01	0.38358751004699	0.0483810343445323	0.431968526595459
TCGA-24-1428-01	4.27105503334493e-07	0.208372976287369	0.20837338559681
TCGA-24-1430-01	4.09309440695556e-07	0.41821236593225	0.418212757445628
TCGA-24-1431-01	7.03656316743577e-05	0.867747581715293	0.867817929550905
TCGA-24-1434-01	1	1.77960626235318e-08	1
TCGA-24-1435-01	4.37783140917855e-06	0.825547511438642	0.825551871473988
TCGA-24-1436-01	1.08555982097517e-05	0.987992658412319	0.988003496214466
TCGA-24-1466-01	4.32444322126174e-06	0.168389245447834	0.168393552094993
TCGA-24-1467-01	0.214219463357952	1.77960626235318e-08	0.214219463357952
TCGA-24-1469-01	2.09993539139459e-06	0.871821723315538	0.871823805454867
TCGA-24-1470-01	0.00129284835859351	0.402569662464749	0.40386249302728
TCGA-24-1471-01	1	1.77960626235318e-08	1
TCGA-24-1548-01	2.60356396407651e-05	0.920287004220603	0.920313022064181
TCGA-24-1549-01	0.00366677193037718	0.584111621887769	0.587778376022083
TCGA-24-1550-01	6.52581616969827e-05	0.07997022006878	0.0800354604344143
TCGA-24-1552-01	1	1.77960626235318e-08	1
TCGA-24-1553-01	0.232583327171447	0.167690661008942	0.400273970384326
TCGA-24-1555-01	9.25395257224734e-07	0.182919783980714	0.182920691579909
TCGA-24-1556-01	3.23532418775878e-05	0.793799300098653	0.793831635544467
TCGA-24-1557-01	0.11067175598466	0.167083761884767	0.277755500073364
TCGA-24-1560-01	1	1.77960626235318e-08	1
TCGA-24-1562-01	2.10883342271406e-05	0.947205239587946	0.947226310126111
TCGA-24-1563-01	0.366904021652113	1.77960626235318e-08	0.366904021652113
TCGA-24-1565-01	5.08611470220825e-05	0.269159699285693	0.269210542636652
TCGA-24-1567-01	0.360089126240908	0.639910891555154	1
TCGA-24-1603-01	1.00725714536385e-05	1.77960626235318e-08	1.00725714536898e-05
TCGA-24-1842-01	0.491571847020419	0.137426267575725	0.628998096800081
TCGA-24-1844-01	0.0321799260235472	0.0521443499147257	0.0843242581422103
TCGA-24-1845-01	7.47434630835362e-07	0.60895266523177	0.608953394870338
TCGA-24-1846-01	0.0181352555928353	0.308094619173602	0.326229856970375
TCGA-24-1847-01	6.69665837103207e-05	0.629878183281827	0.629945132069475
TCGA-24-1849-01	0.102326968660511	0.165460209294154	0.267787160158602
TCGA-24-1850-01	9.57428169974821e-06	0.617590322358768	0.617599878844405
TCGA-24-1852-01	7.74128724793768e-06	0.0575233522158456	0.0575310757070309
TCGA-24-1852-02	7.74128724793768e-06	0.0575233522158456	0.0575310757070309
TCGA-24-1923-01	1	1.77960626235318e-08	1
TCGA-24-1924-01	0.156823352989974	3.41684402671572e-06	0.156826752037938
TCGA-24-2019-01	1	1.77960626235318e-08	1
TCGA-24-2023-01	0.000849370477631195	0.430192479544093	0.431041832225662
TCGA-24-2024-01	6.75716498400445e-05	0.0331199496442611	0.0331875034980386
TCGA-24-2027-01	0.746449084886418	0.253550932909645	1
TCGA-24-2029-01	0.235491470747589	0.00379693233251832	0.239288385284044
TCGA-24-2030-01	0.211411102305026	0.108360955047057	0.31977203955602
TCGA-24-2033-01	0.215044862539208	0.124702278545574	0.33974712328872
TCGA-24-2035-01	0.484963937613767	0.0125947896153924	0.497558709433097
TCGA-24-2254-01	3.92403181188565e-05	0.999810916834461	0.999850139356518
TCGA-24-2260-01	0.127143275477444	1.77960626235318e-08	0.127143275477444
TCGA-24-2262-01	6.76250380279614e-07	0.616479794661911	0.616480453116228
TCGA-24-2267-01	0.0401388413214965	0.392971800982005	0.433110624507438
TCGA-24-2271-01	1	1.77960626235318e-08	1
TCGA-24-2280-01	8.72007069307923e-07	0.23702620318957	0.237027057400577
TCGA-24-2281-01	1.04640848316951e-05	0.429294436835145	0.429304883123914
TCGA-24-2288-01	9.25395257224734e-07	0.182919783980714	0.182920691579909
TCGA-24-2290-01	0.0006855221289145	0.565137691250948	0.5658231955838
TCGA-24-2293-01	0.330087545060743	1.77960626235318e-08	0.330087545060743
TCGA-24-2295-01	0.635377593742762	1.77960626235318e-08	0.635377593742762
TCGA-24-2297-01	0.000209103736007512	0.67781839135873	0.678027477298675
TCGA-24-2298-01	0.998960051487568	1.77960626235318e-08	0.998960051487568
TCGA-25-1313-01	0.0246973935263797	0.0917454120193362	0.116442787749653
TCGA-25-1314-01	1.49131004914294e-05	0.429309563488388	0.429324458792817
TCGA-25-1316-01	1	1.77960626235318e-08	1
TCGA-25-1317-01	3.55209410273186e-05	0.306521731973323	0.306557235118287
TCGA-25-1318-01	0.164501802340734	1.77960626235318e-08	0.164501802340734
TCGA-25-1320-01	1	1.77960626235318e-08	1
TCGA-25-1321-01	5.6947400444599e-06	0.574011430944915	0.574017107888897
TCGA-25-1322-01	1	1.77960626235318e-08	1
TCGA-25-1323-01	1.90773791489407e-05	0.999218272356459	0.999237331939546
TCGA-25-1329-01	1	1.77960626235318e-08	1
TCGA-25-1626-01	1	1.77960626235318e-08	1
TCGA-25-1627-01	0.372243392121736	0.167006829505979	0.539250203831652
TCGA-25-1628-01	1	1.77960626235318e-08	1
TCGA-25-1630-01	0.0949685637002499	0.0338027489755919	0.128771294879779
TCGA-25-1633-01	0.168831121683159	0.121233363239617	0.290064467126713
TCGA-25-1635-01	1	1.77960626235318e-08	1
TCGA-25-1870-01	3.4862486709678e-05	0.238818266697311	0.238853111387959
TCGA-25-1871-01	9.25395257224734e-07	0.182919783980714	0.182920691579909
TCGA-25-2042-01	0.618185440489477	1.77960626235318e-08	0.618185440489477
TCGA-25-2391-01	0.000343997890810656	0.0332813955245216	0.0336253756192696
TCGA-25-2392-01	1.77960626389372e-05	0.00924784852276217	0.00926562678933851
TCGA-25-2393-01	0.000613803996479583	0.0515318450308188	0.0521456312312357
TCGA-25-2396-01	3.02533064861932e-06	0.801457355161628	0.801460362696214
TCGA-25-2397-01	0.429304883123914	1.77960626235318e-08	0.429304883123914
TCGA-25-2398-01	0.000123718227465891	0.393789120750823	0.393912821182226
TCGA-25-2400-01	3.15702151214746e-05	0.429273330704855	0.429304883123914
TCGA-25-2404-01	6.01506917196077e-06	0.778134013427663	0.778140010700772
TCGA-29-1688-01	0.274242112406872	0.72575790538919	1
TCGA-29-1690-01	1.29733296637852e-05	0.537657153692403	0.537670109226004
TCGA-29-1691-01	0.0294324808930349	0.374798782144249	0.404231245241222
TCGA-29-1692-01	0.194694424253328	1.77960626235318e-08	0.194694424253328
TCGA-29-1692-02	0.0686182718759657	0.0606230348141704	0.129241288894073
TCGA-29-1693-01	0.00397026598262161	0.556046109954219	0.560016358140778
TCGA-29-1694-01	1	1.77960626235318e-08	1
TCGA-29-1697-01	1	1.77960626235318e-08	1
TCGA-29-1698-01	9.43191319863672e-07	0.329594540737456	0.329595466132714
TCGA-29-1699-01	0.00178930511803194	0.0237576724387306	0.0255469597606999
TCGA-29-1702-01	9.25395257224734e-07	0.182919783980714	0.182920691579909
TCGA-29-1703-01	0.53730100109081	0.462699016705253	1
TCGA-29-1704-01	1.93087279632469e-05	0.671852830833031	0.671872121764932
TCGA-29-1704-02	0.296357653165595	0.369499826532879	0.665857461902412
TCGA-29-1705-01	0.000216720450816977	0.932704171334796	0.932920873989551
TCGA-29-1705-02	1.48241201782347e-05	0.310883902847379	0.310898709171495
TCGA-29-1707-01	9.25395257224734e-07	0.182919783980714	0.182920691579909
TCGA-29-1707-02	0.0762720380878451	0.0685270136667533	0.144799033958536
TCGA-29-1710-02	2.89541939135508e-05	0.644831449486633	0.644860385884483
TCGA-29-1761-01	5.01848966418029e-06	0.0233487901035384	0.02335379079714
TCGA-29-1762-01	9.4087783172061e-05	0.229646638710832	0.229740708697941
TCGA-29-1763-01	1.10335588361411e-05	0.400271959429248	0.400282975192022
TCGA-29-1764-01	0.00101900254670554	0.0795690256326478	0.0805880103832907
TCGA-29-1766-01	4.62163746733199e-05	0.308416105045175	0.308462303623786
TCGA-29-1768-01	6.49556286321208e-06	0.900485378710446	0.900491856477246
TCGA-29-1769-01	0.373369331208839	0.20473256032576	0.578101873738537
TCGA-29-1770-01	7.29638568196425e-07	0.112350013671825	0.112350725514331
TCGA-29-1770-02	1.70664240707408e-05	0.85711660540817	0.857133654036178
TCGA-29-1775-01	0.0409145538958651	0.959085463900198	1
TCGA-29-1781-01	0.623240002772627	0.376760015023436	1
TCGA-29-1783-01	0.000676908834597254	0.0342784911181186	0.0349553821566532
TCGA-29-1784-01	0.0971205347788007	0.902879483017262	1
TCGA-29-1785-01	0.000473054937068229	0.573410101988345	0.573883139129351
TCGA-29-2425-01	0.254518842960514	0.242884115332367	0.497402940496818
TCGA-29-2427-01	1.29733296637852e-05	0.537657153692403	0.537670109226004
TCGA-29-2428-01	1	1.77960626235318e-08	1
TCGA-29-2429-01	1.29733296637852e-05	0.537657153692403	0.537670109226004
TCGA-29-2431-01	0.462510360645218	0.166448549224933	0.628958892074088
TCGA-29-2436-01	0.00407659745688926	0.293471808055939	0.297548387716766
TCGA-29-A5NZ-01	4.32444322126174e-06	0.143134639404166	0.143138946051325
TCGA-30-1714-01	1.16386249658649e-05	0.423444283775659	0.423455904604562
TCGA-30-1718-01	2.49144876945121e-07	0.866031916704461	0.866032148053275
TCGA-30-1853-01	0.429304883123914	1.77960626235318e-08	0.429304883123914
TCGA-30-1855-01	0.307725671202972	1.77960626235318e-08	0.307725671202972
TCGA-30-1856-01	1.28131651000348e-05	0.678885461070624	0.678898256439661
TCGA-30-1857-01	1.58384957486541e-06	0.0331859374445264	0.0331875034980386
TCGA-30-1859-01	4.55579203556792e-06	0.175827305584467	0.17583184358044
TCGA-30-1860-01	0.307229481384473	0.125881160919028	0.433110624507438
TCGA-30-1861-01	4.90815407581888e-05	0.312681376358162	0.312730440102858
TCGA-30-1862-01	0.871543731021055	0.128456286775007	1
TCGA-30-1866-01	3.63395599087098e-05	0.0505807878512687	0.0506171096151148
TCGA-30-1880-01	1	1.77960626235318e-08	1
TCGA-30-1891-01	0.383753458331098	0.165923921298337	0.549677361833372
TCGA-30-1892-01	0.0170780982878319	0.498473925342492	0.515552005834261
TCGA-31-1944-01	1.3880928858371e-06	0.33008617476392	0.330087545060743
TCGA-31-1946-01	0.00184071794299583	0.914298735918977	0.91613943606591
TCGA-31-1950-01	0.735035882646	0.264964135150062	1
TCGA-31-1951-01	0.528175625071129	0.471824392724934	1
TCGA-31-1953-01	0.202410708033258	0.0105608598203256	0.212971550057521
TCGA-31-1955-01	8.48872187877304e-06	0.585138116576845	0.585146587502662
TCGA-31-1956-01	7.24299749404744e-06	0.405291588041437	0.405298813242869
TCGA-31-1959-01	0.057642710407965	0.942357307388098	1
TCGA-36-1569-01	5.57016760598734e-06	0.745050225382684	0.745055777754228
TCGA-36-1571-01	0.177819557000833	1.77960626235318e-08	0.177819557000833
TCGA-36-1574-01	0.0143943986536923	0.369778406097429	0.384172786955059
TCGA-36-1575-01	2.65873175825722e-05	0.0648208590497561	0.064847428571276
TCGA-36-1576-01	5.14306210265285e-06	0.846966033811985	0.846971159078025
TCGA-36-1577-01	0.194050420338551	0.805949597457512	1
TCGA-36-1578-01	0.155696755448554	0.263647778192723	0.419344515845214
TCGA-36-1580-01	1.04996769569729e-06	0.108360955047057	0.10836198721869
TCGA-36-2530-01	0.408420883287993	0.393039497204283	0.801460362696214
TCGA-36-2532-01	0.000194083859140249	0.0538424324156704	0.054036498478748
TCGA-36-2534-01	0.00117327661372249	0.572843849071237	0.574017107888897
TCGA-36-2537-01	3.99165684991361e-05	0.1693375798298	0.169377478602237
TCGA-36-2538-01	1.73689571356027e-05	0.286357387114458	0.286374738275531
TCGA-36-2542-01	1.37385603572595e-05	0.0670116077487972	0.0670253285130918
TCGA-36-2543-01	7.06147765513028e-05	0.364280437117568	0.364351034098057
TCGA-36-2544-01	4.37783140917855e-06	0.825547511438642	0.825551871473988
TCGA-36-2545-01	0.000185577341198837	0.143502875532291	0.143688435077428
TCGA-36-2547-01	0.00134661026382574	0.12419135358721	0.125537946054973
TCGA-36-2548-01	1	1.77960626235318e-08	1
TCGA-36-2549-01	1.10691509614189e-05	0.0396367254141389	0.0396477767690376
TCGA-36-2551-01	2.82957395959101e-06	0.0380928635920231	0.0380956753699201
TCGA-36-2552-01	7.81247149849343e-06	0.207947650390299	0.207955445065735
TCGA-42-2582-01	0.572201553578472	0.0344936455154233	0.606695181297833
TCGA-42-2587-01	4.39562747181749e-06	0.414614482560348	0.414618860391757
TCGA-42-2589-01	0.172769105608153	0.498473925342492	0.671243013154583
TCGA-42-2590-01	0.00024195526763899	0.600140179585407	0.600382117056983
TCGA-42-2591-01	0.495186850204579	0.504813167591484	1
TCGA-42-2593-01	6.22862192362802e-07	0.594571328888055	0.594571933954185
TCGA-57-1582-01	0.269517595901424	0.136691201208424	0.406208779313786
TCGA-57-1583-01	2.50212640703457e-05	0.0985398063663813	0.098564809834389
TCGA-57-1585-01	4.27105503334493e-07	0.208372976287369	0.20837338559681
TCGA-57-1586-01	0.000492310276843559	0.0475960144294035	0.0480883069101844
TCGA-57-1993-01	3.47379142712054e-05	0.647389686879168	0.647424406997376
TCGA-57-1994-01	0.0013221406776972	0.479453564778246	0.480775687659881
TCGA-59-2348-01	1.40055012968436e-05	0.969244364053698	0.969258351758932
TCGA-59-2349-01	1.67816870685178e-05	0.551635515993722	0.551652279884728
TCGA-59-2350-01	1	1.77960626235318e-08	1
TCGA-59-2351-01	0.311708554594005	0.121402087709496	0.433110624507438
TCGA-59-2354-01	0.934187348583313	0.0658126692127493	1
TCGA-59-2355-01	0.114523375617668	3.41684402671572e-06	0.114526774665632
TCGA-59-2363-01	0.583157165660255	0.00198943963846943	0.585146587502662
TCGA-59-2372-01	4.21232802663643e-05	0.0580785181859299	0.0581206236701336
TCGA-59-A5PD-01	0.0509563381611382	0.382109974150329	0.433066294515405
TCGA-61-1724-01	0.0686489522879552	1.77960626235318e-08	0.0686489522879552
TCGA-61-1727-01	0.4652267160543	0.285006399019223	0.75023309727746
TCGA-61-1728-01	0.934519636664908	0.0654803811311551	1
TCGA-61-1733-01	1	1.77960626235318e-08	1
TCGA-61-1734-01	0.131401143628373	0.868598874167689	1
TCGA-61-1736-01	1	1.77960626235318e-08	1
TCGA-61-1737-01	5.80151642029353e-06	0.423444283775659	0.423450067496017
TCGA-61-1738-01	0.796658112989159	0.203341904806903	1
TCGA-61-1740-01	0.0596977641293841	1.77960626235318e-08	0.0596977641293841
TCGA-61-1895-01	1.06776375833623e-06	0.777727675929428	0.777728725897124
TCGA-61-1899-01	8.72007069307923e-06	0.335288729103974	0.335297431378605
TCGA-61-1903-01	0.002127270143608	0.739174784118189	0.741302036465734
TCGA-61-1904-01	1.77960626389372e-08	1.77960626235318e-08	1.77960626235318e-08
TCGA-61-1910-01	1.6995239820185e-05	0.565615444348553	0.565632421792311
TCGA-61-1911-01	1.6995239820185e-05	0.565615444348553	0.565632421792311
TCGA-61-1913-01	0.608206618693821	0.0333332888431768	0.641539889740935
TCGA-61-1914-01	0.103515585480228	1.77960626235318e-08	0.103515585480228
TCGA-61-1916-02	1	1.77960626235318e-08	1
TCGA-61-1917-01	0.0790335599039048	0.196471076370824	0.275504618478666
TCGA-61-1918-01	9.43191319863672e-07	0.329594540737456	0.329595466132714
TCGA-61-1919-01	1.3880928858371e-06	0.33008617476392	0.330087545060743
TCGA-61-1995-01	1	1.77960626235318e-08	1
TCGA-61-1998-01	1.9273135837969e-05	0.269210542636652	0.269229797976428
TCGA-61-2000-01	9.25395257224734e-07	0.182919783980714	0.182920691579909
TCGA-61-2002-01	7.49570158352035e-05	0.520354931791696	0.520429871011469
TCGA-61-2003-01	1.29199414758684e-05	0.979548889387772	0.979561791533185
TCGA-61-2008-01	0.00382846695551456	0.0229168796632914	0.0267453288227433
TCGA-61-2008-02	0.00382846695551456	0.0229168796632914	0.0267453288227433
TCGA-61-2009-01	5.48118729279266e-06	0.226301352652027	0.226306816043257
TCGA-61-2012-01	0.265092836275067	0.151903827230129	0.416996645709134
TCGA-61-2016-01	0.0055129710606658	0.795863750141145	0.801376703405748
TCGA-61-2017-01	0.000396496275595521	0.21741243291663	0.217808911396163
TCGA-61-2018-01	0.066891947023613	0.93310807077245	1
TCGA-61-2087-01	0.000277013511037696	0.0452238526678211	0.0455008483827961
TCGA-61-2088-01	5.96168098404396e-06	0.693469565752047	0.693475509636968
TCGA-61-2095-02	5.30322666640328e-06	0.0353905492763632	0.0353958347069669
TCGA-61-2096-01	2.61246199539598e-05	0.553731144737958	0.553757251561849
TCGA-61-2098-01	4.31554518994227e-05	0.227309161475333	0.22735229913117
TCGA-61-2101-01	1.13894800889198e-06	0.196725435494122	0.196726556646069
TCGA-61-2102-01	6.25353641132253e-05	0.271002214631015	0.271064732199066
TCGA-61-2109-01	0.0018290971140926	0.100262500821956	0.102091580139986
TCGA-61-2110-01	1	1.77960626235318e-08	1
TCGA-61-2111-01	9.43191319863672e-07	0.329594540737456	0.329595466132714
TCGA-61-2113-01	0.010826110133959	0.744738456161313	0.755564548499209
TCGA-61-2610-02	2.72279758375739e-06	0.0773433254665838	0.077346030468105
TCGA-61-2612-01	3.41684402667594e-06	0.0751730244435149	0.0751764234914789
TCGA-61-2613-01	0.011386365777958	0.0554069910586352	0.0667933390405306
TCGA-72-4231-01	0.000240193457437735	0.0805880103832907	0.0808281860446658
TCGA-72-4232-01	1	1.77960626235318e-08	1
TCGA-72-4236-01	3.47023221459275e-06	0.0527171695789478	0.0527206220150997
TCGA-72-4237-01	1	1.77960626235318e-08	1
TCGA-72-4240-01	1	1.77960626235318e-08	1
TCGA-72-4241-01	1.99315901556097e-06	0.956583373085288	0.956585348448241
TCGA-VG-A8LO-01	3.2869327694117e-05	0.594539082422553	0.594571933954185
