Sample	percent	start	end
TCGA-04-1331-01	0.655946398225289	9.20222364975132e-09	0.655946398225289
TCGA-04-1332-01	0.71818879405292	9.20222364975132e-09	0.71818879405292
TCGA-04-1335-01	0.520959394019587	9.20222364975132e-09	0.520959394019587
TCGA-04-1336-01	5.88942311784643e-07	0.333180125512257	0.333180705252345
TCGA-04-1337-01	0.893923226050774	9.20222364975132e-09	0.893923226050774
TCGA-04-1338-01	0.611292460865727	9.20222364975132e-09	0.611292460865727
TCGA-04-1341-01	2.76066708649051e-08	0.418879072171448	0.418879090575895
TCGA-04-1342-01	0.0037246092130804	0.438132728217193	0.44185732822805
TCGA-04-1343-01	0.0414928539166233	9.20222364975132e-09	0.0414928539166233
TCGA-04-1346-01	5.88942311784643e-07	0.333180125512257	0.333180705252345
TCGA-04-1347-01	0.438626234267798	9.20222364975132e-09	0.438626234267798
TCGA-04-1348-01	0.980707096470508	9.20222364975132e-09	0.980707096470508
TCGA-04-1349-01	0.970958131934617	9.20222364975132e-09	0.970958131934617
TCGA-04-1350-01	1	9.20222364975132e-09	1
TCGA-04-1351-01	1	9.20222364975132e-09	1
TCGA-04-1353-01	0.272648450662559	9.20222364975132e-09	0.272648450662559
TCGA-04-1356-01	0.803153007571488	0.135739764502398	0.938892762871663
TCGA-04-1357-01	0.442187191135991	9.20222364975132e-09	0.442187191135991
TCGA-04-1360-01	0.999241212246831	9.20222364975132e-09	0.999241212246831
TCGA-04-1361-01	0.350558221148335	9.20222364975132e-09	0.350558221148335
TCGA-04-1362-01	0.810700873834873	9.20222364975132e-09	0.810700873834873
TCGA-04-1364-01	0.000635606787769954	0.0697380118652919	0.0703736094508383
TCGA-04-1365-01	0.158795521686342	9.20222364975132e-09	0.158795521686342
TCGA-04-1367-01	1	9.20222364975132e-09	1
TCGA-04-1371-01	0.0129375718296819	9.20222364975132e-09	0.0129375718296819
TCGA-04-1514-01	0.949299787620961	9.20222364975132e-09	0.949299787620961
TCGA-04-1516-01	0.52863465586679	0.0996436742575901	0.628278320922156
TCGA-04-1517-01	0.00116020715199212	0.191622798056273	0.192782996006042
TCGA-04-1519-01	1	9.20222364975132e-09	1
TCGA-04-1525-01	0.783907228629163	0.11003822999388	0.89394544942082
TCGA-04-1530-01	0.109957057179314	0.0238243913163879	0.133781439293478
TCGA-04-1542-01	0.90574273691265	9.20222364975132e-09	0.90574273691265
TCGA-04-1638-01	0.593475152298411	9.20222364975132e-09	0.593475152298411
TCGA-04-1644-01	1.8027156074783e-05	0.548383041858882	0.548401059812733
TCGA-04-1646-01	1	9.20222364975132e-09	1
TCGA-04-1649-01	0.598732207811203	0.401267801391021	1
TCGA-04-1651-01	0.869377831311407	9.20222364975132e-09	0.869377831311407
TCGA-04-1652-01	0.51688740086479	0.14466247978375	0.661549871446316
TCGA-04-1654-01	0.0431996823539641	9.20222364975132e-09	0.0431996823539641
TCGA-04-1655-01	0.999239647868815	9.20222364975132e-09	0.999239647868815
TCGA-09-0364-01	0.917219133664571	9.20222364975132e-09	0.917219133664571
TCGA-09-0365-01	0.998437545249059	9.20222364975132e-09	0.998437545249059
TCGA-09-0366-01	2.43858925973329e-06	0.962956964135631	0.962959393522667
TCGA-09-0367-01	0.970012069728524	9.20222364975132e-09	0.970012069728524
TCGA-09-0369-01	0.118734230091866	0.0873708158489934	0.206105036738636
TCGA-09-1659-01	0.919573182095892	9.20222364975132e-09	0.919573182095892
TCGA-09-1661-01	0.999338038043778	9.20222364975132e-09	0.999338038043778
TCGA-09-1662-01	0.864316442679482	9.20222364975132e-09	0.864316442679482
TCGA-09-1665-01	0.100394446873985	9.20222364975132e-09	0.100394446873985
TCGA-09-1666-01	0.986910269402734	9.20222364975132e-09	0.986910269402734
TCGA-09-1667-01	1.28463041758025e-05	0.0390339185404626	0.0390467556424148
TCGA-09-1668-01	0.582676775382933	9.20222364975132e-09	0.582676775382933
TCGA-09-1669-01	4.80264050813133e-05	0.126168651342443	0.126216668545301
TCGA-09-1670-01	1	9.20222364975132e-09	1
TCGA-09-1672-01	1	9.20222364975132e-09	1
TCGA-09-1674-01	1.89565806605682e-06	0.266238853450052	0.266240739905895
TCGA-09-1675-01	0.561308402337818	9.20222364975132e-09	0.561308402337818
TCGA-09-2043-01	0.702180743874077	0.0422482184426052	0.744428953114459
TCGA-09-2044-01	0.73999492607794	9.20222364975132e-09	0.73999492607794
TCGA-09-2049-01	0.740129701845102	0.01258321260246	0.752712905245338
TCGA-09-2050-01	3.65328277778911e-05	0.429675921517805	0.42971244514336
TCGA-09-2051-01	0.0905076974438072	9.20222364975132e-09	0.0905076974438073
TCGA-09-2053-01	0.964818399132039	9.20222364975132e-09	0.964818399132039
TCGA-09-2054-01	8.37402349568789e-06	0.532830400524851	0.532838765346123
TCGA-09-2055-01	0.866599753617824	9.20222364975132e-09	0.866599753617824
TCGA-10-0925-01	0.949686998786512	9.20222364975132e-09	0.949686998786512
TCGA-10-0926-01	1	9.20222364975132e-09	1
TCGA-10-0927-01	0.999977601787705	9.20222364975132e-09	0.999977601787705
TCGA-10-0928-01	0.996637645522009	9.20222364975132e-09	0.996637645522009
TCGA-10-0930-01	0.000430139538746087	0.289199864539587	0.28962999487611
TCGA-10-0931-01	0.143839589340832	9.20222364975132e-09	0.143839589340833
TCGA-10-0933-01	0.364427260457446	9.20222364975132e-09	0.364427260457446
TCGA-10-0934-01	2.93090822349076e-05	0.50421546042217	0.504244760302182
TCGA-10-0935-01	1	9.20222364975132e-09	1
TCGA-10-0936-01	0.426010988724911	9.20222364975132e-09	0.426010988724911
TCGA-10-0937-01	0.569102547711988	9.20222364975132e-09	0.569102547711988
TCGA-10-0938-01	3.22077826757226e-07	0.378029876988264	0.378030189863867
TCGA-13-0714-01	0.332348032845718	9.20222364975132e-09	0.332348032845718
TCGA-13-0717-01	0.982731530453926	9.20222364975132e-09	0.982731530453926
TCGA-13-0720-01	0.129911922665028	9.20222364975132e-09	0.129911922665028
TCGA-13-0723-01	4.58270736357425e-06	0.663089918782739	0.663094492287879
TCGA-13-0724-01	0.000575129774128569	0.12529175304909	0.125866873620995
TCGA-13-0725-01	0.333180705252345	9.20222364975132e-09	0.333180705252345
TCGA-13-0726-01	1	9.20222364975132e-09	1
TCGA-13-0727-01	6.56118544222579e-06	0.00871945656599682	0.00872600854921546
TCGA-13-0730-01	2.40730169941973e-05	0.0337360143570148	0.0337600781717854
TCGA-13-0751-01	1	9.20222364975132e-09	1
TCGA-13-0755-01	0.716234655855747	9.20222364975132e-09	0.716234655855747
TCGA-13-0757-01	0.999977601787705	9.20222364975132e-09	0.999977601787705
TCGA-13-0758-01	0.414073082053918	9.20222364975132e-09	0.414073082053918
TCGA-13-0760-01	0.143993809406507	9.20222364975132e-09	0.143993809406507
TCGA-13-0761-01	0.336067010297942	9.20222364975132e-09	0.336067010297942
TCGA-13-0762-01	0.925524158887544	9.20222364975132e-09	0.925524158887544
TCGA-13-0764-01	0.79207152424629	9.20222364975132e-09	0.79207152424629
TCGA-13-0766-01	0.761234385172339	9.20222364975132e-09	0.761234385172339
TCGA-13-0768-01	3.06434046600447e-06	0.206101981600393	0.206105036738636
TCGA-13-0791-01	2.65024040303089e-06	0.352110231375465	0.352112872413645
TCGA-13-0791-02	3.74530501400546e-06	0.857116567704574	0.857120303807364
TCGA-13-0792-01	0.606517822724076	9.20222364975132e-09	0.606517822724076
TCGA-13-0793-01	0.980324486416768	9.20222364975132e-09	0.980324486416768
TCGA-13-0794-01	0.00114335788054091	0.475217965479091	0.476361314157408
TCGA-13-0795-01	9.06419026731052e-06	0.327237347901852	0.327246402889896
TCGA-13-0797-01	1	9.20222364975132e-09	1
TCGA-13-0799-01	0.737170772850683	9.20222364975132e-09	0.737170772850683
TCGA-13-0800-01	0.582557993080425	9.20222364975132e-09	0.582557993080425
TCGA-13-0801-01	6.10107426114403e-06	0.0791972535926793	0.0792033454647167
TCGA-13-0802-01	0.978076843297184	9.20222364975132e-09	0.978076843297184
TCGA-13-0803-01	0.874809600241879	9.20222364975132e-09	0.874809600241879
TCGA-13-0804-01	6.44155653514453e-08	0.35945401072337	0.359454065936711
TCGA-13-0805-01	0.614167189514007	0.384407468867014	0.998574649178798
TCGA-13-0807-01	0.965940113382622	0.0313094800102259	0.997249584190624
TCGA-13-0883-01	0.759609355300771	9.20222364975132e-09	0.759609355300771
TCGA-13-0884-01	1	9.20222364975132e-09	1
TCGA-13-0885-01	4.72626205207176e-05	0.030788348884309	0.0308356023026062
TCGA-13-0886-01	4.69313404703387e-07	0.065988510637315	0.0659889707484961
TCGA-13-0887-01	0.842278285788067	9.20222364975132e-09	0.842278285788067
TCGA-13-0888-01	0.914173280465822	0.0128824689146355	0.927055740178234
TCGA-13-0889-01	0.54290263917657	9.20222364975132e-09	0.54290263917657
TCGA-13-0890-01	1	9.20222364975132e-09	1
TCGA-13-0891-01	0.016524313328463	9.20222364975132e-09	0.0165243133284629
TCGA-13-0893-01	0.765740281575344	0.181052801926636	0.946793074299757
TCGA-13-0897-01	0.791623320742575	9.20222364975132e-09	0.791623320742575
TCGA-13-0899-01	0.852611002581619	9.20222364975132e-09	0.852611002581619
TCGA-13-0900-01	1	9.20222364975132e-09	1
TCGA-13-0901-01	0.725334808412971	0.18227305358776	0.907607852798507
TCGA-13-0903-01	0.00014841346256973	0.0647009355081758	0.0648493397685219
TCGA-13-0904-01	0.133978863799057	0.137892974403178	0.271871829000011
TCGA-13-0905-01	0.357172411398621	9.20222364975132e-09	0.357172411398621
TCGA-13-0906-01	0.900523585358957	9.20222364975132e-09	0.900523585358957
TCGA-13-0908-01	0.431466020876698	9.20222364975132e-09	0.431466020876698
TCGA-13-0910-01	1	9.20222364975132e-09	1
TCGA-13-0911-01	1	9.20222364975132e-09	1
TCGA-13-0912-01	5.5471003991216e-05	0.83087957420796	0.830935036009727
TCGA-13-0913-01	0.756897018292741	9.20222364975132e-09	0.756897018292741
TCGA-13-0913-02	0.756961875564827	9.20222364975132e-09	0.756961875564827
TCGA-13-0916-01	0.291102451880031	9.20222364975132e-09	0.291102451880031
TCGA-13-0919-01	0.936068085117661	9.20222364975132e-09	0.936068085117661
TCGA-13-0920-01	3.16556492584245e-06	0.17969604448031	0.179699200843012
TCGA-13-0921-01	1	9.20222364975132e-09	1
TCGA-13-0923-01	0.852529406464766	0.147470602737457	1
TCGA-13-0924-01	0.246082440862577	9.20222364975132e-09	0.246082440862577
TCGA-13-1403-01	0.000410041882356436	0.570206363637627	0.57061639631776
TCGA-13-1404-01	0.763734794970363	9.20222364975132e-09	0.763734794970363
TCGA-13-1405-01	1	9.20222364975132e-09	1
TCGA-13-1407-01	0.950825258635167	9.20222364975132e-09	0.950825258635167
TCGA-13-1408-01	0.726218157465083	0.130406652611374	0.856624800874233
TCGA-13-1409-01	0.602863003174942	9.20222364975132e-09	0.602863003174942
TCGA-13-1410-01	1	9.20222364975132e-09	1
TCGA-13-1411-01	1	9.20222364975132e-09	1
TCGA-13-1412-01	0.199931817044298	9.20222364975132e-09	0.199931817044298
TCGA-13-1481-01	0.562317978291347	0.0165243133284629	0.578842282417587
TCGA-13-1482-01	0.777748916537092	9.20222364975132e-09	0.777748916537092
TCGA-13-1483-01	0.954257632832695	9.20222364975132e-09	0.954257632832695
TCGA-13-1484-01	1	9.20222364975132e-09	1
TCGA-13-1485-01	1.31591797789381e-06	0.0442412268323553	0.0442425335481096
TCGA-13-1487-01	8.3510179366338e-05	0.0414093529394806	0.0414928539166233
TCGA-13-1488-01	0.406412580573405	9.20222364975132e-09	0.406412580573405
TCGA-13-1489-01	0.333180705252345	9.20222364975132e-09	0.333180705252345
TCGA-13-1489-02	0.44290799211005	9.20222364975132e-09	0.44290799211005
TCGA-13-1491-01	1	9.20222364975132e-09	1
TCGA-13-1492-01	5.88942311784643e-07	0.333180125512257	0.333180705252345
TCGA-13-1494-01	0.871090981676376	0.0165243133284629	0.887615285802615
TCGA-13-1495-01	0.988902127514532	9.20222364975132e-09	0.988902127514532
TCGA-13-1496-01	6.84645437449647e-06	0.210685277906279	0.21069211515843
TCGA-13-1497-01	0.779275997940432	9.20222364975132e-09	0.779275997940432
TCGA-13-1498-01	0.000660360769312152	0.182488578867202	0.183148930434291
TCGA-13-1499-01	0.251940944509055	9.20222364975132e-09	0.251940944509055
TCGA-13-1501-01	0.775942262377904	9.20222364975132e-09	0.775942262377904
TCGA-13-1504-01	5.3833008186565e-06	0.171733608840547	0.171738982939142
TCGA-13-1505-01	0.0100095346999611	0.918646702221666	0.928656227719404
TCGA-13-1506-01	1	9.20222364975132e-09	1
TCGA-13-1507-01	0.0187403560121306	9.20222364975132e-09	0.0187403560121306
TCGA-13-1509-01	0.00123463473664391	0.414101710171605	0.415336335706025
TCGA-13-1510-01	0.271871829000011	9.20222364975132e-09	0.271871829000011
TCGA-13-1511-01	0.224586239729134	9.20222364975132e-09	0.224586239729134
TCGA-13-1512-01	1	9.20222364975132e-09	1
TCGA-13-1817-01	0.910452407355532	9.20222364975132e-09	0.910452407355532
TCGA-13-1817-02	0.910452407355532	9.20222364975132e-09	0.910452407355532
TCGA-13-1819-01	0.888830779914126	9.20222364975132e-09	0.888830779914126
TCGA-13-1819-02	0.893923226050774	9.20222364975132e-09	0.893923226050774
TCGA-13-2057-01	9.25743696336485e-06	0.098064416246316	0.0980736644810557
TCGA-13-2059-01	0.86484534968436	0.0313094800102259	0.896154820492362
TCGA-13-2060-01	8.32801237757971e-06	0.0499075328362716	0.0499158516464255
TCGA-13-2061-01	0.14750643619624	9.20222364975132e-09	0.14750643619624
TCGA-13-2065-01	0.189777632591228	9.20222364975132e-09	0.189777632591228
TCGA-13-2071-01	0.978679202451009	9.20222364975132e-09	0.978679202451009
TCGA-13-A5FT-01	0.924928186076912	9.20222364975132e-09	0.924928186076912
TCGA-20-0987-01	0.713854693962707	0.00677772296626644	0.72063240772675
TCGA-20-0990-01	0.853649602348452	0.0541426722136567	0.907792265359885
TCGA-20-0991-01	1.56437801567796e-07	0.0313094800102259	0.0313096272458038
TCGA-20-0996-01	1.80363582984047e-05	0.429445709489463	0.429463736645537
TCGA-20-1682-01	0.0240178036524675	9.20222364975132e-09	0.0240178036524674
TCGA-20-1683-01	0.917015396433588	0.0829845759597411	0.999999963191106
TCGA-20-1684-01	0.458075419161056	0.541902191828873	0.999977601787705
TCGA-20-1685-01	0.0671803734385655	9.20222364975132e-09	0.0671803734385655
TCGA-20-1686-01	0.333180705252345	9.20222364975132e-09	0.333180705252345
TCGA-20-1687-01	0.877099739230148	9.20222364975132e-09	0.877099739230148
TCGA-23-1021-01	1	9.20222364975132e-09	1
TCGA-23-1022-01	0.370569201793694	9.20222364975132e-09	0.370569201793694
TCGA-23-1023-01	0.520065103523589	0.287782565664054	0.80784765998542
TCGA-23-1024-01	0.999999972393329	9.20222364975132e-09	0.999999972393329
TCGA-23-1026-01	0.357281706208576	9.20222364975132e-09	0.357281706208576
TCGA-23-1027-01	0.805291254656659	9.20222364975132e-09	0.805291254656659
TCGA-23-1028-01	0.915348128355597	0.0793298392306198	0.994677958383993
TCGA-23-1030-01	0.94496497895953	9.20222364975132e-09	0.94496497895953
TCGA-23-1031-01	0.272431940745189	9.20222364975132e-09	0.272431940745189
TCGA-23-1032-01	2.1533203274626e-06	0.039231977999471	0.0392341221175748
TCGA-23-1109-01	0.975963727484724	9.20222364975132e-09	0.975963727484724
TCGA-23-1110-01	0.383311806111504	9.20222364975132e-09	0.383311806111504
TCGA-23-1111-01	9.06419026731052e-06	0.327237347901852	0.327246402889896
TCGA-23-1113-01	1	9.20222364975132e-09	1
TCGA-23-1114-01	9.06419026731052e-06	0.327237347901852	0.327246402889896
TCGA-23-1116-01	8.37402349568789e-07	0.135864160161316	0.135864988361442
TCGA-23-1117-01	0.127988188614702	9.20222364975132e-09	0.127988188614702
TCGA-23-1118-01	0.783470951207261	9.20222364975132e-09	0.783470951207261
TCGA-23-1119-01	0.0178388049616954	9.20222364975132e-09	0.0178388049616954
TCGA-23-1120-01	0.817792567468886	9.20222364975132e-09	0.817792567468886
TCGA-23-1121-01	1.86805139519191e-06	0.00135711633304791	0.00135897518221939
TCGA-23-1122-01	0.23686834637247	9.20222364975132e-09	0.23686834637247
TCGA-23-1123-01	1	9.20222364975132e-09	1
TCGA-23-1124-01	0.0375165454830439	9.20222364975132e-09	0.037516545483044
TCGA-23-1809-01	0.145263486210703	9.20222364975132e-09	0.145263486210703
TCGA-23-2072-01	1	9.20222364975132e-09	1
TCGA-23-2077-01	0.437208613314438	0.156420216118455	0.593628820230669
TCGA-23-2078-01	1	9.20222364975132e-09	1
TCGA-23-2079-01	0.0776305658188722	9.20222364975132e-09	0.0776305658188723
TCGA-23-2081-01	0.523633136901748	9.20222364975132e-09	0.523633136901748
TCGA-23-2084-01	0.999977601787705	9.20222364975132e-09	0.999977601787705
TCGA-23-2641-01	0.285871687120127	9.20222364975132e-09	0.285871687120127
TCGA-23-2643-01	0.00190024077342039	0.0789699034558832	0.0808701350270798
TCGA-23-2645-01	0.444579309166435	0.00914341221046922	0.453722712174681
TCGA-24-0966-01	0.779631222176674	9.20222364975132e-09	0.779631222176674
TCGA-24-0968-01	0.00851235132116831	0.571107279734632	0.579619621853577
TCGA-24-0970-01	1	9.20222364975132e-09	1
TCGA-24-0975-01	0.539251454505766	6.69553790709765e-05	0.539318400682614
TCGA-24-0979-01	0.429582564959164	0.161462206462985	0.591044762219925
TCGA-24-0980-01	0.683912379113724	9.20222364975132e-09	0.683912379113724
TCGA-24-0982-01	0.993853209091904	9.20222364975132e-09	0.993853209091904
TCGA-24-1103-01	0.925740733220479	9.20222364975132e-09	0.925740733220479
TCGA-24-1104-01	1	9.20222364975132e-09	1
TCGA-24-1105-01	0.999977601787705	9.20222364975132e-09	0.999977601787705
TCGA-24-1413-01	0.964178338468036	9.20222364975132e-09	0.964178338468036
TCGA-24-1416-01	1	9.20222364975132e-09	1
TCGA-24-1417-01	0.981630383173138	9.20222364975132e-09	0.981630383173138
TCGA-24-1418-01	2.39257814162511e-06	0.40015028335441	0.400152666730328
TCGA-24-1419-01	0.00252274359475314	0.142738791744542	0.145261526137071
TCGA-24-1422-01	0.0634364395558797	9.20222364975132e-09	0.0634364395558797
TCGA-24-1423-01	0.285949924425358	9.20222364975132e-09	0.285949924425358
TCGA-24-1424-01	0.395322079069057	9.20222364975132e-09	0.395322079069057
TCGA-24-1425-01	0.900931050618699	9.20222364975132e-09	0.900931050618699
TCGA-24-1426-01	1	9.20222364975132e-09	1
TCGA-24-1427-01	0.999977601787705	9.20222364975132e-09	0.999977601787705
TCGA-24-1428-01	0.964226208435316	9.20222364975132e-09	0.964226208435316
TCGA-24-1430-01	0.347077829747949	9.20222364975132e-09	0.347077829747949
TCGA-24-1431-01	0.00179517898633219	0.611361854834057	0.613157024618166
TCGA-24-1434-01	1	9.20222364975132e-09	1
TCGA-24-1435-01	0.779815975220326	9.20222364975132e-09	0.779815975220326
TCGA-24-1436-01	0.00320878777019327	0.076079061714041	0.0792878402820106
TCGA-24-1463-01	0.153584624527237	9.20222364975132e-09	0.153584624527237
TCGA-24-1464-01	6.78203880914503e-05	0.225697270198092	0.22576508138396
TCGA-24-1466-01	0.909565846727377	9.20222364975132e-09	0.909565846727377
TCGA-24-1467-01	1	9.20222364975132e-09	1
TCGA-24-1469-01	0.00364104382037234	0.076079061714041	0.0797200963321897
TCGA-24-1470-01	2.94471155892321e-07	0.208280368785001	0.208280654053933
TCGA-24-1471-01	1	9.20222364975132e-09	1
TCGA-24-1474-01	9.78748504397103e-05	0.0670291256911204	0.0671269913393364
TCGA-24-1544-01	9.53626433910039e-05	0.173422391717366	0.173517745158533
TCGA-24-1545-01	0.96472205185072	9.20222364975132e-09	0.96472205185072
TCGA-24-1546-01	0.983521753002987	9.20222364975132e-09	0.983521753002987
TCGA-24-1548-01	0.000631051687077245	0.023671119079746	0.0243021615645996
TCGA-24-1549-01	0.000208430365030034	0.116702922047402	0.116911343210209
TCGA-24-1550-01	0.424093558197766	9.20222364975132e-09	0.424093558197766
TCGA-24-1551-01	0.0844994828212291	9.20222364975132e-09	0.0844994828212291
TCGA-24-1552-01	1	9.20222364975132e-09	1
TCGA-24-1553-01	0.832741993842295	0.166497663228743	0.999239647868815
TCGA-24-1555-01	0.602933455398989	0.124058342208188	0.726991788404953
TCGA-24-1556-01	0.905273690372432	9.20222364975132e-09	0.905273690372432
TCGA-24-1557-01	0.743814750698833	9.20222364975132e-09	0.743814750698833
TCGA-24-1558-01	0.929485844987789	9.20222364975132e-09	0.929485844987789
TCGA-24-1560-01	1	9.20222364975132e-09	1
TCGA-24-1562-01	0.916370412579948	9.20222364975132e-09	0.916370412579948
TCGA-24-1563-01	0.260257040007044	9.20222364975132e-09	0.260257040007045
TCGA-24-1564-01	0.570975356656792	9.20222364975132e-09	0.570975356656792
TCGA-24-1567-01	0.564590743481419	9.20222364975132e-09	0.564590743481419
TCGA-24-1603-01	0.796457745731095	9.20222364975132e-09	0.796457745731095
TCGA-24-1604-01	0.800787750831796	9.20222364975132e-09	0.800787750831796
TCGA-24-1614-01	0.248099927167161	0.0900948212765753	0.338194739241512
TCGA-24-1616-01	0.377024543259823	9.20222364975132e-09	0.377024543259823
TCGA-24-1842-01	0.999276548785538	9.20222364975132e-09	0.999276548785538
TCGA-24-1843-01	0.00205139649862937	0.143427246902571	0.145478634198976
TCGA-24-1844-01	0.451588026350052	0.163783853864934	0.615371871012763
TCGA-24-1845-01	0.791544807370635	9.20222364975132e-09	0.791544807370635
TCGA-24-1846-01	0.266959856873031	9.20222364975132e-09	0.266959856873031
TCGA-24-1847-01	0.950520223326557	0.0109030522091746	0.961423266333507
TCGA-24-1849-01	0.445269117051337	9.20222364975132e-09	0.445269117051337
TCGA-24-1850-01	0.0129375718296819	9.20222364975132e-09	0.0129375718296819
TCGA-24-1852-01	3.83732725022181e-06	0.117938292961936	0.117942121086963
TCGA-24-1852-02	0.780709437516198	0.111468991722572	0.892178420036546
TCGA-24-1920-01	8.43659861631501e-05	0.158711164902403	0.158795521686342
TCGA-24-1923-01	1	9.20222364975132e-09	1
TCGA-24-1924-01	0.321587016958143	0.189012854190481	0.510599861946401
TCGA-24-1927-01	0.705485786903353	9.20222364975132e-09	0.705485786903353
TCGA-24-1928-01	6.84645437449647e-06	0.210685277906279	0.21069211515843
TCGA-24-1930-01	0.00285377518509422	0.987945418335708	0.990799184318579
TCGA-24-2019-01	1	9.20222364975132e-09	1
TCGA-24-2020-01	0.172739899600243	9.20222364975132e-09	0.172739899600243
TCGA-24-2023-01	0.961360065461674	9.20222364975132e-09	0.961360065461674
TCGA-24-2024-01	0.262735566917296	0.024235730712275	0.286971288427347
TCGA-24-2026-01	6.62099989576641e-05	0.148663698636673	0.148729899433407
TCGA-24-2027-01	3.28243316583722e-05	0.608137386474813	0.608170201604248
TCGA-24-2029-01	7.7206656185518e-06	0.659548976750922	0.659556688214317
TCGA-24-2030-01	0.410823464017516	0.576312407099527	0.987135861914819
TCGA-24-2035-01	0.00164689435489316	0.0629492554329031	0.0645961405855726
TCGA-24-2254-01	0.20131183771194	0.375026722107119	0.576338550616836
TCGA-24-2260-01	6.84645437449647e-06	0.210685277906279	0.21069211515843
TCGA-24-2261-01	1.91406251330009e-06	0.332353572584338	0.332355477444628
TCGA-24-2262-01	0.87868905527184	0.113364300104131	0.992053346173748
TCGA-24-2267-01	0.831733752211191	9.20222364975132e-09	0.831733752211191
TCGA-24-2271-01	1	9.20222364975132e-09	1
TCGA-24-2280-01	0.315880322394751	0.0165243133284629	0.332404626520991
TCGA-24-2288-01	4.82932695663407e-05	0.548334757791539	0.548383041858882
TCGA-24-2289-01	0.108862701139558	9.20222364975132e-09	0.108862701139558
TCGA-24-2290-01	2.37417369438184e-06	0.0440522867769558	0.0440546517484266
TCGA-24-2293-01	1	9.20222364975132e-09	1
TCGA-24-2295-01	1	9.20222364975132e-09	1
TCGA-24-2297-01	0.750911293904695	9.20222364975132e-09	0.750911293904695
TCGA-24-2298-01	1	9.20222364975132e-09	1
TCGA-25-1313-01	0.676712513341039	0.153397708961034	0.830110213099849
TCGA-25-1314-01	0.725601323213501	0.222050677436876	0.947651991448153
TCGA-25-1315-01	0.875919268781741	0.124058342208188	0.999977601787705
TCGA-25-1316-01	1	9.20222364975132e-09	1
TCGA-25-1317-01	0.865559009732888	9.20222364975132e-09	0.865559009732888
TCGA-25-1318-01	1	9.20222364975132e-09	1
TCGA-25-1319-01	3.45635519228612e-05	0.372629754504827	0.372664308854526
TCGA-25-1320-01	1	9.20222364975132e-09	1
TCGA-25-1321-01	0.967037671796198	9.20222364975132e-09	0.967037671796198
TCGA-25-1322-01	1	9.20222364975132e-09	1
TCGA-25-1323-01	0.937854512789329	9.20222364975132e-09	0.937854512789329
TCGA-25-1329-01	1	9.20222364975132e-09	1
TCGA-25-1625-01	0.128829962020491	9.20222364975132e-09	0.128829962020491
TCGA-25-1626-01	1	9.20222364975132e-09	1
TCGA-25-1627-01	2.57662261405781e-07	0.0932133168285931	0.0932135652886309
TCGA-25-1628-01	1	9.20222364975132e-09	1
TCGA-25-1630-01	0.224764726058499	9.20222364975132e-09	0.224764726058499
TCGA-25-1632-01	0.225295455103653	9.20222364975132e-09	0.225295455103653
TCGA-25-1633-01	0.00155151330705491	0.076079061714041	0.0776305658188723
TCGA-25-1634-01	0.880113007355052	0.0896634118309695	0.969776409983798
TCGA-25-1635-01	0.304564881736197	0.695435127466027	1
TCGA-25-1870-01	1.32327975679112e-05	0.968065698208089	0.968078921803433
TCGA-25-1871-01	2.05853742415976e-05	0.0447963693767777	0.0448169455487957
TCGA-25-1877-01	0.00012646615923213	0.0424459558237869	0.0425724127807954
TCGA-25-1878-01	0.0233616114904559	0.0074033913525251	0.0307649936407574
TCGA-25-2042-01	1	9.20222364975132e-09	1
TCGA-25-2391-01	0.962959393522667	9.20222364975132e-09	0.962959393522667
TCGA-25-2392-01	1.44198844151021e-05	0.922101870327105	0.922116281009297
TCGA-25-2393-01	0.00305620570032294	0.123427557385596	0.126483753883695
TCGA-25-2396-01	1.64719802827267e-06	0.503793667300249	0.503795305296054
TCGA-25-2397-01	0.81250183181764	0.187498177384584	1
TCGA-25-2398-01	0.972840179911938	9.20222364975132e-09	0.972840179911938
TCGA-25-2399-01	6.84645437449647e-06	0.210685277906279	0.21069211515843
TCGA-25-2400-01	9.57031256650044e-06	0.990909693822051	0.990919254932394
TCGA-25-2401-01	0.991933183537697	9.20222364975132e-09	0.991933183537697
TCGA-25-2404-01	0.50689748530559	9.20222364975132e-09	0.50689748530559
TCGA-25-2408-01	3.46003608173478e-06	0.709414483031914	0.709417933865772
TCGA-29-1688-01	0.988814549952325	9.20222364975132e-09	0.988814549952325
TCGA-29-1690-01	1.93246696054336e-06	0.331274492235794	0.331276415500531
TCGA-29-1691-01	0.0272606120433899	0.112962632245271	0.140223235086437
TCGA-29-1692-01	1	9.20222364975132e-09	1
TCGA-29-1692-02	0.887174572908928	9.20222364975132e-09	0.887174572908928
TCGA-29-1693-01	0.918686244176568	9.20222364975132e-09	0.918686244176568
TCGA-29-1694-01	1	9.20222364975132e-09	1
TCGA-29-1695-01	1.79443360621883e-06	0.0128824689146355	0.0128842541460181
TCGA-29-1696-01	0.634911090461935	9.20222364975132e-09	0.634911090461935
TCGA-29-1697-01	0.0776679912623414	0.922332017939882	1
TCGA-29-1698-01	9.72859081279257e-05	0.155618794463247	0.155716071169151
TCGA-29-1699-01	0.114190383718646	0.463840234968842	0.578030609485264
TCGA-29-1701-01	1.29659330828838e-05	0.07058326371161	0.0705962204424693
TCGA-29-1702-01	3.48948319732401e-05	0.25383271003452	0.253867595664269
TCGA-29-1703-01	1.96743541030557e-05	0.168948675490366	0.168968340642245
TCGA-29-1704-01	0.850403757223734	9.20222364975132e-09	0.850403757223734
TCGA-29-1704-02	0.850173637217628	9.20222364975132e-09	0.850173637217628
TCGA-29-1705-01	0.947146991820245	9.20222364975132e-09	0.947146991820245
TCGA-29-1705-02	0.752712905245338	9.20222364975132e-09	0.752712905245338
TCGA-29-1707-01	0.957144259956118	9.20222364975132e-09	0.957144259956118
TCGA-29-1707-02	0.957153268933044	9.20222364975132e-09	0.957153268933044
TCGA-29-1710-01	1.26990685978564e-06	0.187562316883227	0.187563577587863
TCGA-29-1710-02	0.00128676533346047	0.117858601705373	0.11914535783661
TCGA-29-1711-01	0.705703263054203	0.0498327279604512	0.755535981812431
TCGA-29-1761-01	4.24222508957375e-06	0.135838393935175	0.135842626958041
TCGA-29-1762-01	0.95237364318619	9.20222364975132e-09	0.95237364318619
TCGA-29-1763-01	0.973289984602563	9.20222364975132e-09	0.973289984602563
TCGA-29-1764-01	0.969919016843262	9.20222364975132e-09	0.969919016843262
TCGA-29-1766-01	0.660769504478754	9.20222364975132e-09	0.660769504478754
TCGA-29-1768-01	0.920901624300135	9.20222364975132e-09	0.920901624300135
TCGA-29-1769-01	2.80667820459869e-05	0.147478378616418	0.14750643619624
TCGA-29-1770-01	0.555397114736646	9.20222364975132e-09	0.555397114736646
TCGA-29-1770-02	0.945407688735743	9.20222364975132e-09	0.945407688735743
TCGA-29-1771-01	0.752193577755251	9.20222364975132e-09	0.752193577755251
TCGA-29-1774-01	0.00109794490696814	0.603094512716815	0.60419244842156
TCGA-29-1775-01	0.773494102805604	9.20222364975132e-09	0.773494102805604
TCGA-29-1776-01	0.554954009264817	9.20222364975132e-09	0.554954009264817
TCGA-29-1777-01	0.392741471892171	9.20222364975132e-09	0.392741471892171
TCGA-29-1778-01	0.000553559761959456	0.0367373564001056	0.0372909069598414
TCGA-29-1781-01	0.970996385578213	9.20222364975132e-09	0.970996385578213
TCGA-29-1784-01	0.877524541479193	9.20222364975132e-09	0.877524541479193
TCGA-29-1785-01	0.615822513105738	9.20222364975132e-09	0.615822513105738
TCGA-29-2425-01	0.527122932974675	9.20222364975132e-09	0.527122932974675
TCGA-29-2427-01	0.947146991820245	9.20222364975132e-09	0.947146991820245
TCGA-29-2428-01	1	9.20222364975132e-09	1
TCGA-29-2429-01	0.0238243913163879	9.20222364975132e-09	0.0238243913163879
TCGA-29-2431-01	9.06419026731052e-06	0.327237347901852	0.327246402889896
TCGA-29-2432-01	0.991168598383646	9.20222364975132e-09	0.991168598383646
TCGA-29-2434-01	0.999169968631552	9.20222364975132e-09	0.999169968631552
TCGA-29-2436-01	0.753274204077364	0.111942528947918	0.865216723823058
TCGA-29-A5NZ-01	0.000434032079338038	0.0996301469888663	0.100064169865981
TCGA-30-1714-01	0.353460298805219	0.00321451155328589	0.356674801156281
TCGA-30-1718-01	0.659556688214317	9.20222364975132e-09	0.659556688214317
TCGA-30-1853-01	1	9.20222364975132e-09	1
TCGA-30-1855-01	0.236933047206754	9.20222364975132e-09	0.236933047206754
TCGA-30-1856-01	0.0110943296293739	0.076079061714041	0.0871733821411912
TCGA-30-1857-01	0.813589203369667	9.20222364975132e-09	0.813589203369667
TCGA-30-1859-01	0.611292460865727	9.20222364975132e-09	0.611292460865727
TCGA-30-1860-01	0.535060467397318	9.20222364975132e-09	0.535060467397318
TCGA-30-1861-01	0.969923038214985	9.20222364975132e-09	0.969923038214985
TCGA-30-1862-01	5.52133417298103e-06	0.111735202849722	0.111740714981672
TCGA-30-1866-01	0.00113217717884062	0.203911686738419	0.205043854715036
TCGA-30-1867-01	2.521409272328e-06	0.599794300854941	0.59979681306199
TCGA-30-1880-01	1	9.20222364975132e-09	1
TCGA-30-1887-01	3.37721606914006e-06	0.0354831025227004	0.0354864705365459
TCGA-30-1892-01	0.783545277567453	9.20222364975132e-09	0.783545277567453
TCGA-31-1944-01	0.44289020421179	0.128118924605694	0.57100911961526
TCGA-31-1946-01	0.799149276511517	9.20222364975132e-09	0.799149276511517
TCGA-31-1950-01	0.000253650091906748	0.71629602548508	0.716549666374763
TCGA-31-1951-01	0.997249584190624	9.20222364975132e-09	0.997249584190624
TCGA-31-1953-01	0.512519482602768	9.20222364975132e-09	0.512519482602768
TCGA-31-1955-01	0.297786717063196	9.20222364975132e-09	0.297786717063196
TCGA-31-1956-01	0.785422531186267	9.20222364975132e-09	0.785422531186267
TCGA-31-1959-01	0.4296701149147	0.0809297562339245	0.510599861946401
TCGA-36-1568-01	0.384661661890114	0.0165555548776584	0.401217207565549
TCGA-36-1569-01	0.327246402889896	9.20222364975132e-09	0.327246402889896
TCGA-36-1570-01	0.961456293114086	9.20222364975132e-09	0.961456293114086
TCGA-36-1571-01	1	9.20222364975132e-09	1
TCGA-36-1574-01	0.78396212909529	9.20222364975132e-09	0.78396212909529
TCGA-36-1575-01	5.24526746433197e-07	0.137892974403178	0.1378934897277
TCGA-36-1576-01	0.865654814083013	9.20222364975132e-09	0.865654814083013
TCGA-36-1577-01	4.63792070530406e-06	0.068017711372569	0.0680223400910507
TCGA-36-1578-01	0.0142747745508125	0.105927191804257	0.120201957152846
TCGA-36-1580-01	0.94496497895953	9.20222364975132e-09	0.94496497895953
TCGA-36-1581-01	0.00282124532459174	0.0648214846376193	0.0676427207599873
TCGA-36-2529-01	0.000124809758980236	0.177848155157073	0.17797295571383
TCGA-36-2530-01	0.133006906535693	9.20222364975132e-09	0.133006906535692
TCGA-36-2532-01	0.954761436171532	9.20222364975132e-09	0.954761436171532
TCGA-36-2533-01	0.252184177683822	9.20222364975132e-09	0.252184177683822
TCGA-36-2534-01	0.0163629799439285	0.759579291636199	0.775942262377904
TCGA-36-2537-01	0.19877441657051	9.20222364975132e-09	0.19877441657051
TCGA-36-2538-01	0.889011594406068	9.20222364975132e-09	0.889011594406068
TCGA-36-2540-01	4.20541619508721e-06	0.272177103566435	0.272181299780406
TCGA-36-2542-01	0.785757814203921	9.20222364975132e-09	0.785757814203921
TCGA-36-2543-01	0.96856186370132	0.023671119079746	0.992232973578842
TCGA-36-2544-01	0.586525485783775	9.20222364975132e-09	0.586525485783775
TCGA-36-2545-01	0.818504064994864	9.20222364975132e-09	0.818504064994864
TCGA-36-2547-01	0.809559936139145	0.00677772296626644	0.816337649903188
TCGA-36-2548-01	1	9.20222364975132e-09	1
TCGA-36-2549-01	0.91552805943407	0.039231977999471	0.954760028231318
TCGA-36-2551-01	2.02448919675971e-07	0.0512873878638884	0.0512875811105845
TCGA-36-2552-01	0.718777239444628	9.20222364975132e-09	0.718777239444629
TCGA-3P-A9WA-01	0.782403962580556	0.0914820104764187	0.873885963854751
TCGA-42-2582-01	0.586725716967558	9.20222364975132e-09	0.586725716967558
TCGA-42-2587-01	0.00117345835400728	0.0764571166670885	0.0776305658188723
TCGA-42-2588-01	0.721403958964082	9.20222364975132e-09	0.721403958964082
TCGA-42-2589-01	0.930001040679469	9.20222364975132e-09	0.930001040679469
TCGA-42-2590-01	0.932632195670709	9.20222364975132e-09	0.932632195670709
TCGA-42-2591-01	0.798005734586503	9.20222364975132e-09	0.798005734586503
TCGA-42-2593-01	4.68393182341224e-06	0.00695042109697375	0.0069550958265735
TCGA-57-1582-01	0.820912130478844	9.20222364975132e-09	0.820912130478844
TCGA-57-1583-01	0.962067458795916	9.20222364975132e-09	0.962067458795916
TCGA-57-1584-01	0.987919357638412	9.20222364975132e-09	0.987919357638412
TCGA-57-1585-01	0.0546641990351892	9.20222364975132e-09	0.0546641990351892
TCGA-57-1586-01	0.986149006251411	9.20222364975132e-09	0.986149006251411
TCGA-57-1992-01	1.40794021411016e-06	0.198293812037423	0.198295210775414
TCGA-57-1993-01	4.1502028533574e-06	0.0414887129159935	0.0414928539166233
TCGA-57-1994-01	0.00242016640804277	0.16992657739019	0.172346734596009
TCGA-59-2348-01	0.69079031429523	9.20222364975132e-09	0.69079031429523
TCGA-59-2350-01	1	9.20222364975132e-09	1
TCGA-59-2351-01	0.631502798483624	9.20222364975132e-09	0.631502798483624
TCGA-59-2352-01	1.47235577946161e-06	0.0795263343116125	0.0795277974651684
TCGA-59-2354-01	5.24526746433197e-07	0.137892974403178	0.1378934897277
TCGA-59-2355-01	0.969518379633447	9.20222364975132e-09	0.969518379633447
TCGA-59-2363-01	0.180449264888188	0.0696528176790028	0.250102073364967
TCGA-59-2372-01	0.948167003095361	9.20222364975132e-09	0.948167003095361
TCGA-59-A5PD-01	0.984890988664544	9.20222364975132e-09	0.984890988664544
TCGA-5X-AA5U-01	0.89982700463747	9.20222364975132e-09	0.89982700463747
TCGA-61-1722-01	0.000157551270626014	0.623250281148637	0.623407823217039
TCGA-61-1724-01	0.914738002525035	0.0852620066771886	1
TCGA-61-1725-01	0.81893283340229	9.20222364975132e-09	0.81893283340229
TCGA-61-1727-01	0.695562872734342	9.20222364975132e-09	0.695562872734342
TCGA-61-1728-01	3.55205831795113e-06	0.66487284960943	0.664876392465525
TCGA-61-1730-01	0.415810213413645	0.452100811059144	0.867911015270566
TCGA-61-1733-01	1	9.20222364975132e-09	1
TCGA-61-1734-01	0.972401316665198	9.20222364975132e-09	0.972401316665198
TCGA-61-1736-01	1	9.20222364975132e-09	1
TCGA-61-1737-01	0.76935760206322	9.20222364975132e-09	0.76935760206322
TCGA-61-1738-01	1.47235577946161e-06	0.125670765033394	0.12567222818695
TCGA-61-1740-01	1	9.20222364975132e-09	1
TCGA-61-1741-01	0.000855558336774275	0.471342393787498	0.472197942922049
TCGA-61-1743-01	5.88942311784643e-07	0.333180125512257	0.333180705252345
TCGA-61-1895-01	0.399776903130962	9.20222364975132e-09	0.399776903130962
TCGA-61-1899-01	0.91519769040383	9.20222364975132e-09	0.91519769040383
TCGA-61-1900-01	0.428351675527534	9.20222364975132e-09	0.428351675527534
TCGA-61-1901-01	0.358220406635771	9.20222364975132e-09	0.358220406635771
TCGA-61-1903-01	0.949686998786512	9.20222364975132e-09	0.949686998786512
TCGA-61-1904-01	1	9.20222364975132e-09	1
TCGA-61-1906-01	0.845212405587601	9.20222364975132e-09	0.845212405587601
TCGA-61-1907-01	0.000106506536196804	0.582712222348323	0.582818719682296
TCGA-61-1910-01	0.993491837770282	9.20222364975132e-09	0.993491837770282
TCGA-61-1911-01	0.000188351113087626	0.076079061714041	0.0762674036249049
TCGA-61-1913-01	0.83625310226513	9.20222364975132e-09	0.83625310226513
TCGA-61-1914-01	0.331276415500531	9.20222364975132e-09	0.331276415500531
TCGA-61-1915-01	0.0260966227774893	0.176534694172886	0.202631307748152
TCGA-61-1916-02	7.7206656185518e-06	0.0557902015219797	0.0557979129853746
TCGA-61-1917-01	0.000381662224707313	0.0643881243206056	0.0647697773430893
TCGA-61-1918-01	0.900862052345984	9.20222364975132e-09	0.900862052345984
TCGA-61-1919-01	0.64629285154613	0.353707139251646	0.999999981595553
TCGA-61-1995-01	1	9.20222364975132e-09	1
TCGA-61-1998-01	0.994569473369717	9.20222364975132e-09	0.994569473369717
TCGA-61-2000-01	0.507221109105916	0.198826795627365	0.706047895531057
TCGA-61-2002-01	0.714953144991975	9.20222364975132e-09	0.714953144991975
TCGA-61-2003-01	0.744415904361364	9.20222364975132e-09	0.744415904361364
TCGA-61-2008-01	0.788110785975079	9.20222364975132e-09	0.788110785975079
TCGA-61-2008-02	0.599738130481954	9.20222364975132e-09	0.599738130481954
TCGA-61-2009-01	5.74218753990027e-06	0.953472195439917	0.953477928425233
TCGA-61-2012-01	0.453763662069797	0.531548420347673	0.985312073215247
TCGA-61-2016-01	0.00137743484280444	0.593410276621879	0.59478770226246
TCGA-61-2018-01	2.1533203274626e-06	0.039231977999471	0.0392341221175748
TCGA-61-2087-01	0.343954650264108	9.20222364975132e-09	0.343954650264108
TCGA-61-2088-01	6.4599609823878e-06	0.136233850293091	0.13624030105185
TCGA-61-2095-02	0.000302697943810063	0.0126206748548237	0.0129233635964101
TCGA-61-2096-01	0.775853810604453	9.20222364975132e-09	0.775853810604453
TCGA-61-2097-01	0.947050920605635	9.20222364975132e-09	0.947050920605635
TCGA-61-2098-01	0.00014503624650059	0.0774855387745953	0.0776305658188723
TCGA-61-2101-01	0.413876007232837	9.20222364975132e-09	0.413876007232837
TCGA-61-2102-01	0.595869368435841	0.375852713699397	0.971722072933015
TCGA-61-2104-01	0.822014041544193	9.20222364975132e-09	0.822014041544193
TCGA-61-2109-01	0.172123553066514	9.20222364975132e-09	0.172123553066514
TCGA-61-2110-01	1	9.20222364975132e-09	1
TCGA-61-2113-01	5.62255863281901e-06	0.0659533121319622	0.0659589254883715
TCGA-61-2610-02	0.0145299338073932	0.195654163393781	0.21018408799895
TCGA-61-2611-02	3.06434046600447e-06	0.206101981600393	0.206105036738636
TCGA-61-2612-01	0.99920490027242	9.20222364975132e-09	0.99920490027242
TCGA-61-2613-01	0.841370504832239	9.20222364975132e-09	0.84137050483224
TCGA-61-2614-01	0.774026865542179	9.20222364975132e-09	0.774026865542179
TCGA-72-4231-01	0.0633501963160977	9.20222364975132e-09	0.0633501963160977
TCGA-72-4232-01	1	9.20222364975132e-09	1
TCGA-72-4233-01	0.00116598614842651	0.543122056996604	0.544288033942807
TCGA-72-4234-01	1.2984337530127e-05	0.632929925333986	0.632942900469292
TCGA-72-4235-01	0.880365332326757	9.20222364975132e-09	0.880365332326757
TCGA-72-4236-01	0.347077829747949	9.20222364975132e-09	0.347077829747949
TCGA-72-4237-01	1	9.20222364975132e-09	1
TCGA-72-4238-01	0.91640390867393	9.20222364975132e-09	0.91640390867393
TCGA-72-4240-01	1	9.20222364975132e-09	1
TCGA-72-4241-01	0.155336773915914	9.20222364975132e-09	0.155336773915914
TCGA-OY-A56P-01	0.949026214714913	9.20222364975132e-09	0.949026214714913
TCGA-OY-A56Q-01	2.59502706130108e-05	0.136615586135588	0.136641527203977
TCGA-VG-A8LO-01	6.34953429892818e-07	0.119146462103444	0.11914708785465
