Sample	percent	start	end
TCGA-04-1331-01	0.000258794997999935	0.113880667426551	0.114139444951389
TCGA-04-1332-01	0.0120891563882395	1.74731616953139e-08	0.0120891563882395
TCGA-04-1335-01	6.86695254972482e-06	0.0922871245146414	0.0922939739940295
TCGA-04-1336-01	2.40430705048889e-05	0.147539568280459	0.147563593877802
TCGA-04-1338-01	0.905848139668293	0.0941518778048683	1
TCGA-04-1341-01	0.808055466524943	0.191944550948219	1
TCGA-04-1346-01	8.841419822292e-06	0.592262041791015	0.592270865737676
TCGA-04-1347-01	1	1.74731616953139e-08	1
TCGA-04-1349-01	0.832974781142971	0.167025236330191	1
TCGA-04-1351-01	0.988061916567854	0.0119381009053072	1
TCGA-04-1353-01	0.639369947842787	1.74731616953139e-08	0.639369947842787
TCGA-04-1356-01	0.824948606626309	0.175051410846853	1
TCGA-04-1357-01	0.000132533931525859	0.318506050964635	0.318638567422999
TCGA-04-1360-01	1	1.74731616953139e-08	1
TCGA-04-1361-01	0.504029442137686	0.495970575335476	1
TCGA-04-1362-01	0.937242431399537	1.74731616953139e-08	0.937242431399537
TCGA-04-1364-01	8.66668820525066e-06	0.578422039653698	0.578430688868742
TCGA-04-1367-01	0.000187469551923658	0.862748192501892	0.862935644580654
TCGA-04-1371-01	9.64518526068219e-06	0.157543634809383	0.157553262521482
TCGA-04-1514-01	0.847590801337892	0.15240921613527	1
TCGA-04-1516-01	1.22312131928941e-05	0.548982033693253	0.548994247433284
TCGA-04-1517-01	4.15162322090233e-05	0.589800370350652	0.589841869109699
TCGA-04-1519-01	2.7957058726615e-07	0.199925784492978	0.199926046590403
TCGA-04-1525-01	1.13226087842791e-05	0.21753539411686	0.217546699252482
TCGA-04-1530-01	0.618892328403112	0.38110768907005	1
TCGA-04-1536-01	0.41123267791562	0.588767339557541	1
TCGA-04-1638-01	1.77003128062881e-05	0.948884362213959	0.948902045053604
TCGA-04-1644-01	0.000308418777239676	0.848804155159789	0.849112556463867
TCGA-04-1646-01	4.12366616217572e-06	0.273775438455357	0.273779544648358
TCGA-04-1651-01	0.425928375727912	0.574071641745249	1
TCGA-04-1652-01	0.00263334525410669	0.621159698285325	0.62379302606627
TCGA-09-0364-01	0.00257346472894662	0.155251627769166	0.157825075024951
TCGA-09-0365-01	3.42998164252158e-05	0.550344835467205	0.550379117810469
TCGA-09-0366-01	0.000129214030802074	0.0361719608628436	0.036301157420484
TCGA-09-0369-01	0.0057122386585071	0.424860136513968	0.430572357699314
TCGA-09-1659-01	1	1.74731616953139e-08	1
TCGA-09-1661-01	0.000567982594354593	0.0542189586705035	0.0547869237916964
TCGA-09-1662-01	0.280225953142187	0.528100225077038	0.808326160746063
TCGA-09-1665-01	0.708854299289784	0.291145718183378	1
TCGA-09-1666-01	0.819374615623205	0.180625401849957	1
TCGA-09-1668-01	0.846290763160781	0.153709254312381	1
TCGA-09-1669-01	0.730901882308576	0.185796409324679	0.916698274160093
TCGA-09-1672-01	8.27528938307805e-05	0.794419673228462	0.794502408649131
TCGA-09-1673-01	0.469179256065114	0.530820761408048	1
TCGA-09-1674-01	8.841419822292e-06	0.592262041791015	0.592270865737676
TCGA-09-1675-01	0.0124968751434437	0.949689350773669	0.962186208443951
TCGA-09-2044-01	0.000107634676097468	0.202227017362574	0.20233463456551
TCGA-09-2050-01	0.833304709382268	0.166695308090893	1
TCGA-09-2051-01	1.81720881722998e-05	0.204973256714451	0.204991411329462
TCGA-09-2053-01	0.119410713427969	0.880589304045192	1
TCGA-09-2054-01	1.56734260486086e-05	0.721797334144181	0.721812990097068
TCGA-09-2055-01	0.216351255421332	0.783648762051829	1
TCGA-10-0925-01	3.23253491526486e-06	0.862707043206079	0.862710258267833
TCGA-10-0927-01	0.0121947641775793	0.689113505606011	0.701308252310428
TCGA-10-0928-01	0.949268387361893	0.0507316301112689	1
TCGA-10-0930-01	0.117317411182652	1.74731616953139e-08	0.117317411182652
TCGA-10-0931-01	0.806856737739393	0.193143279733769	1
TCGA-10-0933-01	1	1.74731616953139e-08	1
TCGA-10-0934-01	0.000196048874320388	0.394028777633347	0.394224809034505
TCGA-10-0935-01	1	1.74731616953139e-08	1
TCGA-10-0936-01	0.641982150571232	1.74731616953139e-08	0.641982150571232
TCGA-10-0937-01	0.901287522151382	0.0987124953217794	1
TCGA-10-0938-01	0.764934516618174	0.235065500854988	1
TCGA-13-0714-01	0.648392459512981	0.135258224586636	0.783650666626455
TCGA-13-0717-01	1.22312131928941e-05	0.729743044751196	0.729755258491227
TCGA-13-0720-01	8.841419822292e-06	0.592262041791015	0.592270865737676
TCGA-13-0723-01	4.96237792397417e-06	0.81060135860472	0.810606303509483
TCGA-13-0724-01	0.913775765552944	0.0862242519202174	1
TCGA-13-0725-01	0.0582429928646422	0.684618394972328	0.742861370363809
TCGA-13-0726-01	0.000520979789370471	0.686464906281736	0.686985868597945
TCGA-13-0727-01	0.00180174506912182	0.149477237074478	0.151278964670438
TCGA-13-0751-01	0.62294229276922	0.377057724703942	1
TCGA-13-0755-01	9.47045364364084e-06	0.21267661456863	0.212686067549111
TCGA-13-0757-01	6.23617141220557e-05	0.0815750804197899	0.0816374246607503
TCGA-13-0758-01	0.810517539848026	0.189482477625136	1
TCGA-13-0760-01	0.0024322116897304	0.422941897875765	0.425374092092334
TCGA-13-0761-01	1.22312131928941e-05	0.729743044751196	0.729755258491227
TCGA-13-0764-01	0.0019398529392313	0.310496580790562	0.312436416256631
TCGA-13-0766-01	4.50807571966667e-06	0.438568565743653	0.438573056346211
TCGA-13-0768-01	1.30349786312843e-05	0.0982456823336917	0.0982586998391612
TCGA-13-0791-01	4.12366616217572e-06	0.273775438455357	0.273779544648358
TCGA-13-0791-02	3.38979337060207e-06	0.876488475305364	0.876491847625573
TCGA-13-0792-01	0.480448956115753	1.74731616953139e-08	0.480448956115752
TCGA-13-0793-01	0.00105298514377625	0.397188466937467	0.398241434608081
TCGA-13-0795-01	0.00142360837668265	0.239647156058591	0.241070746962112
TCGA-13-0797-01	0.318039727225075	0.681960290248087	1
TCGA-13-0799-01	3.76371903107055e-05	0.10909150095455	0.109129120671699
TCGA-13-0800-01	1.19341694439238e-05	0.79440775653218	0.794419673228462
TCGA-13-0801-01	0.415617165962554	0.552804287816032	0.968421436305424
TCGA-13-0802-01	7.51345953277779e-06	0.0593204404348042	0.0593279364211753
TCGA-13-0804-01	0.00367016772330661	0.478220324233037	0.481890474483182
TCGA-13-0805-01	8.79249496952043e-05	0.207585144925985	0.207673052402519
TCGA-13-0807-01	1.74731617041344e-05	0.291145718183378	0.29116317387192
TCGA-13-0883-01	0.176821861483363	0.823178155989799	1
TCGA-13-0884-01	0.202440731603377	0.797559285869784	1
TCGA-13-0885-01	0.0796764990885038	0.0334249352186898	0.113101416834032
TCGA-13-0886-01	7.54840585618606e-06	0.978168193055093	0.978175723987787
TCGA-13-0887-01	0.000184743738697813	0.169156367970597	0.169341094236133
TCGA-13-0889-01	9.24155522531668e-05	0.567651635198755	0.567744033277846
TCGA-13-0890-01	1	1.74731616953139e-08	1
TCGA-13-0891-01	1	1.74731616953139e-08	1
TCGA-13-0893-01	0.764709374929616	0.235290642543546	1
TCGA-13-0897-01	0.76970056609724	0.230299451375921	1
TCGA-13-0899-01	5.27689483464859e-06	0.791387048756254	0.791392308177927
TCGA-13-0900-01	0.887666441257056	0.112333576216105	1
TCGA-13-0903-01	0.410161188693599	0.589838828779562	1
TCGA-13-0904-01	6.97179151994962e-06	0.0806757892063632	0.0806827435247215
TCGA-13-0906-01	0.217399278187185	0.782600739285977	1
TCGA-13-0910-01	0.144482184338117	0.383761652654967	0.528243819519922
TCGA-13-0911-01	1.08683065799716e-05	0.0481000496464944	0.0481109004799126
TCGA-13-0912-01	8.76803254313464e-05	0.860890166378922	0.860977829231191
TCGA-13-0913-01	0.474774529379173	0.525225488093989	1
TCGA-13-0913-02	0.000277002032495643	0.525138786265613	0.525415770824947
TCGA-13-0919-01	1.07634676097468e-05	0.220770322855278	0.220781068849726
TCGA-13-0920-01	5.31184115805686e-06	0.0559383702016754	0.0559436645696718
TCGA-13-0921-01	8.66668820525066e-06	0.578422039653698	0.578430688868742
TCGA-13-0923-01	0.00205351585611669	0.312048267442536	0.314101765825491
TCGA-13-0924-01	0.35010532035583	0.649894697117332	1
TCGA-13-1403-01	0.430179910487439	0.502059465467677	0.932239358481954
TCGA-13-1410-01	7.38590545233761e-05	0.321106686460031	0.321180528041393
TCGA-13-1412-01	0.230033282703682	0.769904180850578	0.999937446081099
TCGA-13-1477-01	2.27675297004871e-05	0.796715908773811	0.79673865883035
TCGA-13-1481-01	5.18952902612792e-06	0.46459410622917	0.464599278285034
TCGA-13-1482-01	5.24194851124032e-07	0.564863163215039	0.564863669936728
TCGA-13-1483-01	0.250304544103632	0.0784309771759096	0.32873550380638
TCGA-13-1485-01	1.03091654054393e-06	0.203959691023479	0.203960704466858
TCGA-13-1487-01	0.974444382725354	1.74731616953139e-08	0.974444382725354
TCGA-13-1488-01	0.697496971333199	0.302503046139963	1
TCGA-13-1489-01	0.000227098682668635	0.398448246950012	0.398675328159518
TCGA-13-1492-01	8.66668820525066e-06	0.578422039653698	0.578430688868742
TCGA-13-1496-01	4.05377351535918e-06	0.426854156254482	0.426858192554836
TCGA-13-1497-01	0.99971731918995	0.000282698283211147	1
TCGA-13-1498-01	0.00160815991060171	0.0623690877962948	0.0639772302337348
TCGA-13-1499-01	1	1.74731616953139e-08	1
TCGA-13-1500-01	0.185994065729876	0.814005951743286	1
TCGA-13-1501-01	4.64786101329975e-06	0.291158543484068	0.29116317387192
TCGA-13-1504-01	1.74731617041344e-05	0.291145718183378	0.29116317387192
TCGA-13-1506-01	1.13226087842791e-05	0.21753539411686	0.217546699252482
TCGA-13-1507-01	0.0007898917479971	0.114227090330497	0.115016964605333
TCGA-13-1509-01	0.000219759954752898	0.956629550817257	0.956849293298848
TCGA-13-1510-01	8.82394666058787e-06	0.0875368533005938	0.0875456597740927
TCGA-13-1511-01	5.18952902612792e-06	0.46459410622917	0.464599278285034
TCGA-13-1512-01	0.00362215147494365	0.309333846718122	0.312955980719904
TCGA-13-1817-01	2.35712951388773e-05	0.996573530462981	0.996597084284958
TCGA-13-1817-02	1.46425095080646e-05	0.243993849656758	0.244008474693104
TCGA-13-1819-01	1	1.74731616953139e-08	1
TCGA-13-1819-02	1	1.74731616953139e-08	1
TCGA-13-2057-01	0.810602704038172	1.74731616953139e-08	0.810602704038172
TCGA-13-2059-01	0.000320230634551671	0.0641275343707137	0.0644477475321037
TCGA-13-2060-01	6.04920858197133e-05	0.0850097448696482	0.0850702194823062
TCGA-13-2061-01	0.807614321611399	0.192385695861763	1
TCGA-13-2071-01	0.473269478595788	0.526730538877374	1
TCGA-13-A5FT-01	2.92675458544251e-05	0.336885231049452	0.336914481122145
TCGA-20-0987-01	1.8207034495708e-05	0.760688433485099	0.760706623046433
TCGA-20-0990-01	4.64786101329975e-06	0.291158543484068	0.29116317387192
TCGA-20-0996-01	1.74731617041344e-05	0.291145718183378	0.29116317387192
TCGA-20-1682-01	0.00108396505947768	0.0604118665343296	0.0614958141206455
TCGA-20-1683-01	0.00523301972560951	0.0835738179139641	0.088806820166412
TCGA-20-1684-01	0.421577977819464	0.578422039653698	1
TCGA-20-1685-01	0.722014840061074	0.277985177412087	1
TCGA-20-1686-01	1.70013863381228e-05	0.79960366326233	0.799620647175506
TCGA-23-1021-01	0.000224128245178932	0.14356812830305	0.143792239075067
TCGA-23-1022-01	0.30932757385307	0.690672443620092	1
TCGA-23-1023-01	0.18265908566754	0.817340931805622	1
TCGA-23-1026-01	9.96319680369743e-05	0.067980803355518	0.0680804178503933
TCGA-23-1027-01	0.929820251663502	0.0701797658096599	1
TCGA-23-1028-01	0.225458407086821	0.774541610386341	1
TCGA-23-1029-01	0.192480732388272	0.80751928508489	1
TCGA-23-1031-01	1.48696606102184e-05	0.738110085706382	0.738124937893831
TCGA-23-1109-01	1	1.74731616953139e-08	1
TCGA-23-1110-01	0.913586269114263	0.0864137483588988	1
TCGA-23-1114-01	0.0501218342409563	0.949878183232205	1
TCGA-23-1116-01	4.04853156684794e-05	0.229571397147195	0.229611864989702
TCGA-23-1117-01	0.000151789355723815	0.268407578340877	0.268559350223439
TCGA-23-1118-01	1.13226087842791e-05	0.21753539411686	0.217546699252482
TCGA-23-1119-01	0.944641336884183	0.0553586805889791	1
TCGA-23-1120-01	9.66790037089756e-05	0.0900640665705096	0.0901607281010568
TCGA-23-1121-01	0.000224844644808801	0.273698748748638	0.273923575920285
TCGA-23-1122-01	0.958104844806261	0.0418951726669009	1
TCGA-23-1123-01	0.0154917051668856	0.60676920418852	0.622260891882243
TCGA-23-1809-01	7.00673784335789e-06	0.136829166662808	0.13683615592749
TCGA-23-2072-01	6.35848354413451e-05	0.276281526672773	0.276345094035052
TCGA-23-2077-01	1.15322867247287e-06	0.718997487132196	0.718998622887707
TCGA-23-2078-01	1	1.74731616953139e-08	1
TCGA-23-2079-01	0.474895268926549	0.525104748546613	1
TCGA-23-2084-01	0.806820882811576	0.193179134661586	1
TCGA-23-2641-01	0.889269062175398	0.110730955297764	1
TCGA-23-2645-01	4.12366616217572e-06	0.273775438455357	0.273779544648358
TCGA-24-0968-01	3.16264226844833e-06	0.344033414136805	0.344036559305911
TCGA-24-0970-01	5.24194851124032e-07	0.76809293038149	0.768093437103179
TCGA-24-0979-01	0.99971731918995	0.000282698283211147	1
TCGA-24-0980-01	8.841419822292e-06	0.592262041791015	0.592270865737676
TCGA-24-0982-01	0.817177120914646	0.182822896558516	1
TCGA-24-1103-01	0.884714193328688	1.74731616953139e-08	0.884714193328688
TCGA-24-1104-01	1	1.74731616953139e-08	1
TCGA-24-1417-01	0.931581127007398	1.74731616953139e-08	0.931581127007398
TCGA-24-1419-01	1.46425095080646e-05	0.243993849656758	0.244008474693104
TCGA-24-1422-01	0.000169926497572707	0.109656058809211	0.109825967833622
TCGA-24-1423-01	0.32470458518653	0.253726121155374	0.578430688868742
TCGA-24-1424-01	0.718062568142054	0.0806037648338188	0.798666315502711
TCGA-24-1425-01	0.930036499512752	0.0699635179604096	1
TCGA-24-1426-01	0.00178453400484325	0.246116454394253	0.247900970925934
TCGA-24-1427-01	1	1.74731616953139e-08	1
TCGA-24-1428-01	0.231324234836707	0.681960290248087	0.913284507611632
TCGA-24-1430-01	0.520395976091613	0.394453742399153	0.914849701017604
TCGA-24-1431-01	6.46506983052973e-07	0.683830862101161	0.683831491134983
TCGA-24-1434-01	0.999237506169555	1.74731616953139e-08	0.999237506169555
TCGA-24-1435-01	0.778078999553858	0.221921017919304	1
TCGA-24-1436-01	0.971761081701936	0.0282389357712262	1
TCGA-24-1463-01	0.947177199369142	0.0528228181040197	1
TCGA-24-1464-01	1	1.74731616953139e-08	1
TCGA-24-1466-01	7.51345953277779e-06	0.0593204404348042	0.0593279364211753
TCGA-24-1469-01	0.000209048906628264	1.74731616953139e-08	0.000209048906628317
TCGA-24-1470-01	6.97179151994962e-06	0.517516870818137	0.517523825136496
TCGA-24-1471-01	1.22312131928941e-05	0.729743044751196	0.729755258491227
TCGA-24-1474-01	3.05780329822352e-06	0.0991448337618248	0.0991478740919612
TCGA-24-1544-01	4.96237792397417e-06	0.245108200544439	0.245113145449201
TCGA-24-1545-01	0.12729537280799	0.872704644665172	1
TCGA-24-1546-01	0.965222292602176	0.0347777248709856	1
TCGA-24-1548-01	1	1.74731616953139e-08	1
TCGA-24-1549-01	4.12366616217572e-06	0.273775438455357	0.273779544648358
TCGA-24-1550-01	0.223429266291281	0.77657075118188	1
TCGA-24-1552-01	1.38387440696744e-05	0.0941518778048683	0.0941656990757763
TCGA-24-1556-01	0.398976355789357	0.601023661683804	1
TCGA-24-1557-01	1.13226087842791e-05	0.21753539411686	0.217546699252482
TCGA-24-1562-01	1	1.74731616953139e-08	1
TCGA-24-1563-01	0.721114535404269	0.278885482068893	1
TCGA-24-1567-01	0.754289744195883	0.245710273277279	1
TCGA-24-1603-01	0.00022547367863015	0.35825585136434	0.358481307569809
TCGA-24-1614-01	8.841419822292e-06	0.592262041791015	0.592270865737676
TCGA-24-1842-01	0.000198704794899416	0.653202576305865	0.653401263627603
TCGA-24-1843-01	1	1.74731616953139e-08	1
TCGA-24-1844-01	0.25889779261024	0.741102224862922	1
TCGA-24-1845-01	0.000227063736345226	0.0714047043377666	0.0716317506009501
TCGA-24-1846-01	1	1.74731616953139e-08	1
TCGA-24-1847-01	0.84916242486737	0.11441117008905	0.963573577483259
TCGA-24-1849-01	0.383794309994192	0.616205707478969	1
TCGA-24-1850-01	0.931218663741007	0.0687813537321547	1
TCGA-24-1852-02	1.74731617041344e-08	1.74731616953139e-08	1.74731616953139e-08
TCGA-24-1920-01	4.07299399323373e-05	0.111715515540307	0.111756228007077
TCGA-24-1923-01	6.97179151994962e-06	0.0806757892063632	0.0806827435247215
TCGA-24-1924-01	0.19900556043183	0.766678058585659	0.965683601544327
TCGA-24-1927-01	0.000371129954595815	0.118335030647139	0.118706143128573
TCGA-24-1930-01	0.745330380532088	0.254669636941073	1
TCGA-24-2019-01	9.99464849476487e-06	0.0850602423069732	0.0850702194823062
TCGA-24-2020-01	7.47851320936952e-06	0.153938519667101	0.153945980707148
TCGA-24-2023-01	1.28951933376512e-05	0.626199220218223	0.626212097938399
TCGA-24-2024-01	0.00052503356288583	0.491234038026527	0.491759054116251
TCGA-24-2027-01	0.000166117348321206	0.576788106829583	0.576954206704742
TCGA-24-2029-01	2.86385120330763e-05	0.189482477625136	0.189511098664007
TCGA-24-2030-01	0.801767417295638	0.198232600177524	1
TCGA-24-2033-01	0.0049020780429332	0.727406883031353	0.732308943601125
TCGA-24-2035-01	0.000620384606305292	0.104853385583212	0.105473752716356
TCGA-24-2254-01	0.921603392533162	0.0783966249399993	1
TCGA-24-2262-01	0.878118284463317	0.121881733009845	1
TCGA-24-2267-01	0.0417515607508546	0.426011006309611	0.467762549587304
TCGA-24-2271-01	1.22312131928941e-05	0.729743044751196	0.729755258491227
TCGA-24-2280-01	0.000103423644126771	0.16881967761772	0.168923083788685
TCGA-24-2281-01	6.41439766158774e-05	0.39903452394467	0.399098650448125
TCGA-24-2288-01	3.55578840679135e-05	0.05575395845305	0.0557894988639562
TCGA-24-2289-01	0.000146984236255179	0.187721025666904	0.187867992429997
TCGA-24-2290-01	6.09289148623166e-05	0.165723450836909	0.16578436227861
TCGA-24-2295-01	3.09799157014303e-05	0.732077092218473	0.732108054661012
TCGA-24-2297-01	0.0212819090729165	0.161091560293407	0.182373451893162
TCGA-24-2298-01	1	1.74731616953139e-08	1
TCGA-25-1312-01	3.28145976803644e-05	0.20515555421051	0.205188351335029
TCGA-25-1314-01	0.530711658986368	0.318826893159846	0.849538534673052
TCGA-25-1315-01	0.0987484026690814	0.90125161480408	1
TCGA-25-1317-01	0.978481312112831	0.021518705360331	1
TCGA-25-1318-01	0.151756908062531	0.012302381380515	0.164059271969884
TCGA-25-1321-01	0.865565669934037	0.134434347539124	1
TCGA-25-1322-01	1.22312131928941e-05	0.729743044751196	0.729755258491227
TCGA-25-1625-01	1.34543345121835e-06	0.62621076997811	0.626212097938399
TCGA-25-1627-01	4.54302204307494e-07	0.0866272703949234	0.086627707223966
TCGA-25-1628-01	0.0147194088927245	0.455905733830244	0.470625125249807
TCGA-25-1630-01	1	1.74731616953139e-08	1
TCGA-25-1632-01	1	1.74731616953139e-08	1
TCGA-25-1633-01	1	1.74731616953139e-08	1
TCGA-25-1634-01	6.97179151994962e-06	0.0806757892063632	0.0806827435247215
TCGA-25-1635-01	1	1.74731616953139e-08	1
TCGA-25-1871-01	1.13226087842791e-05	0.21753539411686	0.217546699252482
TCGA-25-1877-01	0.000303980594166826	0.0898567649800517	0.0901607281010568
TCGA-25-2042-01	1	1.74731616953139e-08	1
TCGA-25-2391-01	0.720926926067051	0.27907309140611	1
TCGA-25-2392-01	0.31803352425267	0.681966493220492	1
TCGA-25-2393-01	4.45740355072468e-05	0.590812520715525	0.590857077277871
TCGA-25-2396-01	1	1.74731616953139e-08	1
TCGA-25-2397-01	2.90054484288631e-06	0.448337391096554	0.448340274168235
TCGA-25-2398-01	5.41668012828166e-07	0.130345802431974	0.130346326626825
TCGA-25-2399-01	0.936193447609791	0.0638065698633705	1
TCGA-25-2400-01	3.69732101659484e-05	0.182184077766613	0.182221033503617
TCGA-25-2401-01	0.31803352425267	0.681966493220492	1
TCGA-29-1688-01	0.571623477058883	0.428376540414279	1
TCGA-29-1690-01	0.0362776035985068	0.963722413874655	1
TCGA-29-1691-01	1	1.74731616953139e-08	1
TCGA-29-1692-01	0.00107753493597056	0.123711103147621	0.12478862061043
TCGA-29-1692-02	0.0228356400848098	0.113360666134236	0.136196288745884
TCGA-29-1693-01	0.000148224830736172	0.122351149499026	0.122499356856601
TCGA-29-1694-01	2.14919888960853e-06	0.754929489065357	0.754931620791084
TCGA-29-1695-01	8.841419822292e-06	0.592262041791015	0.592270865737676
TCGA-29-1697-01	0.000190667140515515	1.74731616953139e-08	0.000190667140515521
TCGA-29-1698-01	1.79973565552584e-06	0.104470146727556	0.104471928990049
TCGA-29-1701-01	0.999790968566533	0.000209048906628317	1
TCGA-29-1702-01	0.291384698616005	0.086889682337396	0.378274363480239
TCGA-29-1703-01	1	1.74731616953139e-08	1
TCGA-29-1705-01	0.302504810929295	0.697495206543867	1
TCGA-29-1705-02	0.474970298682906	0.525029718790256	1
TCGA-29-1707-01	6.44759666882559e-06	0.684450477888352	0.684456908011859
TCGA-29-1707-02	0.484440332970666	0.461477715419752	0.945918030917257
TCGA-29-1710-01	1.22836326780065e-05	0.0892014165771764	0.0892136827366927
TCGA-29-1710-02	7.37367423914472e-06	0.287472003408245	0.287479359609322
TCGA-29-1711-01	0.96255676178421	0.0374432556889513	1
TCGA-29-1761-01	1	1.74731616953139e-08	1
TCGA-29-1762-01	0.192190817689277	0.807809199783885	1
TCGA-29-1763-01	1.18118573119949e-05	0.786234492940292	0.786246287324443
TCGA-29-1764-01	5.76614336236435e-07	0.339348265396428	0.339348824537603
TCGA-29-1766-01	1	1.74731616953139e-08	1
TCGA-29-1769-01	0.668412683998727	0.331587333474435	1
TCGA-29-1770-01	0.518704486672844	0.481295530800318	1
TCGA-29-1770-02	0.118701722418662	0.881298295054499	1
TCGA-29-1771-01	3.61519715658541e-05	0.338851835399252	0.338887969897656
TCGA-29-1776-01	0.731136022675411	0.26886399479775	1
TCGA-29-1777-01	0.0372211368573683	0.15562735316529	0.192848472549497
TCGA-29-1778-01	2.86385120330763e-05	0.189482477625136	0.189511098664007
TCGA-29-1781-01	1	1.74731616953139e-08	1
TCGA-29-1783-01	7.51345953277779e-06	0.0593204404348042	0.0593279364211753
TCGA-29-1784-01	0.336326369445507	0.663673648027655	1
TCGA-29-1785-01	0.000336096265379025	0.55450140359287	0.554837482385087
TCGA-29-2425-01	0.919324228266798	0.0806757892063632	1
TCGA-29-2427-01	0.0601325230981656	0.858551890406513	0.918684396031517
TCGA-29-2428-01	0.253306066348006	0.746693951125155	1
TCGA-29-2429-01	2.99140528374781e-05	0.380692299596857	0.380722196176533
TCGA-29-2431-01	1	1.74731616953139e-08	1
TCGA-29-2434-01	4.12366616217572e-06	0.273775438455357	0.273779544648358
TCGA-29-2436-01	1.22312131928941e-05	0.729743044751196	0.729755258491227
TCGA-30-1714-01	1.06935749629303e-05	0.650443039877931	0.650453715979732
TCGA-30-1718-01	1	1.74731616953139e-08	1
TCGA-30-1853-01	0.559339355132349	0.440660662340813	1
TCGA-30-1855-01	0.579233370971106	0.179653771747075	0.75888712524502
TCGA-30-1856-01	3.1207066803584e-05	0.358439424401204	0.358470613994846
TCGA-30-1857-01	3.22030370207197e-05	0.761968674569999	0.762000860133858
TCGA-30-1859-01	3.54705182593928e-06	0.367233946257482	0.367237475836146
TCGA-30-1860-01	0.000967366651425993	0.0308019690226354	0.0317693182008997
TCGA-30-1861-01	0.41435719374523	1.74731616953139e-08	0.41435719374523
TCGA-30-1862-01	1	1.74731616953139e-08	1
TCGA-30-1887-01	1	1.74731616953139e-08	1
TCGA-30-1891-01	0.942517910908088	0.057482106565074	1
TCGA-30-1892-01	0.726224579017805	0.273775438455357	1
TCGA-31-1944-01	0.718235447603955	0.281764569869207	1
TCGA-31-1950-01	0.000240413231887185	0.848278195519333	0.848518591278058
TCGA-31-1953-01	0.00269483331014354	0.916510472618097	0.919205288455078
TCGA-31-1955-01	0.000141654921935418	0.134897316431637	0.135038953880411
TCGA-36-1568-01	0.533606944407581	0.466393073065581	1
TCGA-36-1569-01	0.606032028969384	1.74731616953139e-08	0.606032028969384
TCGA-36-1570-01	0.925918686859747	0.0740813306134144	1
TCGA-36-1571-01	0.70359980504844	0.296400212424721	1
TCGA-36-1574-01	1	1.74731616953139e-08	1
TCGA-36-1575-01	8.841419822292e-06	0.592262041791015	0.592270865737676
TCGA-36-1576-01	0.00123362268947359	0.934078863053519	0.93531246826983
TCGA-36-1577-01	0.196867037644022	1.74731616953139e-08	0.196867037644022
TCGA-36-1578-01	0.667237596400962	0.3327624210722	1
TCGA-36-1580-01	0.000236726394767613	0.385034415226658	0.385271124148264
TCGA-36-1581-01	2.44624263857882e-07	0.0459419394444167	0.0459421665955189
TCGA-36-2529-01	0.000177003128062881	0.349469244850314	0.349646230505215
TCGA-36-2530-01	0.848967249651135	0.151032767822026	1
TCGA-36-2533-01	0.000151230214549283	0.435117878404512	0.4352690911459
TCGA-36-2534-01	0.800074460131286	0.199925557341876	1
TCGA-36-2538-01	1.22312131928941e-05	0.729743044751196	0.729755258491227
TCGA-36-2540-01	5.2262226657066e-05	0.181189977177779	0.181242221931275
TCGA-36-2543-01	0.000124181760231283	0.397188466937467	0.397312631224536
TCGA-36-2544-01	0.00249586641781856	0.524499652956799	0.526995501901456
TCGA-36-2545-01	7.12904997528683e-06	0.431127916875697	0.43113502845251
TCGA-36-2547-01	0.797665382907652	0.20233463456551	1
TCGA-36-2549-01	0.000424213419852975	0.191368565645804	0.191792761592495
TCGA-36-2551-01	8.841419822292e-06	0.592262041791015	0.592270865737676
TCGA-36-2552-01	0.854583962534606	0.145416054938556	1
TCGA-3P-A9WA-01	0.000331570716497654	0.66409265444532	0.664424207688656
TCGA-42-2582-01	0.33358013009363	0.666419887379532	1
TCGA-42-2587-01	0.000124810794052632	0.047607289013276	0.047732082334167
TCGA-42-2588-01	0.00368107097620999	0.180139508169288	0.183820561672337
TCGA-42-2589-01	0.978481312112831	0.021518705360331	1
TCGA-42-2590-01	0.0248347270422181	0.0655352945897307	0.0903700041587873
TCGA-42-2591-01	0.998288329079463	1.74731616953139e-08	0.998288329079463
TCGA-42-2593-01	9.19612500488593e-05	0.738467429336394	0.738559373113281
TCGA-57-1582-01	2.17191399982391e-05	0.122983800264848	0.123005501931684
TCGA-57-1583-01	0.878118284463317	0.121881733009845	1
TCGA-57-1585-01	4.3682904260336e-07	0.189482477625136	0.189482896981017
TCGA-57-1586-01	0.758652146166422	0.241347871306739	1
TCGA-57-1992-01	0.961360199670711	0.0386398178024504	1
TCGA-57-1993-01	0.580102468561108	0.419897548912054	1
TCGA-57-1994-01	0.0101908546275406	0.054774185856814	0.0649650230111929
TCGA-59-2348-01	7.47851320936952e-06	0.153938519667101	0.153945980707148
TCGA-59-2350-01	9.46695901130002e-05	0.79440775653218	0.794502408649131
TCGA-59-2351-01	0.259709123927648	0.740290893545514	1
TCGA-59-2352-01	1	1.74731616953139e-08	1
TCGA-59-2354-01	0.734245581478602	0.265754435994559	1
TCGA-59-2363-01	0.214556447197407	0.201224407343991	0.415780837068236
TCGA-59-2372-01	2.30645734494574e-06	0.0418951726669009	0.0418974616510841
TCGA-59-A5PD-01	4.57272641797197e-05	0.549217694225157	0.549263404016175
TCGA-61-1722-01	1	1.74731616953139e-08	1
TCGA-61-1724-01	0.907476044251621	0.0925239732215409	1
TCGA-61-1725-01	0.565624259192547	0.434375758280614	1
TCGA-61-1727-01	0.0530272715691198	0.135516844853019	0.188544098948977
TCGA-61-1728-01	4.12366616217572e-06	0.273775438455357	0.273779544648358
TCGA-61-1730-01	6.74988236630712e-05	0.223247510463235	0.223314991813736
TCGA-61-1734-01	7.12904997528683e-06	0.431127916875697	0.43113502845251
TCGA-61-1736-01	0.000345828816448228	0.284057642772287	0.284403454115573
TCGA-61-1737-01	1.74731617041344e-05	0.291145718183378	0.29116317387192
TCGA-61-1738-01	0.452802954613794	0.547197062859367	1
TCGA-61-1740-01	1	1.74731616953139e-08	1
TCGA-61-1743-01	0.000116336310626127	0.576196605359574	0.576312924197039
TCGA-61-1895-01	0.298691765162734	0.701308252310428	1
TCGA-61-1900-01	0.00099778742595289	0.879724085497089	0.88072185544988
TCGA-61-1901-01	0.00104340985116239	0.0585462395860175	0.0595896319640181
TCGA-61-1906-01	1	1.74731616953139e-08	1
TCGA-61-1910-01	0.000270239918916143	0.132999329187849	0.133269551633603
TCGA-61-1911-01	0.00297492809226081	0.181131284827615	0.184106195446714
TCGA-61-1913-01	0.765499790872464	0.234500226600698	1
TCGA-61-1914-01	0.468058300322308	0.531941717150854	1
TCGA-61-1915-01	0.579230575265233	0.420769442207928	1
TCGA-61-1916-02	3.56976693615466e-05	0.187928222418391	0.187963902614591
TCGA-61-1917-01	4.20753733835556e-05	0.4142395818938	0.414281639794021
TCGA-61-1919-01	3.61519715658541e-05	0.338851835399252	0.338887969897656
TCGA-61-2000-01	0.0037385751513783	0.482503625200542	0.486242182878758
TCGA-61-2002-01	0.351066344249557	0.648933673223605	1
TCGA-61-2008-01	0.987309242654287	0.0126907748188745	1
TCGA-61-2008-02	0.987117929006789	0.0128820884663731	1
TCGA-61-2009-01	1	1.74731616953139e-08	1
TCGA-61-2012-01	0.508222476751827	0.437594541817618	0.945817001096284
TCGA-61-2016-01	0.00125041439787127	0.212719546126937	0.213969943051646
TCGA-61-2018-01	8.66668820525066e-06	0.578422039653698	0.578430688868742
TCGA-61-2087-01	1.74731617041344e-08	1.74731616953139e-08	1.74731616953139e-08
TCGA-61-2088-01	1.74731617041344e-05	0.291145718183378	0.29116317387192
TCGA-61-2092-01	1.61976208997326e-05	0.577793827070949	0.577810007218687
TCGA-61-2094-01	0.00515568351190701	0.936289165589606	0.941444831628352
TCGA-61-2095-01	6.41439766158774e-05	0.39903452394467	0.399098650448125
TCGA-61-2095-02	1.26505690737933e-05	0.151138550342983	0.151151183438895
TCGA-61-2096-01	0.792658972616183	0.207341044856978	1
TCGA-61-2097-01	0.181632380158966	0.000282698283211147	0.181915060969016
TCGA-61-2102-01	1.67392889125608e-05	0.760689901230682	0.760706623046433
TCGA-61-2104-01	0.000103074180892689	0.664192443671812	0.664295500379543
TCGA-61-2109-01	0.480977030008775	0.519022987464387	1
TCGA-61-2110-01	0.0117057777472891	0.767953232453665	0.779658992727792
TCGA-61-2111-01	0.0605831035190301	0.939416913954132	1
TCGA-61-2113-01	4.64786101329975e-06	0.291158543484068	0.29116317387192
TCGA-61-2610-02	0.485794869939132	0.514205147534029	1
TCGA-61-2612-01	1	1.74731616953139e-08	1
TCGA-61-2614-01	9.99464849476487e-06	0.0850602423069732	0.0850702194823062
TCGA-72-4231-01	0.00025585950683364	0.109656058809211	0.109911900842883
TCGA-72-4234-01	3.05780329822352e-06	0.0991448337618248	0.0991478740919612
TCGA-72-4236-01	0.382100374332785	0.385363207710445	0.767463564570068
TCGA-72-4238-01	0.999809350332646	0.000190667140515521	1
TCGA-72-4240-01	0.407737975682147	0.592262041791015	1
TCGA-OY-A56P-01	0.26360020483438	0.736399812638782	1
TCGA-VG-A8LO-01	0.163283585902353	0.836716431570809	1
TCGA-WR-A838-01	1	1.74731616953139e-08	1
