Sample	percent	start	end
TCGA-04-1331-01	2.66567690020344e-05	0.255200444960082	0.255227078097196
TCGA-04-1332-01	0.87096445939009	0.129035564241797	1
TCGA-04-1335-01	2.72948299621895e-05	0.0820945537337838	0.0821218249318586
TCGA-04-1338-01	0.941000677148102	0.0589993464837855	1
TCGA-04-1341-01	0.899249678121878	0.10075034551001	1
TCGA-04-1342-01	1.1579624832444e-06	0.750766086710216	0.750767221040812
TCGA-04-1343-01	5.16593058851482e-05	0.602226464093498	0.602278099767495
TCGA-04-1346-01	1	2.36318874469177e-08	1
TCGA-04-1347-01	2.88309026440443e-06	0.580052522342414	0.58005538180079
TCGA-04-1348-01	0.865599406518232	0.134400617113655	1
TCGA-04-1349-01	0.812462516872577	0.187537506759311	1
TCGA-04-1350-01	0.00368636174946484	0.202067738158498	0.205754076276076
TCGA-04-1351-01	0.709672243209176	0.290327780422711	1
TCGA-04-1353-01	0.716410308739738	0.258443826979987	0.974854112087838
TCGA-04-1356-01	0.620498048644161	0.379501974987727	1
TCGA-04-1357-01	1	2.36318874469177e-08	1
TCGA-04-1360-01	0.750382375754288	0.249617647877599	1
TCGA-04-1361-01	0.744780767689425	0.255219255942463	1
TCGA-04-1362-01	0.755086137520664	0.244913886111223	1
TCGA-04-1364-01	0.791252992446823	0.208747031185064	1
TCGA-04-1365-01	0.871049841399314	0.128950182232573	1
TCGA-04-1367-01	0.971947319040358	0.0280527045915292	1
TCGA-04-1371-01	1	2.36318874469177e-08	1
TCGA-04-1514-01	0.86789652050234	2.36318874469177e-08	0.86789652050234
TCGA-04-1516-01	0.682752900306094	0.317247123325793	1
TCGA-04-1517-01	0.86701906852269	0.132980955109197	1
TCGA-04-1525-01	3.87562953575677e-06	0.747319706777432	0.74732355877508
TCGA-04-1530-01	1	2.36318874469177e-08	1
TCGA-04-1536-01	0.976693310989541	0.00921726320718841	0.985910550564842
TCGA-04-1542-01	1.25249003289701e-06	0.00828822281731512	0.00828945167546069
TCGA-04-1638-01	0.000116670628158727	0.554230975137222	0.554347622133493
TCGA-04-1644-01	0.00035991364530229	0.432430525913948	0.432790415927363
TCGA-04-1646-01	0.963564734096602	0.0364352895352851	1
TCGA-04-1648-01	0.000155450555403708	0.0341596096730609	0.0343150365965772
TCGA-04-1651-01	4.25373973436719e-07	0.76773541247309	0.767735814215176
TCGA-04-1652-01	0.96452260538912	0.0354774182427678	1
TCGA-04-1654-01	0.603419827144087	0.3965801964878	1
TCGA-09-0364-01	0.000344671077920808	0.586138749522459	0.586483396968492
TCGA-09-0366-01	1	2.36318874469177e-08	1
TCGA-09-0367-01	0.933587424962259	0.0664125986696287	1
TCGA-09-1661-01	1	2.36318874469177e-08	1
TCGA-09-1662-01	0.527371397277408	0.472628626354479	1
TCGA-09-1664-01	0.771325285226247	0.0481526646394603	0.81947792623382
TCGA-09-1665-01	0.00626063050915421	0.393775185979409	0.400035792856676
TCGA-09-1666-01	0.776606043155702	0.223393980476185	1
TCGA-09-1667-01	0.896615337104384	0.103384686527504	1
TCGA-09-1668-01	0.884872864935776	0.115127158696112	1
TCGA-09-1669-01	0.675810797059607	0.32418922657228	1
TCGA-09-1670-01	0.846724712568898	0.153275311062989	1
TCGA-09-1672-01	6.7587198001612e-06	0.414380490307783	0.414387225395696
TCGA-09-1673-01	0.841777684153491	0.158222339478396	1
TCGA-09-1674-01	0.672745292256261	2.36318874469177e-08	0.672745292256261
TCGA-09-1675-01	0.576062254520815	0.423937769111072	1
TCGA-09-2043-01	0.960838606828396	0.0391614168034914	1
TCGA-09-2044-01	0.902192084423689	0.0978079392081985	1
TCGA-09-2049-01	0.00887476626290957	0.121707481378191	0.130582224009213
TCGA-09-2050-01	0.999067060348704	0.000932963283183819	1
TCGA-09-2051-01	0.950574758223341	0.049425265408546	1
TCGA-09-2054-01	0.988268752977913	0.0117312706539742	1
TCGA-09-2055-01	0.307996042887716	0.602226464093498	0.910222483349327
TCGA-10-0925-01	0.737223762732447	0.26277626089944	1
TCGA-10-0926-01	0.00289452809791239	0.54266375704567	0.545558261511695
TCGA-10-0927-01	1	2.36318874469177e-08	1
TCGA-10-0928-01	0.939843116406944	0.0601569072249438	1
TCGA-10-0930-01	0.83692085865234	0.163079164979547	1
TCGA-10-0931-01	0.883436802401454	0.0880517744404407	0.971488553210007
TCGA-10-0933-01	0.0747550330366697	0.0193088353530011	0.0940638447577833
TCGA-10-0934-01	2.59950761544661e-05	0.383661376227541	0.383687347671808
TCGA-10-0935-01	0.000130282595308702	0.688439890380182	0.688570149343603
TCGA-10-0936-01	0.75003174944074	0.249968274191148	1
TCGA-13-0714-01	0.622011812824297	0.291724661287702	0.913736450480113
TCGA-13-0720-01	0.102351004140165	0.462302980363839	0.564653960872117
TCGA-13-0723-01	0.94955745273398	0.0504425708979073	1
TCGA-13-0724-01	0.960541104997752	0.0394589186341355	1
TCGA-13-0725-01	0.986775619435488	0.0132244041963994	1
TCGA-13-0726-01	0.716170539610045	0.283829484021843	1
TCGA-13-0727-01	7.34242741926603e-05	0.0768401217269068	0.076913522369212
TCGA-13-0730-01	0.853135192876139	0.146864830755748	1
TCGA-13-0755-01	0.655099527348073	0.344900496283815	1
TCGA-13-0757-01	1	2.36318874469177e-08	1
TCGA-13-0758-01	0.76997869301767	0.230021330614217	1
TCGA-13-0760-01	1	2.36318874469177e-08	1
TCGA-13-0761-01	0.934439094552741	0.0655609290791461	1
TCGA-13-0762-01	0.62349346126944	0.0379256581468829	0.661419095784435
TCGA-13-0764-01	0.911298892189108	0.0887011314427791	1
TCGA-13-0766-01	0.721349585896074	0.278650437735814	1
TCGA-13-0768-01	0.934931204976233	0.0650688186556547	1
TCGA-13-0791-01	0.625105935843301	0.374894087788586	1
TCGA-13-0791-02	0.625104777880818	0.374895245751069	1
TCGA-13-0792-01	0.927397004790609	0.0726030188412785	1
TCGA-13-0793-01	0.86789652050234	2.36318874469177e-08	0.86789652050234
TCGA-13-0795-01	1	2.36318874469177e-08	1
TCGA-13-0797-01	0.8270749163443	0.172925107287587	1
TCGA-13-0799-01	1	2.36318874469177e-08	1
TCGA-13-0800-01	8.57128556474988e-05	0.0223303612138718	0.0224160504376318
TCGA-13-0801-01	0.681851060218634	0.318148963413254	1
TCGA-13-0802-01	0.86535587991844	0.134644143713448	1
TCGA-13-0803-01	0.260692873705097	0.739307149926791	1
TCGA-13-0804-01	0.9935036414139	2.36318874469177e-08	0.9935036414139
TCGA-13-0805-01	0.952351781629261	0.0476482420026266	1
TCGA-13-0807-01	0.875141182803378	0.124858840828509	1
TCGA-13-0884-01	0.415555278694866	0.584444744937022	1
TCGA-13-0885-01	0.774946564757776	0.225053458874112	1
TCGA-13-0886-01	0.458201477248188	0.361276472617519	0.81947792623382
TCGA-13-0887-01	0.554226768661263	0.445773254970625	1
TCGA-13-0888-01	0.98151251452593	2.36318874469177e-08	0.98151251452593
TCGA-13-0890-01	0.995269014299324	0.00473100933256321	1
TCGA-13-0891-01	1.1579624832444e-06	0.750766086710216	0.750767221040812
TCGA-13-0893-01	0.665084685104864	0.334915338527023	1
TCGA-13-0897-01	0.865525556870066	0.134474466761821	1
TCGA-13-0899-01	0.970469593488526	0.029530430143361	1
TCGA-13-0900-01	0.29625593390785	0.703744089724038	1
TCGA-13-0901-01	0.796232018437788	0.2037680051941	1
TCGA-13-0903-01	0.559759844252628	0.440240179379259	1
TCGA-13-0904-01	7.59765180332806e-05	0.613052089926138	0.613128042812283
TCGA-13-0906-01	0.970045117526811	0.029954906105076	1
TCGA-13-0908-01	0.777978370489671	0.222021653142216	1
TCGA-13-0910-01	2.49080093334612e-05	0.0322445051489866	0.0322693895264325
TCGA-13-0911-01	0.774286880620638	0.22571314301125	1
TCGA-13-0912-01	0.983665024990957	0.0163349986409301	1
TCGA-13-0913-01	1	2.36318874469177e-08	1
TCGA-13-0913-02	1	2.36318874469177e-08	1
TCGA-13-0916-01	0.850346062996089	0.149653960635798	1
TCGA-13-0919-01	0.798162058314707	0.20183796531718	1
TCGA-13-0920-01	0.8802370684776	0.119762955154287	1
TCGA-13-0923-01	0.00153952293741714	0.208163016351423	0.209702515656953
TCGA-13-0924-01	0.962919370883237	0.0370806527486508	1
TCGA-13-1403-01	0.737767816044473	0.130128728089755	0.86789652050234
TCGA-13-1404-01	0.885339169338212	0.114660854293675	1
TCGA-13-1407-01	0.667618472441415	0.332381551190473	1
TCGA-13-1408-01	0.881326758438108	0.118673265193779	1
TCGA-13-1410-01	1	2.36318874469177e-08	1
TCGA-13-1411-01	0.811842888784604	0.188157134847283	1
TCGA-13-1412-01	5.17538334348008e-06	0.999994848248544	1
TCGA-13-1481-01	0.942210606151768	0.0577894174801196	1
TCGA-13-1482-01	0.834462457036638	0.16553756659525	1
TCGA-13-1483-01	0.890806973656543	0.109193049975345	1
TCGA-13-1484-01	1	2.36318874469177e-08	1
TCGA-13-1485-01	1.93308839039576e-05	0.79466536609362	0.794684673345637
TCGA-13-1487-01	0.97701598078028	0.0229840428516069	1
TCGA-13-1488-01	0.294792174801479	0.411864521414342	0.706656672583934
TCGA-13-1489-01	0.968678485477709	0.0313215381541785	1
TCGA-13-1489-02	0.878362445376665	0.121637578255223	1
TCGA-13-1491-01	0.465234657788765	0.238375391869865	0.703610026026743
TCGA-13-1492-01	6.45150526379023e-06	0.259837281221303	0.25984370909468
TCGA-13-1494-01	0.716510767893132	0.283489255738756	1
TCGA-13-1495-01	0.928332685740845	0.0716673378910422	1
TCGA-13-1496-01	0.973069621005496	0.012960695964756	0.986030293338365
TCGA-13-1498-01	0.938875296089825	0.061124727542062	1
TCGA-13-1499-01	0.952599727392	0.0474002962398878	1
TCGA-13-1500-01	1	2.36318874469177e-08	1
TCGA-13-1501-01	0.84776019097968	0.152239832652207	1
TCGA-13-1504-01	0.924667498162503	0.0753325254693848	1
TCGA-13-1505-01	0.87881615398311	0.121183869648778	1
TCGA-13-1507-01	1	2.36318874469177e-08	1
TCGA-13-1509-01	0.995790144680559	0.0042098789513284	1
TCGA-13-1510-01	0.6630103489234	0.336989674708488	1
TCGA-13-1511-01	2.45771629096771e-06	0.927010883382166	0.927013317466569
TCGA-13-1512-01	0.607408228046579	0.390196089366913	0.997604293781604
TCGA-13-1819-01	0.954854162187439	0.0451458614444481	1
TCGA-13-1819-02	0.954867963209689	0.0450065042043727	0.999874443782174
TCGA-13-2057-01	1.44154513220221e-06	0.922471505024635	0.92247292293788
TCGA-13-2059-01	1	2.36318874469177e-08	1
TCGA-13-2060-01	0.850902901159206	0.149097122472682	1
TCGA-13-2061-01	0.938062997223773	0.0572185892396548	0.995281562831541
TCGA-13-2065-01	0.991847542375873	0.00815248125601398	1
TCGA-13-2071-01	0.634611271758056	0.365388751873831	1
TCGA-13-A5FT-01	0.869119612467295	0.130880411164592	1
TCGA-13-A5FU-01	0.948774221089446	0.0512258025424414	1
TCGA-20-0987-01	0.95035351649338	0.0318591399609403	0.982212632822432
TCGA-20-0990-01	1	2.36318874469177e-08	1
TCGA-20-0991-01	0.892602618989743	0.107397404642144	1
TCGA-20-0996-01	3.89926142316992e-06	0.645658635590294	0.645662511219829
TCGA-20-1682-01	0.728576973287412	0.271423050344475	1
TCGA-20-1683-01	0.943296160531978	0.056703863099909	1
TCGA-20-1684-01	0.642006823660227	2.36318874469177e-08	0.642006823660227
TCGA-20-1685-01	0.747914048745872	0.252085974886015	1
TCGA-20-1686-01	1	2.36318874469177e-08	1
TCGA-23-1021-01	1	2.36318874469177e-08	1
TCGA-23-1022-01	0.676433591820493	0.323566431811394	1
TCGA-23-1024-01	0.909066482312737	0.0909335413191499	1
TCGA-23-1026-01	0.669202848701142	0.330797174930746	1
TCGA-23-1027-01	1	2.36318874469177e-08	1
TCGA-23-1028-01	0.63138918206871	0.368610841563177	1
TCGA-23-1029-01	0.691906121098393	2.11505392347933e-05	0.69192724800574
TCGA-23-1031-01	0.751544402922168	0.24845562070972	1
TCGA-23-1109-01	0.10633864882226	0.199524805281519	0.305863430471891
TCGA-23-1110-01	0.000272806508297416	0.377302555226185	0.377575338102595
TCGA-23-1111-01	1.72512778116003e-06	0.148227327224553	0.148229028720447
TCGA-23-1114-01	0.85628251127371	0.143717512358177	1
TCGA-23-1116-01	0.936353419224531	0.0636466044073565	1
TCGA-23-1117-01	0.00246107201898038	0.346349769043201	0.348810817430294
TCGA-23-1118-01	0.791006630020541	0.208993393611346	1
TCGA-23-1119-01	0.955689478511832	0.0443105451200554	1
TCGA-23-1120-01	0.941497797531725	0.0585022261001624	1
TCGA-23-1121-01	0.836162936759226	0.107430134806211	0.94359304793355
TCGA-23-1122-01	0.0486615064392403	0.221825130366489	0.270486613173841
TCGA-23-1123-01	0.0189112997429371	2.36318874469177e-08	0.018911299742937
TCGA-23-1124-01	0.935512643934146	0.0644873796977415	1
TCGA-23-1809-01	0.791006630020541	0.208993393611346	1
TCGA-23-2072-01	0.926430578754848	0.0735694448770393	1
TCGA-23-2077-01	0.81890230072021	0.181097722911677	1
TCGA-23-2078-01	2.02052637382441e-05	0.399004969927714	0.399025151559565
TCGA-23-2079-01	0.82935035988765	0.170649663744237	1
TCGA-23-2081-01	8.18608579991552e-05	0.0268772545115991	0.0269590917377108
TCGA-23-2084-01	0.335365974988105	0.365210638338399	0.700576589694616
TCGA-23-2641-01	0.974489093954855	0.0255109296770329	1
TCGA-23-2643-01	0.989024358946061	0.0109756646858261	1
TCGA-23-2645-01	0.925015265017675	0.0749847586142129	1
TCGA-24-0966-01	2.83582648957812e-06	0.922471505024635	0.922474317219238
TCGA-24-0968-01	0.650648248666819	0.349351774965069	1
TCGA-24-0975-01	0.854266073216408	0.145733950415479	1
TCGA-24-0979-01	0.823779615067748	0.176220408564139	1
TCGA-24-0980-01	1	2.36318874469177e-08	1
TCGA-24-0982-01	1	2.36318874469177e-08	1
TCGA-24-1103-01	0.66473327893903	0.335266744692857	1
TCGA-24-1104-01	0.777923237296336	0.222076786335551	1
TCGA-24-1105-01	0.946738168565591	0.0532618550662962	1
TCGA-24-1413-01	0.884872864935776	0.115127158696112	1
TCGA-24-1416-01	1	2.36318874469177e-08	1
TCGA-24-1417-01	0.908363457294084	0.0916365663378037	1
TCGA-24-1419-01	0.772032469457085	0.227967554174802	1
TCGA-24-1422-01	0.712516317227462	0.287483706404426	1
TCGA-24-1423-01	0.909675806897798	0.0903242167340892	1
TCGA-24-1424-01	1	2.36318874469177e-08	1
TCGA-24-1426-01	0.000191630975033242	0.254585401458267	0.254777008801413
TCGA-24-1427-01	0.922356795843132	0.0776432277887553	1
TCGA-24-1428-01	0.761624631762022	0.238375391869865	1
TCGA-24-1431-01	1	2.36318874469177e-08	1
TCGA-24-1434-01	0.859686495600475	0.140313528031412	1
TCGA-24-1435-01	0.539473570404332	0.214302698860797	0.753776245633241
TCGA-24-1436-01	1	2.36318874469177e-08	1
TCGA-24-1464-01	0.828790024205197	0.17120999942669	1
TCGA-24-1466-01	6.47513715120339e-05	0.284407496356081	0.284472224095706
TCGA-24-1467-01	0.949635603385655	0.0280527045915292	0.977688284345297
TCGA-24-1469-01	0.000360008172851943	0.603131045479898	0.603491030020863
TCGA-24-1470-01	0.911948249191447	0.0880517744404407	1
TCGA-24-1471-01	3.87562953575677e-06	0.291494274017312	0.29149812601496
TCGA-24-1474-01	0.339749879158344	0.263821428384061	0.603571283910518
TCGA-24-1544-01	0.872813985426593	0.127186038205294	1
TCGA-24-1546-01	0.921912634519202	0.0780873891126855	1
TCGA-24-1548-01	1	2.36318874469177e-08	1
TCGA-24-1549-01	1	2.36318874469177e-08	1
TCGA-24-1550-01	0.96422715953268	0.035772864099207	1
TCGA-24-1552-01	0.986893046284044	0.0131069773478434	1
TCGA-24-1553-01	0.876427490067163	0.123572533564724	1
TCGA-24-1555-01	0.580669054653135	0.419330968978752	1
TCGA-24-1556-01	0.823562319862984	0.176437703768903	1
TCGA-24-1557-01	3.45025556232005e-06	0.0701432229442184	0.0701466495678933
TCGA-24-1558-01	0.946367975049264	0.0536320485826232	1
TCGA-24-1562-01	0.00313363553475865	0.814897310232754	0.818030922135625
TCGA-24-1563-01	0.0114148160496247	0.0170528172211046	0.0284676096388419
TCGA-24-1564-01	0.00167450827832106	0.394717294803022	0.396391779449455
TCGA-24-1567-01	0.911948249191447	0.0880517744404407	1
TCGA-24-1603-01	9.21643609112891e-07	0.626724200229579	0.626725098241301
TCGA-24-1604-01	0.750870114278609	0.249129909353279	1
TCGA-24-1614-01	0.884155849839773	0.115844173792114	1
TCGA-24-1842-01	0.978778139729017	0.0212218839028705	1
TCGA-24-1843-01	0.605967769981198	0.394032253650689	1
TCGA-24-1845-01	0.65481041483746	0.345189608794427	1
TCGA-24-1846-01	0.937829655967456	0.0621703676644317	1
TCGA-24-1847-01	0.603094605109507	0.0322445051489866	0.635339086626606
TCGA-24-1850-01	0.929621403457147	0.0703786201747408	1
TCGA-24-1852-01	0.972413836129781	0.0212218839028705	0.993635696400764
TCGA-24-1852-02	1	2.36318874469177e-08	1
TCGA-24-1920-01	1	2.36318874469177e-08	1
TCGA-24-1923-01	2.12686986718359e-05	0.483518412761446	0.48353965782823
TCGA-24-1924-01	0.905944969936222	0.0940550536956656	1
TCGA-24-1927-01	0.815135236075229	0.184864787556658	1
TCGA-24-1928-01	1	2.36318874469177e-08	1
TCGA-24-1930-01	1	2.36318874469177e-08	1
TCGA-24-2019-01	0.691852925719826	0.308147097912061	1
TCGA-24-2020-01	1	2.36318874469177e-08	1
TCGA-24-2023-01	0.88429957897902	0.115700444652867	1
TCGA-24-2024-01	0.869119612467295	0.130880411164592	1
TCGA-24-2026-01	1.37301265870408e-05	0.613114336317584	0.613128042812283
TCGA-24-2027-01	0.995194479326423	0.00480554430546432	1
TCGA-24-2029-01	0.116604057131884	0.293128962565342	0.409732996065338
TCGA-24-2030-01	0.728732991008114	0.271267032623773	1
TCGA-24-2033-01	0.32983462452452	0.222168572586264	0.552003173478897
TCGA-24-2035-01	1	2.36318874469177e-08	1
TCGA-24-2254-01	0.772427783669732	0.227572239962155	1
TCGA-24-2260-01	0.617135254697157	0.382864768934731	1
TCGA-24-2261-01	1	2.36318874469177e-08	1
TCGA-24-2267-01	0.720318337593139	0.132980955109197	0.853299269070449
TCGA-24-2271-01	0.000229725577543241	0.63484345505189	0.635073156997546
TCGA-24-2280-01	0.280729074920787	0.13643456639953	0.41716361768843
TCGA-24-2281-01	0.955738798260863	0.0097356759213707	0.965474450550347
TCGA-24-2288-01	0.764377770277542	0.235622253354346	1
TCGA-24-2289-01	0.727799129713209	0.272200893918679	1
TCGA-24-2290-01	0.98988675741343	0.010113266218458	1
TCGA-24-2293-01	0.783716381808684	0.216283641823204	1
TCGA-24-2295-01	0.602705340660038	0.0400115030575172	0.642716820085667
TCGA-24-2297-01	0.941000677148102	0.0589993464837855	1
TCGA-25-1312-01	0.93191490176248	0.0680851218694071	1
TCGA-25-1313-01	0.794851750789648	0.20514827284224	1
TCGA-25-1314-01	1	2.36318874469177e-08	1
TCGA-25-1315-01	0.841777684153491	0.158222339478396	1
TCGA-25-1316-01	5.19901523089323e-06	0.857701747904194	0.857706923287538
TCGA-25-1318-01	0.78010372791606	0.219896295715827	1
TCGA-25-1319-01	1	2.36318874469177e-08	1
TCGA-25-1320-01	0.430651588325148	0.20996655473502	0.64061811942828
TCGA-25-1321-01	0.927085914624702	0.0729141090071852	1
TCGA-25-1322-01	0.954381737126163	0.0456182865057244	1
TCGA-25-1323-01	1	2.36318874469177e-08	1
TCGA-25-1623-01	0.795396371266971	0.204603652364916	1
TCGA-25-1625-01	0.651804816868706	0.348195206763181	1
TCGA-25-1626-01	1	2.36318874469177e-08	1
TCGA-25-1627-01	0.846935249053862	0.153064774578025	1
TCGA-25-1630-01	1	2.36318874469177e-08	1
TCGA-25-1631-01	0.958921304538792	0.0410787190930951	1
TCGA-25-1632-01	0.00034790864649641	0.25891436149027	0.259262246504879
TCGA-25-1633-01	0.792380824273616	0.207619199358271	1
TCGA-25-1635-01	0.999904007273328	9.6016358559603e-05	1
TCGA-25-1870-01	0.000595665354135885	0.208215550037142	0.208811191759391
TCGA-25-1871-01	0.763937484583147	0.202117719600377	0.966055180551637
TCGA-25-1877-01	0.396363397552672	0.603636626079215	1
TCGA-25-1878-01	0.944525160468787	0.0554748631631007	1
TCGA-25-2042-01	0.761035323385601	0.238964700246287	1
TCGA-25-2392-01	0.749020139236245	0.250979884395643	1
TCGA-25-2393-01	0.803339024994644	0.196660998637244	1
TCGA-25-2396-01	1	2.36318874469177e-08	1
TCGA-25-2397-01	0.664415760899747	0.33558426273214	1
TCGA-25-2399-01	0.949947686090833	0.0500523375410539	1
TCGA-25-2400-01	1	2.36318874469177e-08	1
TCGA-25-2401-01	0.696794896911326	0.303205126720561	1
TCGA-25-2404-01	0.827232611929008	0.172767411702879	1
TCGA-29-1691-01	0.825036595159254	0.174963428472634	1
TCGA-29-1692-01	0.9942655334641	0.00573449016778782	1
TCGA-29-1692-02	0.9942655334641	0.00573449016778782	1
TCGA-29-1693-01	0.538002839891174	0.461997183740713	1
TCGA-29-1694-01	0.938784431482722	0.0612155921491656	1
TCGA-29-1695-01	0.976501278272422	0.0234987453594654	1
TCGA-29-1697-01	0.901110098458478	0.0988899251734096	1
TCGA-29-1698-01	0.95206420519133	0.0479358184405573	1
TCGA-29-1699-01	0.0910816659894556	0.908918357642432	1
TCGA-29-1701-01	0.95998852057437	0.0400115030575172	1
TCGA-29-1702-01	0.822409556394971	0.177590467236917	1
TCGA-29-1703-01	0.985210904906089	0.0147891187257989	1
TCGA-29-1704-01	0.967755518482901	0.0322445051489866	1
TCGA-29-1704-02	0.615102936011513	0.370899849809903	0.986002762189528
TCGA-29-1705-01	0.727209136012052	0.0922688138536552	0.81947792623382
TCGA-29-1705-02	0.727499122902499	0.0919788269632084	0.81947792623382
TCGA-29-1707-01	0.73785983861406	0.262140185017828	1
TCGA-29-1707-02	0.73785983861406	0.262140185017828	1
TCGA-29-1710-01	1	2.36318874469177e-08	1
TCGA-29-1710-02	1	2.36318874469177e-08	1
TCGA-29-1711-01	0.717567964008446	0.101909985857261	0.81947792623382
TCGA-29-1761-01	0.957199981491506	0.0428000421403817	1
TCGA-29-1762-01	0.86832432856018	0.131675695071707	1
TCGA-29-1763-01	0.000401812981685807	0.914370234068646	0.914772023418444
TCGA-29-1764-01	0.618994942445247	0.38100508118664	1
TCGA-29-1766-01	0.847681733113469	0.152318290518419	1
TCGA-29-1768-01	0.767794066817649	0.0516838830480578	0.81947792623382
TCGA-29-1770-01	1	2.36318874469177e-08	1
TCGA-29-1770-02	1	2.36318874469177e-08	1
TCGA-29-1774-01	0.245939439129292	2.36318874469177e-08	0.245939439129292
TCGA-29-1775-01	0.795396371266971	0.204603652364916	1
TCGA-29-1776-01	0.766260640907185	0.233739382724703	1
TCGA-29-1777-01	0.969550053117393	0.030449970514494	1
TCGA-29-1778-01	0.404143463894942	0.0940550536956656	0.498198493958721
TCGA-29-1781-01	3.19030480077539e-06	0.29882443648701	0.298827603159924
TCGA-29-1783-01	1	2.36318874469177e-08	1
TCGA-29-1784-01	0.908917908636571	0.0910821149953164	1
TCGA-29-1785-01	0.000571560828974471	0.0272479442975617	0.0278194814946489
TCGA-29-2425-01	0.422905717323965	0.577094306307923	1
TCGA-29-2428-01	0.648154470115659	0.351845553516229	1
TCGA-29-2429-01	0.701804667987815	0.298195355644072	1
TCGA-29-2432-01	0.899662905305184	0.100337118326704	1
TCGA-29-2434-01	0.947977424741537	0.0520225988903505	1
TCGA-29-A5NZ-01	1.6116947215769e-05	0.401995703439286	0.402011796754614
TCGA-30-1714-01	1.77475474472764e-05	0.596101811464519	0.596119535380079
TCGA-30-1718-01	0.967755518482901	0.0322445051489866	1
TCGA-30-1855-01	0.942321345176186	0.0576786784557015	1
TCGA-30-1856-01	1	2.36318874469177e-08	1
TCGA-30-1857-01	0.8194730816969	2.36318874469177e-08	0.8194730816969
TCGA-30-1859-01	2.74129893992552e-06	0.669846368627289	0.669849086294342
TCGA-30-1860-01	0.987509365907779	0.0124906577241084	1
TCGA-30-1861-01	0.765926202436514	0.234073821195374	1
TCGA-30-1862-01	1	2.36318874469177e-08	1
TCGA-30-1866-01	0.00422134041672376	0.325724046764102	0.329945363548939
TCGA-30-1867-01	0.353525402601105	0.646474621030782	1
TCGA-30-1887-01	0.997088835053349	0.00291118857853867	1
TCGA-30-1891-01	0.539547963585908	0.326284264287118	0.865832204241139
TCGA-30-1892-01	0.0789810525671012	0.921018971064786	1
TCGA-31-1944-01	0.767719248262099	0.232280775369788	1
TCGA-31-1946-01	0.86442726490254	0.135572758729347	1
TCGA-31-1950-01	1	2.36318874469177e-08	1
TCGA-31-1951-01	0.928932912049252	0.0710671115826356	1
TCGA-31-1953-01	0.901928707038469	0.0486918025189039	0.950620485925486
TCGA-31-1955-01	0.797932285473389	0.202067738158498	1
TCGA-31-1956-01	1	2.36318874469177e-08	1
TCGA-31-1959-01	0.927547303594557	2.36318874469177e-08	0.927547303594557
TCGA-36-1568-01	0.441284779698583	0.138770625734095	0.58005538180079
TCGA-36-1569-01	0.892569888825676	0.107430134806211	1
TCGA-36-1570-01	0.9585313311327	0.0414686924991869	1
TCGA-36-1571-01	1	2.36318874469177e-08	1
TCGA-36-1574-01	1	2.36318874469177e-08	1
TCGA-36-1575-01	1	2.36318874469177e-08	1
TCGA-36-1576-01	0.969350481828189	0.0306495418036982	1
TCGA-36-1577-01	0.94562694995565	0.0543730736762373	1
TCGA-36-1578-01	0.812055008606024	0.187945015025863	1
TCGA-36-1580-01	1	2.36318874469177e-08	1
TCGA-36-1581-01	0.940706956419444	0.0592930672124435	1
TCGA-36-2529-01	0.956886764455732	0.0431132591761555	1
TCGA-36-2530-01	0.999754653744877	0.000245369887010738	1
TCGA-36-2532-01	0.000353556667588153	0.897868606989565	0.898222140025266
TCGA-36-2533-01	0.791727071740219	0.208272951891669	1
TCGA-36-2534-01	1	2.36318874469177e-08	1
TCGA-36-2537-01	0.841777684153491	0.158222339478396	1
TCGA-36-2538-01	1	2.36318874469177e-08	1
TCGA-36-2542-01	1	2.36318874469177e-08	1
TCGA-36-2543-01	0.73468784852603	0.265312175105858	1
TCGA-36-2544-01	0.6832954884411	0.316704535190787	1
TCGA-36-2545-01	0.00054530580205846	0.178028247951245	0.178573530121416
TCGA-36-2547-01	1	2.36318874469177e-08	1
TCGA-36-2548-01	1.72985415864266e-05	0.934386868081558	0.934404142991257
TCGA-36-2549-01	0.108759853847174	0.159975116567829	0.268734946783116
TCGA-36-2551-01	2.71766705251237e-06	0.531566506299103	0.531569200334268
TCGA-36-2552-01	1	2.36318874469177e-08	1
TCGA-3P-A9WA-01	0.690785591524811	0.309214432107076	1
TCGA-42-2582-01	8.22389681977656e-06	0.0589993464837855	0.0590075467487179
TCGA-42-2587-01	0.555603255207416	0.372396055497692	0.92799928707322
TCGA-42-2588-01	0.807158339742695	0.143462169814678	0.950620485925486
TCGA-42-2589-01	1	2.36318874469177e-08	1
TCGA-42-2590-01	0.821974469715807	0.17802555391608	1
TCGA-42-2591-01	0.322035699936095	0.163312813450401	0.485348489754608
TCGA-42-2593-01	0.971532413993045	0.0284676096388419	1
TCGA-57-1582-01	0.869302830490409	0.130697193141478	1
TCGA-57-1583-01	1	2.36318874469177e-08	1
TCGA-57-1584-01	0.00133288571387655	0.272381725121164	0.273714587203153
TCGA-57-1585-01	0.999754653744877	0.000245369887010738	1
TCGA-57-1586-01	0.922356795843132	0.0776432277887553	1
TCGA-57-1992-01	1	2.36318874469177e-08	1
TCGA-57-1993-01	1	2.36318874469177e-08	1
TCGA-57-1994-01	1	2.36318874469177e-08	1
TCGA-59-2348-01	1	2.36318874469177e-08	1
TCGA-59-2349-01	1.1579624832444e-06	0.750766086710216	0.750767221040812
TCGA-59-2350-01	0.931597312827535	0.0684027108043525	1
TCGA-59-2351-01	1	2.36318874469177e-08	1
TCGA-59-2352-01	0.838983757000297	0.161016266631591	1
TCGA-59-2354-01	0.774418817448065	0.225581206183822	1
TCGA-59-2355-01	0.951247203579683	0.0487528200522047	1
TCGA-59-2363-01	0.664072035097323	0.335927988534564	1
TCGA-59-2372-01	0.00312075615611849	0.441398236390053	0.444518968914284
TCGA-59-A5PD-01	0.89768631061006	0.102313713021827	1
TCGA-5X-AA5U-01	0.00018577026695478	0.0392545973355614	0.0394403439706288
TCGA-61-1721-01	9.26369986595521e-06	0.276891752674527	0.276900992742506
TCGA-61-1722-01	0.945121605675207	0.0548784179566802	1
TCGA-61-1724-01	0.81916823034927	2.36318874469177e-08	0.81916823034927
TCGA-61-1725-01	0.372799262760735	0.223393980476185	0.596193219605033
TCGA-61-1727-01	0.858752799728782	0.141247223903106	1
TCGA-61-1728-01	0.784225034553364	0.215774989078523	1
TCGA-61-1730-01	1	2.36318874469177e-08	1
TCGA-61-1733-01	1	2.36318874469177e-08	1
TCGA-61-1737-01	0.961136415873577	0.0388636077583109	1
TCGA-61-1740-01	0.885919663020629	0.114080360611259	1
TCGA-61-1741-01	0.999978873092653	2.11505392347933e-05	1
TCGA-61-1895-01	0.861270493750004	0.138729529881884	1
TCGA-61-1900-01	0.517734809859961	0.482265213771927	1
TCGA-61-1901-01	0.0183657812538919	0.920768591217644	0.939134348839648
TCGA-61-1903-01	0.260097822780034	0.739902200851854	1
TCGA-61-1904-01	1	2.36318874469177e-08	1
TCGA-61-1906-01	0.00237528826767064	0.661762467108548	0.664137731744332
TCGA-61-1907-01	0.96452260538912	0.0354774182427678	1
TCGA-61-1910-01	0.961487349401662	0.0385126742302255	1
TCGA-61-1913-01	0.63881287954879	0.180665070316917	0.81947792623382
TCGA-61-1914-01	0.948774221089446	0.0512258025424414	1
TCGA-61-1915-01	0.926579814123862	0.0734202095080252	1
TCGA-61-1916-02	0.898990956218478	0.101009067413409	1
TCGA-61-1917-01	0.773888754213388	0.0922688138536552	0.866157544435156
TCGA-61-1918-01	0.683207436028599	0.316792587603288	1
TCGA-61-1919-01	1	2.36318874469177e-08	1
TCGA-61-1998-01	1	2.36318874469177e-08	1
TCGA-61-2000-01	0.96422715953268	0.035772864099207	1
TCGA-61-2002-01	0.367997168710833	0.632002854921055	1
TCGA-61-2003-01	0.0297421954864702	0.379990824210755	0.409732996065338
TCGA-61-2008-01	0.86452318673355	2.36318874469177e-08	0.86452318673355
TCGA-61-2012-01	0.835540969114399	0.164459054517488	1
TCGA-61-2016-01	0.000449998400121222	0.91432204865021	0.914772023418444
TCGA-61-2017-01	0.000453968557206631	0.664312442287977	0.664766387213296
TCGA-61-2018-01	0.911948249191447	0.0880517744404407	1
TCGA-61-2087-01	0.922356795843132	0.0776432277887553	1
TCGA-61-2088-01	0.577978469743598	0.422021553888289	1
TCGA-61-2094-01	0.000155450555403708	0.0341596096730609	0.0343150365965772
TCGA-61-2095-02	7.45113410136652e-05	0.057148638852912	0.0572231265620382
TCGA-61-2096-01	0.407176971122732	0.0475412131845325	0.454718160675377
TCGA-61-2097-01	0.863322048792002	0.136677974839886	1
TCGA-61-2098-01	1	2.36318874469177e-08	1
TCGA-61-2101-01	1	2.36318874469177e-08	1
TCGA-61-2102-01	0.888309815745482	0.111690207886405	1
TCGA-61-2104-01	0.896352314197476	0.103647709434412	1
TCGA-61-2109-01	0.81947792623382	2.36318874469177e-08	0.81947792623382
TCGA-61-2110-01	1	2.36318874469177e-08	1
TCGA-61-2111-01	0.632192406289996	0.367807617341892	1
TCGA-61-2113-01	0.978886751883568	0.0211132717483197	1
TCGA-61-2610-02	0.833852707077604	0.166147316554284	1
TCGA-61-2611-02	0.663291284800967	0.204603652364916	0.867894913533996
TCGA-61-2612-01	9.08173433287395e-05	0.0940550536956656	0.094145847407107
TCGA-61-2613-01	0.754164210328902	0.245835813302985	1
TCGA-61-2614-01	0.0677045303226183	0.932295493309269	1
TCGA-72-4231-01	0.712516317227462	0.287483706404426	1
TCGA-72-4232-01	0.772032469457085	0.227967554174802	1
TCGA-72-4234-01	0.453350677878327	0.263821428384061	0.717172082630501
TCGA-72-4235-01	0.946447260031535	0.0535527636003521	1
TCGA-72-4237-01	1.08470363226363e-05	0.89090419524136	0.890915018645795
TCGA-72-4238-01	0.00313363553475865	0.814897310232754	0.818030922135625
TCGA-72-4240-01	0.986893046284044	0.0131069773478434	1
TCGA-72-4241-01	0.750870114278609	0.249129909353279	1
TCGA-VG-A8LO-01	0.532874791218183	0.286603158647524	0.81947792623382
TCGA-WR-A838-01	0.801481322325096	0.198518701306791	1
