Sample	percent	start	end
TCGA-04-1335-01	0	0.924700581617033	0.154514351986557
TCGA-04-1336-01	0	0.983564125073927	0.553363947828096
TCGA-04-1338-01	0	0.855626890324908	0.756876642400031
TCGA-04-1341-01	0	0.368015166620246	0.171675171935493
TCGA-04-1342-01	0	0.778655165461626	0.171675171935493
TCGA-04-1346-01	0	0.78110572490452	0.759641577541901
TCGA-04-1347-01	0	0.934651758417418	0.0369750599847285
TCGA-04-1348-01	0	0.64714381336608	0.217113450341874
TCGA-04-1353-01	0	0.241824523763313	0.184732957905792
TCGA-04-1357-01	0	0.869308109172697	0.838943162117341
TCGA-04-1360-01	0	0.914403782809953	0.290189624892116
TCGA-04-1361-01	3.88354273030257e-05	0.934169184508803	0.934208009708182
TCGA-04-1364-01	0	0.759640933182691	0.383005160846787
TCGA-04-1365-01	0.00482267070896041	0.919727754756312	0.924550415237348
TCGA-04-1367-01	7.7619714986216e-05	0.329982498385624	0.330060107872687
TCGA-04-1371-01	0	0.939880753861819	0.0454090163159117
TCGA-04-1514-01	1	1.02279239522218e-08	1
TCGA-04-1516-01	0	0.949813632906226	0.239384857059444
TCGA-04-1525-01	0	0.929376655491773	0.0817925545459276
TCGA-04-1530-01	0	0.855626890324908	0.14709647853396
TCGA-04-1536-01	0	0.966291882121294	0.319835579576358
TCGA-04-1638-01	0	0.819158859214999	0.379416959648958
TCGA-04-1644-01	0	0.239384560449649	0.0450834205843433
TCGA-04-1648-01	0.00157486504868001	0.0368542579747533	0.0384291127955093
TCGA-04-1649-01	0	0.466242419880989	0.222281057786625
TCGA-04-1651-01	0	0.767341608732978	0.0412925530731065
TCGA-04-1652-01	4.11162543476859e-06	0.767341608732978	0.767345710130489
TCGA-04-1654-01	0	0.971815247445392	0.616467927194201
TCGA-04-1655-01	0	0.544682874625944	0.200851685365494
TCGA-09-0364-01	0	0.950722271443538	0.41306788297684
TCGA-09-0365-01	0	0.551790320358216	0.414656105694221
TCGA-09-0366-01	1	1.02279239522218e-08	1
TCGA-09-0367-01	0	0.865629912471881	0.0612154852568977
TCGA-09-0369-01	0	0.852997199021654	0.167776808943362
TCGA-09-1659-01	0	0.855626890324908	0.157236974206976
TCGA-09-1661-01	0	0.958354685829269	0.319028954352694
TCGA-09-1662-01	3.06837719012582e-07	0.239384560449649	0.239384857059444
TCGA-09-1665-01	0	0.734867725123152	0.239384857059444
TCGA-09-1667-01	0.00949900028179976	0.639520624567768	0.649019614621644
TCGA-09-1668-01	1.25803464795158e-06	0.561499115816429	0.561500363623153
TCGA-09-1669-01	0	0.561499115816429	0.265036490368896
TCGA-09-1673-01	0	0.864168833077335	0.377202307272365
TCGA-09-1674-01	0	0.767341608732978	0.756580656508347
TCGA-09-1675-01	1.00131375637772e-05	0.171752842790099	0.171762845699739
TCGA-09-2044-01	0	0.840357898788392	0.0176463190438053
TCGA-09-2049-01	0	0.353970293935807	0.352191637502082
TCGA-09-2050-01	0	0.728094793872148	0.149001807806017
TCGA-09-2051-01	0	0.868625650945993	0.117112910307489
TCGA-09-2053-01	0	0.843139137241066	0.221518985399761
TCGA-09-2054-01	0	0.997482611301905	0.148423756227169
TCGA-10-0927-01	0	0.374798243971825	0.364684218166037
TCGA-10-0930-01	0.000898983377087028	0.574766144655247	0.57566511780441
TCGA-10-0931-01	0.000131101529410109	0.340623497517969	0.340754588819455
TCGA-10-0933-01	0	0.83807902527721	0.522155125449988
TCGA-10-0935-01	1.57203191374113e-05	0.855626890324908	0.855642600416121
TCGA-10-0936-01	0	0.980234219867963	0.102953945131197
TCGA-13-0714-01	0	0.823845795144993	0.244181149952493
TCGA-13-0717-01	6.70951812240845e-06	0.767342273548036	0.767348972838234
TCGA-13-0723-01	0	0.924723369431632	0.0450340299395063
TCGA-13-0724-01	0	0.854788814235045	0.0395847863803983
TCGA-13-0725-01	0	0.166718760892739	0.0651642514583383
TCGA-13-0726-01	1.57203191374113e-05	0.855626890324908	0.855642600416121
TCGA-13-0751-01	0	0.85279879775254	0.534025848336743
TCGA-13-0755-01	0	0.754750563844993	0.414973447491148
TCGA-13-0757-01	0	0.956554663262377	0.267432494065349
TCGA-13-0760-01	0	0.942617449705616	0.290140714959705
TCGA-13-0761-01	3.27293566946754e-06	0.767345710130489	0.767348972838234
TCGA-13-0762-01	0	0.731476697843561	0.455160024461921
TCGA-13-0764-01	0	0.935064823354752	0.0372603986075623
TCGA-13-0766-01	0	0.266949991752202	0.266046733102897
TCGA-13-0791-01	0	0.776472598082518	0.157236974206976
TCGA-13-0791-02	0	0.157211547587994	0.0700673852451478
TCGA-13-0792-01	0	0.888066868366782	0.759715566343879
TCGA-13-0793-01	0	0.735794518225506	0.0450834205843433
TCGA-13-0795-01	0	0.844307646870534	0.0482566237672079
TCGA-13-0797-01	0	0.967294372088928	0.919150674830241
TCGA-13-0799-01	2.91495833061952e-06	0.636115421385558	0.636118326115965
TCGA-13-0800-01	0	0.921462287926042	0.360787195031945
TCGA-13-0801-01	7.42138163051764e-05	0.844992416608054	0.845066620196435
TCGA-13-0802-01	0	0.875504287791197	0.413868340762352
TCGA-13-0804-01	0.217881383329171	0.340734122743597	0.558615495844845
TCGA-13-0805-01	0	0.878848706421271	0.736604723222559
TCGA-13-0807-01	4.74575672072793e-06	0.798170064846674	0.798174800375471
TCGA-13-0884-01	6.71974604637553e-06	0.586120541484296	0.586127251002418
TCGA-13-0885-01	1.06370409257695e-06	0.14794686904428	0.147947922520449
TCGA-13-0886-01	3.50510954352039e-05	0.539020133381947	0.539055174249459
TCGA-13-0887-01	0	0.759727717117552	0.0568305901495765
TCGA-13-0888-01	0	0.855626890324908	0.325538025621195
TCGA-13-0889-01	1.35417713324219e-05	0.368639438187501	0.368652969730909
TCGA-13-0891-01	0	0.881534641078419	0.171675171935493
TCGA-13-0897-01	4.51051446948495e-06	0.277727012045385	0.277731512331931
TCGA-13-0899-01	6.96317063679218e-05	0.759641577541901	0.759711199020345
TCGA-13-0900-01	9.28695496211413e-06	0.759706289616841	0.759715566343879
TCGA-13-0901-01	0	0.248413577397237	0.0396058968154663
TCGA-13-0903-01	0.00023825948881327	0.68586101609597	0.68609926535686
TCGA-13-0904-01	0	0.933988037747422	0.112619619661965
TCGA-13-0905-01	0	0.934169184508803	0.0371770921668503
TCGA-13-0906-01	0.146865112665901	0.820534453621029	0.967399556059006
TCGA-13-0911-01	0	0.900625869168979	0.311102405329517
TCGA-13-0912-01	0	0.907139757789669	0.65344084954282
TCGA-13-0913-01	0	0.595048772469112	0.246229864490644
TCGA-13-0913-02	0	0.855166858760716	0.161272524343277
TCGA-13-0916-01	0	0.83432749436155	0.0949525686162781
TCGA-13-0919-01	0	0.534024692581335	0.177225753765267
TCGA-13-0920-01	0	0.76734540329277	0.00679173017525592
TCGA-13-0921-01	0	0.759706289616841	0.109028830799372
TCGA-13-0923-01	0	0.767341608732978	0.05702587190188
TCGA-13-0924-01	1.1526870310906e-05	0.173701487320156	0.173713003962543
TCGA-13-1403-01	0	0.863640714223295	0.574851987621103
TCGA-13-1404-01	1.53418859506291e-07	0.414655962503285	0.414656105694221
TCGA-13-1405-01	2.2460521031721e-05	0.396729111960911	0.396751562254018
TCGA-13-1408-01	3.05814926615873e-06	0.161269476421935	0.161272524343277
TCGA-13-1412-01	0	0.631525732556644	0.0968917932283616
TCGA-13-1481-01	0	0.767341608732978	0.445684763191649
TCGA-13-1482-01	2.08445090449214e-05	0.978498357068117	0.978519191349238
TCGA-13-1484-01	0	0.773249513314466	0.605451041628142
TCGA-13-1485-01	0	0.884402888480281	0.587524068350679
TCGA-13-1487-01	0.000558935588953318	0.85458566720921	0.85514459257024
TCGA-13-1488-01	1.57203191374113e-05	0.855626890324908	0.855642600416121
TCGA-13-1489-01	0	0.425226255997246	0.239384857059444
TCGA-13-1489-02	0	0.425226255997246	0.171675171935493
TCGA-13-1491-01	0	0.628110148031607	0.52092646539967
TCGA-13-1492-01	0	0.492041048913696	0.259737668887572
TCGA-13-1495-01	0	0.75643125722296	0.670135327298476
TCGA-13-1496-01	0	0.878848706421271	0.110945277824781
TCGA-13-1497-01	7.36410525630196e-07	0.20772669129769	0.207727417480291
TCGA-13-1498-01	0	0.912479378459698	0.371689006225451
TCGA-13-1499-01	3.06837719012582e-07	0.239384560449649	0.239384857059444
TCGA-13-1500-01	0	0.891378036016039	0.884403512383643
TCGA-13-1501-01	0	0.978498357068117	0.92302925701742
TCGA-13-1505-01	0	0.99641393643828	0.171675171935493
TCGA-13-1506-01	2.65926023144237e-07	0.767341874659001	0.7673421303571
TCGA-13-1507-01	0	0.9931648931992	0.0575567932070875
TCGA-13-1509-01	0	0.653966084122302	0.402228820096872
TCGA-13-1510-01	0	0.730298942170827	0.518907534576111
TCGA-13-1511-01	9.28695496211413e-06	0.759706289616841	0.759715566343879
TCGA-13-1512-01	0	0.237011907103612	0.0899100793654171
TCGA-13-1819-01	0	0.552364730796132	0.05702587190188
TCGA-13-1819-02	0	0.552364730796132	0.0870505256989272
TCGA-13-2057-01	0	0.853897266558682	0.320703296189877
TCGA-13-2059-01	0	0.988253607756988	0.24498378628581
TCGA-13-2060-01	5.84014458520613e-06	0.771437350201826	0.771443180118487
TCGA-13-2061-01	0	0.892397402058218	0.0583392907581134
TCGA-13-2065-01	0	0.774149775182049	0.183349815291875
TCGA-13-2071-01	0	0.97151637727915	0.0651642514583383
TCGA-13-A5FT-01	0	0.632132575741459	0.567617572440703
TCGA-13-A5FU-01	0	0.809759059567757	0.557180835177905
TCGA-20-0990-01	0	0.956927512002673	0.224979695525341
TCGA-20-0991-01	7.67094297531454e-06	0.759707905628828	0.759715566343879
TCGA-20-0996-01	1.13529956034655e-06	0.934169184508803	0.934170309580439
TCGA-20-1682-01	0	0.891378036016039	0.244096851403157
TCGA-20-1683-01	0	0.780033818016922	0.330286513197622
TCGA-20-1684-01	0	0.984659494819107	0.0825431409741763
TCGA-20-1685-01	0	0.559197035145765	0.171675171935493
TCGA-20-1687-01	0	0.855626890324908	0.239384857059444
TCGA-23-1021-01	0	0.62635048485269	0.594783756731201
TCGA-23-1022-01	0	0.96815221875582	0.16386256198531
TCGA-23-1024-01	1.81034254217423e-06	0.114301090362154	0.114302890476772
TCGA-23-1026-01	1.83284397490182e-05	0.147951205684042	0.147969523895867
TCGA-23-1027-01	0	0.86862463838152	0.51268021192913
TCGA-23-1028-01	0	0.365013700508712	0.151940280133837
TCGA-23-1029-01	0	0.693718516404445	0.256154960084913
TCGA-23-1030-01	0	0.891378036016039	0.00258432023253552
TCGA-23-1031-01	1.00233654877443e-05	0.45044643456207	0.450456447699634
TCGA-23-1032-01	0	0.949813632906226	0.156350070008094
TCGA-23-1109-01	0	0.720003841199125	0.534025848336743
TCGA-23-1110-01	0	0.884402888480281	0.0568455126906444
TCGA-23-1111-01	0	0.506337845593368	0.0720559595903725
TCGA-23-1113-01	0	0.987282537971781	0.576771503023702
TCGA-23-1114-01	0	0.934169184508803	0.679576335251383
TCGA-23-1116-01	0	0.776472598082518	0.00253871391956628
TCGA-23-1117-01	0	0.617869050498452	0.0801119839030477
TCGA-23-1118-01	0.000330228981125307	0.823494936441226	0.823825155194427
TCGA-23-1120-01	3.41919498219687e-05	0.0836961450709098	0.0837303267928078
TCGA-23-1121-01	0	0.759707455600173	0.0858765236742892
TCGA-23-1122-01	0	0.767345710130489	0.435738741264944
TCGA-23-1124-01	0.000644512628785927	0.421984085923071	0.422628588323933
TCGA-23-1809-01	0	0.967348406211246	0.881534702445963
TCGA-23-2072-01	0	0.759706289616841	0.171675171935493
TCGA-23-2077-01	0	0.484919969358776	0.367732548625187
TCGA-23-2078-01	1.28871841985284e-06	0.147769363423831	0.147770641914327
TCGA-23-2079-01	0	0.40895215614456	0.117106671273869
TCGA-23-2081-01	0.000849623416021871	0.568906239720936	0.569755852909034
TCGA-23-2084-01	0	0.878848706421271	0.767348972838234
TCGA-23-2641-01	0	0.36838045692473	0.147770641914327
TCGA-23-2643-01	3.66159678021681e-05	0.900625869168979	0.900662474908857
TCGA-23-2645-01	4.19344882650528e-07	0.431356761115953	0.431357170232912
TCGA-24-0968-01	0	0.466768677252868	0.171675171935493
TCGA-24-0970-01	0	0.834773125008796	0.00291940747754516
TCGA-24-0979-01	1.11484371241238e-05	0.649895595397729	0.649906733606929
TCGA-24-0980-01	0	0.649610972729573	0.0303486846562485
TCGA-24-1103-01	1.85023144564587e-05	0.898548005047521	0.898566497134054
TCGA-24-1105-01	0	0.864262940205756	0.687082762069687
TCGA-24-1413-01	0.000526114180942939	0.0821387288605177	0.0826648328135366
TCGA-24-1417-01	0	0.935340486361513	0.0700871762780241
TCGA-24-1422-01	0	0.759706289616841	0.257860895979231
TCGA-24-1423-01	0.00120966679551123	0.56029115708422	0.561500813651807
TCGA-24-1424-01	0	0.855006863346099	0.252216636593843
TCGA-24-1425-01	0	0.788274231342876	0.265557367852768
TCGA-24-1427-01	0	0.880206299681118	0.724642368364982
TCGA-24-1428-01	2.6265308747477e-05	0.479083793208069	0.479110048288893
TCGA-24-1430-01	0	0.725651424659803	0.171736682670231
TCGA-24-1431-01	0	0.922757838599105	0.245348667473336
TCGA-24-1434-01	0	0.855626890324908	0.117112910307489
TCGA-24-1435-01	5.33283955643867e-05	0.636850942081803	0.636904260249443
TCGA-24-1436-01	0	0.809864683338565	0.759715566343879
TCGA-24-1463-01	0.000324757041802916	0.863640714223295	0.863965461037174
TCGA-24-1464-01	0	0.684283553154603	0.171675171935493
TCGA-24-1469-01	0	0.879649246030174	0.183349815291875
TCGA-24-1544-01	0	0.674890248239079	0.591875098801746
TCGA-24-1545-01	0	0.963902393612408	0.438825549174058
TCGA-24-1546-01	4.91963142816839e-06	0.759706289616841	0.759711199020345
TCGA-24-1548-01	0	0.800259639941074	0.356802099244574
TCGA-24-1549-01	0	0.875678489792205	0.562588655644947
TCGA-24-1550-01	0	0.582636092347189	0.102406004560509
TCGA-24-1551-01	3.3752149091384e-07	0.13172628168979	0.131726608983357
TCGA-24-1553-01	0	0.809864683338565	0.357412962003508
TCGA-24-1555-01	1.87171008597675e-06	0.586581217407697	0.58658307888986
TCGA-24-1556-01	0	0.889895222283063	0.759707609019032
TCGA-24-1557-01	0	0.909691819150012	0.431357170232912
TCGA-24-1562-01	0	0.674650884134477	0.239384857059444
TCGA-24-1563-01	0	0.893901530784742	0.108443128733397
TCGA-24-1564-01	0	0.767341608732978	0.534025848336743
TCGA-24-1565-01	0.201662933610791	0.798337076617133	1
TCGA-24-1567-01	0	0.566924712415325	0.119739615056944
TCGA-24-1603-01	2.55698099177151e-07	0.218863335625479	0.218863581095655
TCGA-24-1604-01	7.15954677696023e-06	0.702276414718261	0.702283564037114
TCGA-24-1614-01	0.0541796043086234	0.724062363252657	0.778241957333356
TCGA-24-1616-01	3.56647708732291e-05	0.465797771114444	0.465833425657394
TCGA-24-1842-01	0	0.886323661917528	0.0930890204136271
TCGA-24-1843-01	0	0.55527465698816	0.247807716093123
TCGA-24-1845-01	0	0.436178224929886	0.436037713710426
TCGA-24-1846-01	0.127599580295094	0.787819927416106	0.915419497483276
TCGA-24-1847-01	0	0.7673421303571	0.102953934903273
TCGA-24-1849-01	0	0.402522381970576	0.366173322072253
TCGA-24-1850-01	0	0.854788814235045	0.116975508376915
TCGA-24-1852-01	0	0.367419870761589	0.000609338798263082
TCGA-24-1852-02	0	0.943072213888964	0.000609338798263082
TCGA-24-1920-01	0	0.973919295052205	0.157236974206976
TCGA-24-1923-01	2.44447382813357e-06	0.942617449705616	0.94261988395152
TCGA-24-1924-01	0	0.974916691513703	0.776360213653968
TCGA-24-1927-01	7.37433318026904e-06	0.767341608732978	0.767348972838234
TCGA-24-1928-01	0	0.657102374727569	0.0645415038517544
TCGA-24-1930-01	0	0.943706795203578	0.161114963174564
TCGA-24-2020-01	0	0.970937967722963	0.171675171935493
TCGA-24-2023-01	0	0.767345710130489	0.325827629288323
TCGA-24-2024-01	0	0.974271626577023	0.706936798957635
TCGA-24-2026-01	0	0.855626890324908	0.776480248569645
TCGA-24-2027-01	0	0.943837559211497	0.0450834205843433
TCGA-24-2029-01	1.05654454579999e-05	0.915613183679441	0.915623738896975
TCGA-24-2030-01	2.34628575804954e-05	0.857436424861088	0.857459877490745
TCGA-24-2038-01	8.19256709763593e-06	0.594775574392028	0.594783756731201
TCGA-24-2254-01	0	0.277726449509567	0.0628487722072776
TCGA-24-2260-01	0	0.862881546566838	0.256938592935499
TCGA-24-2261-01	0	0.88410193181755	0.647633884342963
TCGA-24-2267-01	0	0.941484881000968	0.153651708423325
TCGA-24-2271-01	1.44009169456572e-05	0.262599165859615	0.262613556548637
TCGA-24-2280-01	0	0.985776496623476	0.239384857059444
TCGA-24-2281-01	0	0.945946393486727	0.534025848336743
TCGA-24-2288-01	0	0.99641393643828	0.72808180440871
TCGA-24-2289-01	0	0.894403353646263	0.613532165266232
TCGA-24-2290-01	0	0.928322023567755	0.0509862214317719
TCGA-24-2293-01	0	0.875904987168456	0.041824742640886
TCGA-24-2297-01	0	0.999633001632213	0.171675171935493
TCGA-24-2298-01	0	0.871391138395758	0.171733440418333
TCGA-25-1313-01	0.00031347564166722	0.410687476864436	0.411000942278179
TCGA-25-1314-01	0	0.704894170034245	0.477855982075441
TCGA-25-1315-01	0	0.671051779969699	0.0955651394385147
TCGA-25-1316-01	0	0.702273049731276	0.548352070753669
TCGA-25-1319-01	0	0.885601294331505	0.116666850087436
TCGA-25-1320-01	8.94943347120029e-06	0.980079952090768	0.980088891296315
TCGA-25-1322-01	7.04703961332229e-05	0.759641577541901	0.75971203771011
TCGA-25-1323-01	0	0.858941024072115	0.481553018612203
TCGA-25-1329-01	1.57203191374113e-05	0.855626890324908	0.855642600416121
TCGA-25-1623-01	1.60578406283251e-06	0.0838365744669779	0.0838381700231168
TCGA-25-1625-01	7.2740995253916e-05	0.581658333499708	0.581731064267037
TCGA-25-1626-01	0	0.31857324920034	0.318569301221689
TCGA-25-1627-01	0	0.767342273548036	0.759707905628828
TCGA-25-1630-01	0	0.476185966650095	0.00969625602342894
TCGA-25-1632-01	0	0.841267744220732	0.406422023453202
TCGA-25-1633-01	0	0.91910890398876	0.0713878715968425
TCGA-25-1634-01	0	0.879649246030174	0.308608673819558
TCGA-25-1871-01	0	0.881534641078419	0.772476814114601
TCGA-25-1877-01	9.54265306129128e-05	0.0162185110859241	0.016313927388613
TCGA-25-2391-01	0	0.617415667084839	0.510094234772912
TCGA-25-2392-01	0	0.797524774895667	0.716357197643748
TCGA-25-2393-01	0	0.854155746653178	0.0028232445364067
TCGA-25-2396-01	0	0.692996875001023	0.534460299863093
TCGA-25-2397-01	0	0.74885022792724	0.313515387379756
TCGA-25-2400-01	0	0.868204188883081	0.171675171935493
TCGA-25-2401-01	0	0.616438613964111	0.0750800191859489
TCGA-25-2404-01	0.000956720007881229	0.658152414313726	0.659109124093683
TCGA-29-1688-01	0	0.760584571675818	0.313515387379756
TCGA-29-1690-01	0	0.777375529438256	0.315287825235709
TCGA-29-1691-01	0	0.900625869168979	0.0405782246353213
TCGA-29-1692-01	0	0.767341608732978	0.128165440188573
TCGA-29-1692-02	0	0.407468319619187	0.229408591161568
TCGA-29-1693-01	0	0.976473023564155	0.723375016078296
TCGA-29-1694-01	0	0.97151637727915	0.767348972838234
TCGA-29-1695-01	0	0.514979203766756	0.513011208004553
TCGA-29-1696-01	0	0.629990500713336	0.501239440282179
TCGA-29-1697-01	0	0.759706289616841	0.256895983404252
TCGA-29-1698-01	4.09116958683442e-06	0.893901530784742	0.893905611726405
TCGA-29-1699-01	0	0.759707609019032	0.0625979221440609
TCGA-29-1701-01	0	0.304913335118174	0.171675171935493
TCGA-29-1702-01	0	0.544279986472957	0.0569684625646527
TCGA-29-1703-01	0	0.965261879038189	0.156139067936653
TCGA-29-1704-01	0	0.983319626551494	0.534025848336743
TCGA-29-1704-02	1.57203191374113e-05	0.855626890324908	0.855642600416121
TCGA-29-1705-01	0	0.729504610911771	0.445684763191649
TCGA-29-1705-02	0	0.729529955707362	0.53550657557323
TCGA-29-1707-01	6.22676011116199e-05	0.346777854155368	0.346840111528556
TCGA-29-1707-02	0	0.906241009654833	0.114027626359046
TCGA-29-1710-01	0.0928602524382553	0.907139757789669	1
TCGA-29-1710-02	0	0.939429293297911	0.20024007596811
TCGA-29-1711-01	0	0.93380387374847	0.221682550359843
TCGA-29-1761-01	0	0.884402888480281	0.0775342299976991
TCGA-29-1762-01	0	0.957224909347864	0.0854224549897704
TCGA-29-1763-01	0	0.958291170421433	0.0625979221440609
TCGA-29-1764-01	1.00233654877443e-05	0.492041048913696	0.49205106205126
TCGA-29-1766-01	0	0.967516839663136	0.329444785738903
TCGA-29-1768-01	6.0620905352919e-05	0.31414710487566	0.314207715553088
TCGA-29-1769-01	0.000182149097929835	0.671051779969699	0.671233918839705
TCGA-29-1770-01	0	0.911825742522733	0.676503539598103
TCGA-29-1770-02	0	0.911833730531351	0.534025848336743
TCGA-29-1771-01	3.22384163442552e-05	0.812901149405913	0.812933377594333
TCGA-29-1774-01	0	0.965361693348184	0.805636019769841
TCGA-29-1775-01	0	0.478116466843034	0.101339753714864
TCGA-29-1776-01	0	0.642869635535703	0.579948071193551
TCGA-29-1777-01	0	0.759706289616841	0.181008868510137
TCGA-29-1778-01	1.48304897522748e-06	0.887428676595008	0.887430149416059
TCGA-29-1781-01	0	0.965769051103945	0.313515387379756
TCGA-29-1783-01	0	0.759707455600173	0.225426430788375
TCGA-29-1784-01	0	0.767341608732978	0.210183755700227
TCGA-29-1785-01	0	0.97419878330253	0.319835579576358
TCGA-29-2425-01	0	0.665456532795961	0.561500363623153
TCGA-29-2427-01	6.34131285959335e-07	0.884402888480281	0.884403512383643
TCGA-29-2429-01	0	0.950186266860119	0.202510808051815
TCGA-29-2431-01	7.36410525630196e-07	0.325826903105721	0.325827629288323
TCGA-29-2434-01	0	0.649427565596995	0.0622786268136564
TCGA-29-2436-01	3.06837719012582e-07	0.239384560449649	0.239384857059444
TCGA-30-1714-01	0	0.855626890324908	0.0936759805142502
TCGA-30-1718-01	3.28214080103791e-05	0.514779616058463	0.514812427238549
TCGA-30-1853-01	0	0.884402888480281	0.147770641914327
TCGA-30-1855-01	0	0.922653912663675	0.894837948363549
TCGA-30-1856-01	0	0.958487659068765	0.503679945675814
TCGA-30-1857-01	0	0.934169184508803	0.171675171935493
TCGA-30-1859-01	4.70484502485958e-07	0.0435242451710289	0.0435247054276074
TCGA-30-1860-01	0	0.838032856428422	0.0840841720503731
TCGA-30-1861-01	3.17065642979668e-07	0.76734540329277	0.767345710130489
TCGA-30-1862-01	0	0.999970165145788	0.456577328341888
TCGA-30-1866-01	0	0.640956328482952	0.566538076433521
TCGA-30-1880-01	1.57203191374113e-05	0.855626890324908	0.855642600416121
TCGA-30-1887-01	0	0.911816077134584	0.454072029049922
TCGA-30-1891-01	0.000930761536852765	0.800094346461842	0.801025097770771
TCGA-30-1892-01	0	0.848056866275376	0.546655299079225
TCGA-31-1944-01	0	0.506337845593368	0.171675171935493
TCGA-31-1946-01	0	0.900625869168979	0.05702587190188
TCGA-31-1955-01	0	0.958368084409665	0.651005038766286
TCGA-31-1956-01	2.57334567011885e-05	0.082517417745399	0.0825431409741763
TCGA-31-1959-01	0	0.833686602417849	0.164274931423815
TCGA-36-1568-01	0	0.946824839192488	0.0651642514583383
TCGA-36-1569-01	1.31428822977056e-05	0.117099777653115	0.117112910307489
TCGA-36-1571-01	0	0.616438613964111	0.239384857059444
TCGA-36-1574-01	0	0.257860773244144	0.257663179981024
TCGA-36-1575-01	0	0.98772784132546	0.178038658934247
TCGA-36-1576-01	0	0.759707455600173	0.506341118529038
TCGA-36-1577-01	0.0451617664819313	0.946825248309447	0.991987004563454
TCGA-36-1578-01	0	0.983082921707124	0.200486517796097
TCGA-36-1580-01	0	0.980079952090768	0.0526808759259544
TCGA-36-1581-01	0	0.972092055979637	0.759707609019032
TCGA-36-2530-01	3.31998411971613e-05	0.699890229828816	0.699923419442089
TCGA-36-2532-01	0	0.698470573526336	0.685891986249743
TCGA-36-2533-01	7.25159809266401e-06	0.333526729738319	0.333533971108488
TCGA-36-2534-01	0	0.981736660987032	0.660536461567062
TCGA-36-2537-01	0	0.968448767183321	0.324938096512982
TCGA-36-2538-01	0	0.950186266860119	0.582409155170207
TCGA-36-2540-01	1.52600625588924e-05	0.325826903105721	0.325842152940356
TCGA-36-2542-01	0	0.855626890324908	0.759640933182691
TCGA-36-2543-01	0	0.875675431642938	0.216200055819918
TCGA-36-2547-01	0	0.959527388907563	0.00203293285146988
TCGA-36-2548-01	0	0.759706289616841	0.119757247997863
TCGA-36-2549-01	0	0.997687885735924	0.522516928032399
TCGA-36-2551-01	0	0.843059308294503	0.0389479037828918
TCGA-36-2552-01	0	0.959465489511714	0.254577763069569
TCGA-3P-A9WA-01	0	0.802380461343193	0.191428893345173
TCGA-42-2582-01	0.000107485252970107	0.793357100437559	0.793464575462605
TCGA-42-2587-01	0	0.981410124286459	0.256057477741583
TCGA-42-2588-01	0	0.884402888480281	0.681066594913007
TCGA-42-2589-01	0	0.315287630905153	0.171675171935493
TCGA-42-2590-01	0	0.873782273600403	0.779898369619826
TCGA-42-2591-01	0.324961784384889	0.391457527441111	0.716419301598076
TCGA-42-2593-01	0	0.965488734391779	0.0692749870637218
TCGA-57-1582-01	0	0.878848706421271	0.313515387379756
TCGA-57-1583-01	0	0.969645505882938	0.338996101851794
TCGA-57-1584-01	0	0.7673421303571	0.307358576040605
TCGA-57-1585-01	0	0.953999983553498	0.202510808051815
TCGA-57-1992-01	0	0.767345710130489	0.0982268952834051
TCGA-57-1993-01	0	0.549647999859918	0.273144850968511
TCGA-57-1994-01	0	0.997482611301905	0.596745186166217
TCGA-59-2348-01	0	0.884402888480281	0.855642600416121
TCGA-59-2350-01	0	0.662172203219194	0.0593552304457641
TCGA-59-2351-01	0	1	0.878849944000071
TCGA-59-2352-01	0	0.985179594980757	0.103886936355475
TCGA-59-2354-01	0	0.909691819150012	0.114027626359046
TCGA-59-2355-01	0	0.7021225458301	0.469792890267304
TCGA-59-2363-01	0	0.985179594980757	0.309052647543122
TCGA-59-A5PD-01	0	0.67304851619825	0.0492910759972389
TCGA-61-1721-01	1.2478067239845e-06	0.878848706421271	0.878849944000071
TCGA-61-1724-01	9.28695496211413e-06	0.759706289616841	0.759715566343879
TCGA-61-1725-01	0	0.826567067279448	0.146402115003759
TCGA-61-1727-01	9.25627119021288e-06	0.906596041351578	0.906605287394845
TCGA-61-1728-01	0	0.855626890324908	0.239384857059444
TCGA-61-1730-01	0	0.999945515849027	0.116375129240047
TCGA-61-1733-01	0	0.921011103516082	0.918756255398298
TCGA-61-1736-01	0	0.767345710130489	0.676637464034528
TCGA-61-1737-01	0	0.87211430375985	0.580473489875664
TCGA-61-1738-01	0	0.954313643297797	0.0562226934885927
TCGA-61-1740-01	0	0.815621879460398	0.00913872166005913
TCGA-61-1741-01	0.000218652558568366	0.504610645845123	0.504829288175767
TCGA-61-1743-01	3.57159104930645e-05	0.309052647543122	0.309088353225691
TCGA-61-1895-01	0	0.915786291292584	0.487717071321523
TCGA-61-1899-01	0.00199281893367101	0.113365122812002	0.115357931517749
TCGA-61-1900-01	0	0.593935360666056	0.0880532713646603
TCGA-61-1901-01	0.00051305312203697	0.821365359936191	0.821878402830304
TCGA-61-1903-01	0	0.920755916813103	0.696304953817241
TCGA-61-1904-01	0.00824379876878706	0.869014414335982	0.877258202876845
TCGA-61-1906-01	0	0.809559870748497	0.102953945131197
TCGA-61-1907-01	0	0.67656540831018	0.148550664307753
TCGA-61-1910-01	0	0.759727717117552	0.202510808051815
TCGA-61-1913-01	3.46010667806521e-05	0.706476450327801	0.706511041166658
TCGA-61-1914-01	2.44447382813357e-06	0.809864683338565	0.809867117584469
TCGA-61-1915-01	0	0.74479297413628	0.0379970034637478
TCGA-61-1916-02	0	0.898156602853149	0.0528355835038805
TCGA-61-1917-01	0	0.412407568205525	0.00976614342789606
TCGA-61-1918-01	0	0.962738599055889	0.475324427702651
TCGA-61-1919-01	0	0.726314337323806	0.0450834205843433
TCGA-61-1998-01	0	0.958052379080574	0.75971203771011
TCGA-61-2000-01	0	0.927497519932996	0.0412925530731065
TCGA-61-2003-01	0	0.47967023168457	0.479648221192193
TCGA-61-2008-01	0	1	0.648422252722346
TCGA-61-2008-02	5.72763742156819e-07	0.0450828580485252	0.0450834205843433
TCGA-61-2016-01	0	0.917508827107501	0.788276062141266
TCGA-61-2018-01	0	0.776355079236136	0.339910171416733
TCGA-61-2087-01	0	0.887428676595008	0.424121854995203
TCGA-61-2088-01	0	0.884402888480281	0.605413126713995
TCGA-61-2092-01	0	0.430035538353733	0.0559330284539208
TCGA-61-2094-01	0	0.211943838224027	0.0408076778815989
TCGA-61-2095-02	1.45441078811964e-05	0.0687885469998472	0.0688030808798044
TCGA-61-2096-01	0	0.306091551047487	0.0426819654044154
TCGA-61-2097-01	0	0.5849146794765	0.00679173017525592
TCGA-61-2098-01	0	0.852205220185111	0.196458280625432
TCGA-61-2101-01	0	0.855626890324908	0.299352341261802
TCGA-61-2102-01	0	0.603300047850319	0.202510808051815
TCGA-61-2104-01	0	0.743623840603451	0.0686543157257031
TCGA-61-2109-01	0	0.855626890324908	0.445684763191649
TCGA-61-2110-01	0	0.170807659880453	0.157083105318815
TCGA-61-2111-01	7.39990299018676e-05	0.759641577541901	0.759715566343879
TCGA-61-2113-01	0	0.617096341070662	0.435205702779475
TCGA-61-2611-02	0	0.875678489792205	0.0606051032103899
TCGA-61-2612-01	0	0.855626890324908	0.587524068350679
TCGA-61-2613-01	0	0.102404705614165	0.0382006005182366
TCGA-61-2614-01	7.74356123548085e-05	0.996379856995622	0.996457282380053
TCGA-72-4231-01	0	0.954313643297797	0.574794752158583
TCGA-72-4234-01	3.06837719012582e-08	0.102953893991577	0.102953914447425
TCGA-72-4236-01	0	0.820590625379456	0.171736682670231
TCGA-72-4237-01	0	0.855626890324908	0.0558277933442235
TCGA-72-4238-01	0	0.674650884134477	0.239384857059444
TCGA-72-4241-01	0	0.820590625379456	0.349448303735631
TCGA-OY-A56P-01	0	0.379968162927392	0.282620398620654
TCGA-OY-A56Q-01	0	0.299540974863527	0.0880532713646603
TCGA-VG-A8LO-01	0	0.809864683338565	0.719853787326604
TCGA-WR-A838-01	0	0.239828963746019	0.0404365781163012
