Sample	percent	start	end
TCGA-04-1331-01	3.0323182689641e-05	0.464895699711656	0.464925996549269
TCGA-04-1332-01	2.63450761856134e-08	2.63450762316708e-08	2.63450762316708e-08
TCGA-04-1336-01	5.72741956275235e-05	0.956429617271642	0.956486865122194
TCGA-04-1337-01	1	2.63450762316708e-08	1
TCGA-04-1338-01	0.927871264890599	0.0721287614544769	1
TCGA-04-1343-01	1	2.63450762316708e-08	1
TCGA-04-1346-01	1	2.63450762316708e-08	1
TCGA-04-1347-01	1	2.63450762316708e-08	1
TCGA-04-1349-01	1	2.63450762316708e-08	1
TCGA-04-1350-01	1	2.63450762316708e-08	1
TCGA-04-1351-01	1	2.63450762316708e-08	1
TCGA-04-1353-01	0.000441885962861293	0.730139586488211	0.730581446105996
TCGA-04-1356-01	0.636896379309241	2.63450762316708e-08	0.636896379309241
TCGA-04-1357-01	1	2.63450762316708e-08	1
TCGA-04-1360-01	1	2.63450762316708e-08	1
TCGA-04-1361-01	1	2.63450762316708e-08	1
TCGA-04-1362-01	1	2.63450762316708e-08	1
TCGA-04-1364-01	1	2.63450762316708e-08	1
TCGA-04-1365-01	0.14400779793179	0.855992228413286	1
TCGA-04-1367-01	0.0002162667304077	0.86581196038533	0.866028200770662
TCGA-04-1371-01	1	2.63450762316708e-08	1
TCGA-04-1514-01	3.10871898990238e-06	0.551348674264393	0.551351756638307
TCGA-04-1516-01	1.63866373874515e-05	0.173403712974926	0.173420073267238
TCGA-04-1519-01	1	2.63450762316708e-08	1
TCGA-04-1525-01	1	2.63450762316708e-08	1
TCGA-04-1536-01	1	2.63450762316708e-08	1
TCGA-04-1542-01	1	2.63450762316708e-08	1
TCGA-04-1644-01	0.000303943143953422	0.687442806486168	0.687746723285046
TCGA-04-1646-01	1	2.63450762316708e-08	1
TCGA-04-1651-01	0.00137244674388953	0.567151768214334	0.568524188613147
TCGA-04-1652-01	1	2.63450762316708e-08	1
TCGA-09-0364-01	1	2.63450762316708e-08	1
TCGA-09-0365-01	1	2.63450762316708e-08	1
TCGA-09-0367-01	0.81805292130407	0.181947105041007	1
TCGA-09-0369-01	1	2.63450762316708e-08	1
TCGA-09-1659-01	1	2.63450762316708e-08	1
TCGA-09-1661-01	1	2.63450762316708e-08	1
TCGA-09-1662-01	0.82958866615854	0.170411360186536	1
TCGA-09-1665-01	0.84113450117719	0.158865525167886	1
TCGA-09-1667-01	0.0243872681939557	0.898165031195073	0.922552273043952
TCGA-09-1668-01	0.00116974772771742	0.567842430731616	0.569012152114257
TCGA-09-1670-01	1	2.63450762316708e-08	1
TCGA-09-1673-01	2.63450761856134e-08	2.63450762316708e-08	2.63450762316708e-08
TCGA-09-1674-01	0.0585060123547342	2.63450762316708e-08	0.0585060123547342
TCGA-09-1675-01	0.967096975724883	0.0329030506201934	1
TCGA-09-2043-01	0.0810454895951834	0.538590965741205	0.619636428991313
TCGA-09-2044-01	0.404147326197383	0.595852700147693	1
TCGA-09-2049-01	0.941141306110369	0.0588587202347073	1
TCGA-09-2051-01	0.187108685057444	0.812891341287632	1
TCGA-09-2053-01	1	2.63450762316708e-08	1
TCGA-09-2054-01	1	2.63450762316708e-08	1
TCGA-10-0925-01	1.8810384396528e-05	0.464897306761303	0.464916090800623
TCGA-10-0926-01	0.99109275608672	0.00616464244712878	0.997257372188773
TCGA-10-0927-01	1	2.63450762316708e-08	1
TCGA-10-0928-01	0.0259503215640482	2.63450762316708e-08	0.0259503215640482
TCGA-10-0930-01	0.881875975969813	0.118124050375263	1
TCGA-10-0931-01	0.976542107058644	0.023457919286432	1
TCGA-10-0936-01	2.33153924242679e-05	0.130244787646435	0.130268076693784
TCGA-10-0937-01	0.454904909159938	0.545095117185138	1
TCGA-10-0938-01	1	2.63450762316708e-08	1
TCGA-13-0714-01	6.2964732083616e-06	0.298994089666573	0.299000359794706
TCGA-13-0717-01	1	2.63450762316708e-08	1
TCGA-13-0724-01	1	2.63450762316708e-08	1
TCGA-13-0730-01	0.00010864709418947	0.390738499116268	0.390847119865381
TCGA-13-0751-01	2.63450761856134e-08	2.63450762316708e-08	2.63450762316708e-08
TCGA-13-0755-01	7.74545239857034e-06	0.332538168680515	0.332545887787837
TCGA-13-0757-01	0.0138738440208677	0.26893338297097	0.282807200646761
TCGA-13-0758-01	0.000151036321772122	0.597473818065699	0.597624828042395
TCGA-13-0760-01	0.557457333424628	0.442542692920448	1
TCGA-13-0762-01	9.58960773156327e-06	0.597143240049722	0.597152803312377
TCGA-13-0764-01	2.63450761856134e-08	2.63450762316708e-08	2.63450762316708e-08
TCGA-13-0766-01	8.35402365845801e-05	0.355832590424139	0.355916104315648
TCGA-13-0768-01	7.9588475156738e-05	0.55789202718169	0.557971589311771
TCGA-13-0791-02	3.68831066598587e-07	0.306989082626774	0.306989425112764
TCGA-13-0792-01	0.000102508691438222	0.472839135357761	0.472941617704123
TCGA-13-0793-01	1.45424820544586e-05	0.888805521358915	0.888820037495893
TCGA-13-0795-01	1	2.63450762316708e-08	1
TCGA-13-0799-01	0.000100585500876672	0.198845890709506	0.198946449865307
TCGA-13-0800-01	1	2.63450762316708e-08	1
TCGA-13-0801-01	0.000103140973266676	0.533672577123037	0.533775691751228
TCGA-13-0802-01	0.529596519625751	0.443364158740992	0.972960652021667
TCGA-13-0804-01	1	2.63450762316708e-08	1
TCGA-13-0805-01	1	2.63450762316708e-08	1
TCGA-13-0807-01	2.63450761856134e-08	2.63450762316708e-08	2.63450762316708e-08
TCGA-13-0883-01	1	2.63450762316708e-08	1
TCGA-13-0885-01	0.382840218930744	0.365327197810977	0.748167390396645
TCGA-13-0886-01	1	2.63450762316708e-08	1
TCGA-13-0888-01	1	2.63450762316708e-08	1
TCGA-13-0889-01	1	2.63450762316708e-08	1
TCGA-13-0890-01	1	2.63450762316708e-08	1
TCGA-13-0893-01	0.00145846341763556	0.308640576417621	0.310099013490181
TCGA-13-0899-01	0.0554225319478177	0.944577494397258	1
TCGA-13-0901-01	1	2.63450762316708e-08	1
TCGA-13-0903-01	0.00240588504742259	0.285737484435658	0.288143343138005
TCGA-13-0906-01	0.670938143157405	0.329061883187671	1
TCGA-13-0908-01	0.87062494235368	0.127130430810229	0.997755346818833
TCGA-13-0911-01	0.0220057259969286	0.536312090306074	0.558317789957926
TCGA-13-0913-01	0.648250132377422	0.17007248347156	0.818322589503906
TCGA-13-0913-02	0.661965220969195	0.170071903879884	0.832037098504003
TCGA-13-0916-01	0.164518282784728	2.63450762316708e-08	0.164518282784728
TCGA-13-0919-01	0.00037902661108242	0.789296374914882	0.789675375180889
TCGA-13-0920-01	1.33042634737348e-05	0.172062169005402	0.1720754469238
TCGA-13-0921-01	0.779338858194387	0.220661168150689	1
TCGA-13-0923-01	0.000113863419274221	0.663151934925976	0.663265772000174
TCGA-13-0924-01	1	2.63450762316708e-08	1
TCGA-13-1404-01	4.54716014963687e-05	0.910984229126078	0.911029674382498
TCGA-13-1405-01	9.51057250300643e-06	0.955735793345218	0.955745277572645
TCGA-13-1408-01	1.15391433692987e-05	0.663151934925976	0.663163447724269
TCGA-13-1409-01	0.921089778829661	0.0789102475154156	1
TCGA-13-1410-01	1	2.63450762316708e-08	1
TCGA-13-1411-01	1	2.63450762316708e-08	1
TCGA-13-1412-01	0.786306577598882	0.213693448746194	1
TCGA-13-1481-01	0.817062188369034	0.182937837976043	1
TCGA-13-1482-01	0.0949622234000813	0.219887149812356	0.314849346867361
TCGA-13-1483-01	1	2.63450762316708e-08	1
TCGA-13-1485-01	1	2.63450762316708e-08	1
TCGA-13-1487-01	0.95543153406035	2.63450762316708e-08	0.95543153406035
TCGA-13-1489-01	0.828535495392944	2.63450762316708e-08	0.828535495392944
TCGA-13-1489-02	0.828532439364107	2.63450762316708e-08	0.828532439364107
TCGA-13-1491-01	1	2.63450762316708e-08	1
TCGA-13-1492-01	0.00552925189968417	0.453692851239866	0.459222076794474
TCGA-13-1494-01	0.886730267017622	0.113269759327454	1
TCGA-13-1495-01	0.27623542139226	0.723764604952816	1
TCGA-13-1496-01	0.00245025015571916	0.0359244356825404	0.0383746594931834
TCGA-13-1497-01	0.00764860789851202	0.102181169451082	0.109829751004518
TCGA-13-1498-01	0.630677044483951	0.0562127788530813	0.686889796991956
TCGA-13-1500-01	0.00104711139807339	0.88679112414361	0.887838209196608
TCGA-13-1501-01	0.00183411785896622	0.00836666929502705	0.0102007608089172
TCGA-13-1504-01	9.98478387434747e-05	0.730581446105996	0.730681267599663
TCGA-13-1507-01	3.65406206694458e-05	0.238141969242282	0.238178483517875
TCGA-13-1509-01	0.809349799041076	0.190650227304	1
TCGA-13-1510-01	0.713873820310299	0.151271477922154	0.865145271887377
TCGA-13-1512-01	0.782667268774601	2.63450762316708e-08	0.782667268774601
TCGA-13-1819-02	3.08500842133533e-05	0.447137906489048	0.447168730228185
TCGA-13-2057-01	1	2.63450762316708e-08	1
TCGA-13-2059-01	1.23294956548671e-05	0.532601412670406	0.532613715820985
TCGA-13-2060-01	0.731356281141691	0.268643745203385	1
TCGA-13-2061-01	1	2.63450762316708e-08	1
TCGA-13-2065-01	0.655053748302356	0.34494627804272	1
TCGA-13-2071-01	0.433957280457852	0.343486655441732	0.777443909554508
TCGA-13-A5FT-01	0.601296962831602	0.398703063513474	1
TCGA-13-A5FU-01	7.45829106814715e-05	0.0856577220829987	0.085732278648604
TCGA-20-0987-01	9.93209372197625e-06	0.649249928018666	0.649259833767311
TCGA-20-0990-01	1.75458207396185e-05	0.201234809527865	0.201252329003529
TCGA-20-0991-01	8.40407930321067e-06	0.820874505308625	0.820882883042852
TCGA-20-0996-01	5.16363493238022e-06	0.15810078029637	0.158105917586226
TCGA-20-1682-01	0.14400779793179	0.855992228413286	1
TCGA-20-1683-01	0.000127931689957339	0.772052942959722	0.772180848304603
TCGA-20-1684-01	0.900819903557526	1.64656726160395e-05	0.900836342885066
TCGA-20-1685-01	0.806637362687158	2.63450762316708e-08	0.806637362687158
TCGA-20-1686-01	0.159708646641054	2.63450762316708e-08	0.159708646641054
TCGA-23-1021-01	0.977843790927899	2.63450762316708e-08	0.977843790927899
TCGA-23-1022-01	1	2.63450762316708e-08	1
TCGA-23-1023-01	0.000386561302871505	0.297029932511555	0.29741646746935
TCGA-23-1027-01	0.712374601059804	0.287625425285272	1
TCGA-23-1028-01	0.000109885312770193	0.656046009251811	0.656155868219505
TCGA-23-1029-01	0.0467959157860671	2.63450762316708e-08	0.0467959157860671
TCGA-23-1030-01	1	2.63450762316708e-08	1
TCGA-23-1031-01	1	2.63450762316708e-08	1
TCGA-23-1110-01	0.000183361730251869	0.0674809367687348	0.0676642721539105
TCGA-23-1111-01	2.63450761856134e-08	2.63450762316708e-08	2.63450762316708e-08
TCGA-23-1113-01	9.01265056309834e-05	0.0576528797526156	0.0577429799131703
TCGA-23-1114-01	1	2.63450762316708e-08	1
TCGA-23-1116-01	2.63450761856134e-08	2.63450762316708e-08	2.63450762316708e-08
TCGA-23-1117-01	0.679627434255401	0.0886797921173267	0.768307200027652
TCGA-23-1118-01	0.118177978746215	2.63450762316708e-08	0.118177978746215
TCGA-23-1119-01	1	2.63450762316708e-08	1
TCGA-23-1121-01	0.000113863419274221	0.663151934925976	0.663265772000174
TCGA-23-1123-01	1	2.63450762316708e-08	1
TCGA-23-1124-01	0.936082998792579	2.63450762316708e-08	0.936082998792579
TCGA-23-2072-01	0.280400367176596	2.63450762316708e-08	0.280400367176596
TCGA-23-2077-01	0.0287219553041556	0.971278071040921	1
TCGA-23-2078-01	0.759993299920224	0.240006726424852	1
TCGA-23-2081-01	0.791861068081552	0.208138958263524	1
TCGA-23-2084-01	3.11135349752094e-05	0.562216755853092	0.562247843042991
TCGA-23-2641-01	0.300740978978289	0.159405968060758	0.46014692069397
TCGA-23-2643-01	1	2.63450762316708e-08	1
TCGA-23-2645-01	1	2.63450762316708e-08	1
TCGA-24-0968-01	2.63450761856134e-08	2.63450762316708e-08	2.63450762316708e-08
TCGA-24-0970-01	1	2.63450762316708e-08	1
TCGA-24-0979-01	0.230230358448209	0.113041584622611	0.343271916725743
TCGA-24-0982-01	0.323282089613462	2.63450762316708e-08	0.323282089613462
TCGA-24-1103-01	1.79146518062171e-06	0.239908959847127	0.239910724967231
TCGA-24-1105-01	1	2.63450762316708e-08	1
TCGA-24-1418-01	1	2.63450762316708e-08	1
TCGA-24-1419-01	0.213706199763068	0.786293826582008	1
TCGA-24-1422-01	1	2.63450762316708e-08	1
TCGA-24-1424-01	3.95176142784201e-07	0.753863801804727	0.753864170635794
TCGA-24-1426-01	1	2.63450762316708e-08	1
TCGA-24-1427-01	0.99998356067246	1.64656726160395e-05	1
TCGA-24-1428-01	0.0381037267296906	0.13237362787269	0.170477328257305
TCGA-24-1430-01	0.85928886683162	0.140711159513456	1
TCGA-24-1431-01	1	2.63450762316708e-08	1
TCGA-24-1435-01	5.82226183702056e-06	0.473884797776644	0.473890593693405
TCGA-24-1436-01	2.63450761856134e-08	2.63450762316708e-08	2.63450762316708e-08
TCGA-24-1463-01	1	2.63450762316708e-08	1
TCGA-24-1464-01	1	2.63450762316708e-08	1
TCGA-24-1469-01	0.00991446886600807	0.268832296913645	0.278746739434577
TCGA-24-1470-01	0.107808029858034	0.282341709495638	0.390149713008595
TCGA-24-1474-01	2.08126101866346e-06	0.0157127566836998	0.0157148115996422
TCGA-24-1545-01	1	2.63450762316708e-08	1
TCGA-24-1546-01	0.688393837391393	2.63450762316708e-08	0.688393837391393
TCGA-24-1550-01	1	2.63450762316708e-08	1
TCGA-24-1552-01	1	2.63450762316708e-08	1
TCGA-24-1555-01	0.0389099914412751	0.0127664550884816	0.0516764201846805
TCGA-24-1557-01	0.0184469013803951	0.748212466821999	0.766659341857318
TCGA-24-1560-01	1	2.63450762316708e-08	1
TCGA-24-1562-01	1.50166934257996e-05	0.892777120629125	0.892792110977474
TCGA-24-1563-01	0.000599271447994148	0.504647126541223	0.505246371644141
TCGA-24-1564-01	1	2.63450762316708e-08	1
TCGA-24-1567-01	0.601594398741738	0.398405627603338	1
TCGA-24-1603-01	0.543282049042044	2.63450762316708e-08	0.543282049042044
TCGA-24-1614-01	0.560687634941127	0.243170295863373	0.803857904459423
TCGA-24-1616-01	0.00967256837647177	0.17670222189367	0.186374763925065
TCGA-24-1843-01	1	2.63450762316708e-08	1
TCGA-24-1845-01	2.40267094812794e-05	0.912789788922459	0.912813789286864
TCGA-24-1846-01	1.09332066170296e-05	0.190639320442459	0.190650227304
TCGA-24-1847-01	1.84415533299294e-07	0.151271477922154	0.151271635992612
TCGA-24-1850-01	0.00131709573882356	0.468567808155787	0.469884877549535
TCGA-24-1852-01	1	2.63450762316708e-08	1
TCGA-24-1852-02	1	2.63450762316708e-08	1
TCGA-24-1920-01	0.0238808367944397	2.63450762316708e-08	0.0238808367944396
TCGA-24-1927-01	3.1956577413149e-05	0.313860932299029	0.313892862531366
TCGA-24-1928-01	2.57391394333443e-05	0.936057285998222	0.936082998792579
TCGA-24-1930-01	7.92986793186963e-06	0.798842434235511	0.798850337758366
TCGA-24-2019-01	0.00972573274021434	0.893073291975603	0.902798998370741
TCGA-24-2020-01	1.94953563773539e-06	0.622895025119635	0.622896948310196
TCGA-24-2023-01	1	2.63450762316708e-08	1
TCGA-24-2024-01	1	2.63450762316708e-08	1
TCGA-24-2026-01	1.84415533299294e-07	0.151271477922154	0.151271635992612
TCGA-24-2027-01	0.728043572226884	0.271956454118192	1
TCGA-24-2029-01	1	2.63450762316708e-08	1
TCGA-24-2030-01	1	2.63450762316708e-08	1
TCGA-24-2033-01	0.220197310394289	2.63450762316708e-08	0.220197310394289
TCGA-24-2035-01	1	2.63450762316708e-08	1
TCGA-24-2260-01	0.970081161539656	0.0299188648054204	1
TCGA-24-2261-01	0.186238164705043	2.63450762316708e-08	0.186238164705043
TCGA-24-2262-01	0.000216240385331515	0.278746739434577	0.278962953474833
TCGA-24-2267-01	0.151688309717563	2.63450762316708e-08	0.151688309717563
TCGA-24-2280-01	2.16556526245742e-05	0.33650932008443	0.336530949391978
TCGA-24-2281-01	1.84415533299294e-06	0.83088168249773	0.830883500307987
TCGA-24-2288-01	0.0114196947938731	0.889416674436269	0.900836342885066
TCGA-24-2289-01	0.889852448341455	0.110147578003621	1
TCGA-24-2290-01	0.000299596206382795	0.822542701877774	0.822842271739081
TCGA-24-2293-01	1	2.63450762316708e-08	1
TCGA-24-2295-01	0.689090190445131	0.310909835899945	1
TCGA-24-2297-01	6.2964732083616e-06	0.298994089666573	0.299000359794706
TCGA-24-2298-01	0.0318231396022689	0.968176886742807	1
TCGA-25-1312-01	0.99998356067246	1.64656726160395e-05	1
TCGA-25-1313-01	0.993086208966457	0.00691381737861907	1
TCGA-25-1314-01	0.731177134623629	0.268822891721447	1
TCGA-25-1315-01	0.280097346110309	0.207301237530974	0.487398557296207
TCGA-25-1316-01	1	2.63450762316708e-08	1
TCGA-25-1317-01	1	2.63450762316708e-08	1
TCGA-25-1318-01	1	2.63450762316708e-08	1
TCGA-25-1321-01	1	2.63450762316708e-08	1
TCGA-25-1322-01	4.82114894196725e-06	0.630086914777393	0.630091709581259
TCGA-25-1323-01	1	2.63450762316708e-08	1
TCGA-25-1625-01	1	2.63450762316708e-08	1
TCGA-25-1626-01	1	2.63450762316708e-08	1
TCGA-25-1627-01	1	2.63450762316708e-08	1
TCGA-25-1630-01	0.0157906327289044	0.257185349492595	0.272975955876423
TCGA-25-1631-01	2.79257807567502e-06	0.999997233767	1
TCGA-25-1632-01	1.31461930166211e-05	0.611001092609345	0.611014212457285
TCGA-25-1633-01	9.22077666496469e-07	0.529068037397468	0.529068933130058
TCGA-25-1634-01	1	2.63450762316708e-08	1
TCGA-25-1870-01	1	2.63450762316708e-08	1
TCGA-25-1871-01	1	2.63450762316708e-08	1
TCGA-25-1877-01	1	2.63450762316708e-08	1
TCGA-25-1878-01	3.36953524413995e-05	0.447104237481683	0.447137906489048
TCGA-25-2042-01	0.0298263408978565	2.63450762316708e-08	0.0298263408978565
TCGA-25-2391-01	0.000611864394410871	0.0671880322117031	0.0677998702610378
TCGA-25-2392-01	1	2.63450762316708e-08	1
TCGA-25-2393-01	0.731167729431431	0.268832296913645	1
TCGA-25-2397-01	0.924104287827123	0.00946921073339502	0.933573472215442
TCGA-25-2398-01	0.00905395964255738	0.576954138781172	0.586008072078653
TCGA-25-2399-01	0.33224107525637	0.644799217192944	0.977040266104238
TCGA-25-2400-01	1	2.63450762316708e-08	1
TCGA-25-2401-01	0.99998356067246	1.64656726160395e-05	1
TCGA-25-2408-01	0.472756517198843	0.422321687764638	0.895078178618405
TCGA-29-1688-01	2.47643716144766e-06	0.942350439726984	0.942352889819069
TCGA-29-1691-01	1.70452642920919e-05	0.348759912236121	0.348776931155337
TCGA-29-1692-01	0.00193939278340393	0.314223493237496	0.316162859675823
TCGA-29-1692-02	2.63450761856134e-08	2.63450762316708e-08	2.63450762316708e-08
TCGA-29-1693-01	1	2.63450762316708e-08	1
TCGA-29-1694-01	0.943476507318386	0.0119550530870409	0.95543153406035
TCGA-29-1695-01	0.0163134244207317	0.268822891721447	0.285136289797103
TCGA-29-1696-01	0.457165237661435	0.542834788683641	1
TCGA-29-1697-01	0.0422176684465312	0.957782357898545	1
TCGA-29-1698-01	0.00912891138430545	0.269635979807764	0.278764864846993
TCGA-29-1699-01	0.40311112166085	0.596888904684226	1
TCGA-29-1701-01	2.52912731381889e-06	0.617680675915597	0.617683178697835
TCGA-29-1702-01	0.782667268774601	2.63450762316708e-08	0.782667268774601
TCGA-29-1703-01	3.21409929464483e-06	0.0157116238454238	0.0157148115996422
TCGA-29-1704-02	0.0477047682243184	0.0135014300239079	0.0612061719031501
TCGA-29-1705-01	0.962205195633662	0.0377948307114143	1
TCGA-29-1705-02	0.961952467317813	0.0380475590272629	1
TCGA-29-1707-01	0.67220225894802	2.63450762316708e-08	0.67220225894802
TCGA-29-1707-02	0.00171619729795941	0.426002832569901	0.427719003522785
TCGA-29-1710-01	1	2.63450762316708e-08	1
TCGA-29-1710-02	1	2.63450762316708e-08	1
TCGA-29-1711-01	0.0103149403691056	0.872602034941106	0.882916948965135
TCGA-29-1761-01	0.0803805135271823	2.63450762316708e-08	0.0803805135271823
TCGA-29-1762-01	0.000345304913564835	0.306282138852409	0.306627417420898
TCGA-29-1763-01	8.82560052218049e-06	0.206510621794644	0.20651942105009
TCGA-29-1766-01	1	2.63450762316708e-08	1
TCGA-29-1768-01	2.63450761856134e-08	2.63450762316708e-08	2.63450762316708e-08
TCGA-29-1770-01	1	2.63450762316708e-08	1
TCGA-29-1770-02	1	2.63450762316708e-08	1
TCGA-29-1774-01	1	2.63450762316708e-08	1
TCGA-29-1775-01	0.948149491551885	0.0518505347931912	1
TCGA-29-1777-01	0.00503891734171753	0.252251417279477	0.257290308276119
TCGA-29-1781-01	3.0323182689641e-05	0.464895699711656	0.464925996549269
TCGA-29-1783-01	1	2.63450762316708e-08	1
TCGA-29-1784-01	8.72022021743803e-06	0.158865525167886	0.158874219043027
TCGA-29-2425-01	1	2.63450762316708e-08	1
TCGA-29-2429-01	0.774654835373966	0.22534519097111	1
TCGA-29-2431-01	0.933010372557051	0.0669896537880255	1
TCGA-29-2434-01	1	2.63450762316708e-08	1
TCGA-29-2436-01	0.9052184511324	0.0947815752126766	1
TCGA-29-A5NZ-01	7.37662133197175e-07	0.402208038794284	0.402208750111341
TCGA-30-1714-01	1	2.63450762316708e-08	1
TCGA-30-1718-01	0.912218785741212	0.0877812406038639	1
TCGA-30-1853-01	1	2.63450762316708e-08	1
TCGA-30-1856-01	1	2.63450762316708e-08	1
TCGA-30-1857-01	1	2.63450762316708e-08	1
TCGA-30-1860-01	0.495683609545211	0.147878679975743	0.643562263175877
TCGA-30-1861-01	0.862255243374892	0.137744782970184	1
TCGA-30-1862-01	2.04174340438504e-05	0.464895699711656	0.464916090800623
TCGA-30-1866-01	6.8760648844451e-06	0.916325166421188	0.916332016140996
TCGA-30-1891-01	0.840943209579006	0.15905681676607	1
TCGA-31-1944-01	0.0634904217338237	2.63450762316708e-08	0.0634904217338237
TCGA-31-1946-01	0.212156477001526	0.384732454027776	0.596888904684226
TCGA-31-1950-01	2.81892315186063e-05	2.63450762316708e-08	2.81892315185939e-05
TCGA-31-1951-01	0.00366423126635222	0.278764864846993	0.282429069768269
TCGA-31-1953-01	3.65406206694458e-05	0.238141969242282	0.238178483517875
TCGA-31-1955-01	1	2.63450762316708e-08	1
TCGA-31-1959-01	1	2.63450762316708e-08	1
TCGA-36-1569-01	1	2.63450762316708e-08	1
TCGA-36-1570-01	8.28552646037541e-05	0.254466037073792	0.25454886599332
TCGA-36-1571-01	1	2.63450762316708e-08	1
TCGA-36-1575-01	0.000318591006312623	0.426002832569901	0.426321397231138
TCGA-36-1576-01	0.983018754243039	0.016981272102037	1
TCGA-36-1577-01	7.88771580997265e-05	0.772042352239096	0.772121203052119
TCGA-36-1578-01	0.0761885903848323	0.741660709825399	0.817849273865155
TCGA-36-1580-01	1	2.63450762316708e-08	1
TCGA-36-1581-01	0.00708450712722567	2.63450762316708e-08	0.00708450712722564
TCGA-36-2529-01	0.89586868897443	0.104131337370646	1
TCGA-36-2530-01	0.000877106621447627	0.272173458510733	0.273050538787105
TCGA-36-2532-01	1.6149531701781e-05	0.933809998309436	0.933826121496062
TCGA-36-2533-01	0.000145029644401802	0.00601963914780312	0.00616464244712878
TCGA-36-2534-01	0.206283290132238	0.793716736212838	1
TCGA-36-2537-01	1	2.63450762316708e-08	1
TCGA-36-2538-01	0.276131595447012	0.723868430898064	1
TCGA-36-2540-01	1	2.63450762316708e-08	1
TCGA-36-2542-01	1	2.63450762316708e-08	1
TCGA-36-2543-01	0.0140465623403406	0.379221011399594	0.393267547394858
TCGA-36-2544-01	0.663359165295252	2.63450762316708e-08	0.663359165295252
TCGA-36-2547-01	0.00135553320497837	0.646526189627064	0.647881696486966
TCGA-36-2548-01	1	2.63450762316708e-08	1
TCGA-36-2549-01	6.6916493511458e-06	0.198735346769832	0.198742012074106
TCGA-36-2551-01	0.000301624777249088	0.642073002364181	0.642374600796354
TCGA-36-2552-01	0.99998356067246	1.64656726160395e-05	1
TCGA-3P-A9WA-01	4.73684469817329e-05	0.0194464862610296	0.0194938283629351
TCGA-42-2587-01	1.11439672265145e-05	0.41557466106335	0.4155857786855
TCGA-42-2589-01	1	2.63450762316708e-08	1
TCGA-42-2590-01	0.878351294572016	0.12164873177306	1
TCGA-42-2591-01	0.173060225871618	0.609607069248059	0.782667268774601
TCGA-42-2593-01	1	2.63450762316708e-08	1
TCGA-57-1582-01	1	2.63450762316708e-08	1
TCGA-57-1583-01	1	2.63450762316708e-08	1
TCGA-57-1584-01	0.00044196499808985	0.488555079795679	0.488997018448693
TCGA-57-1585-01	0.000111676777950815	0.435721373104317	0.435833023537192
TCGA-57-1586-01	5.21105606951433e-05	0.227944264462202	0.227996348677821
TCGA-57-1992-01	1	2.63450762316708e-08	1
TCGA-57-1993-01	0.0173888040855523	0.156128008301439	0.173516786041915
TCGA-57-1994-01	0.845375689612007	0.154624336733069	1
TCGA-59-2348-01	3.68831066598587e-07	0.913873151145364	0.913873493631354
TCGA-59-2350-01	4.9265292467097e-05	0.807790091495659	0.80783933044305
TCGA-59-2351-01	1	2.63450762316708e-08	1
TCGA-59-2352-01	0.380108893157201	2.63450762316708e-08	0.380108893157201
TCGA-59-2355-01	0.0079478616189044	0.559021809428834	0.566969644702662
TCGA-59-2363-01	1	2.63450762316708e-08	1
TCGA-59-2372-01	1	2.63450762316708e-08	1
TCGA-59-A5PD-01	1	2.63450762316708e-08	1
TCGA-61-1721-01	0.00228772738073011	0.658389245708064	0.660676946743718
TCGA-61-1722-01	0.0684456671135758	2.63450762316708e-08	0.0684456671135758
TCGA-61-1724-01	1.55435949495119e-06	0.401904280065864	0.401905808080283
TCGA-61-1727-01	0.816355455355278	0.138362785767347	0.954718214777549
TCGA-61-1728-01	6.2964732083616e-06	0.298994089666573	0.299000359794706
TCGA-61-1730-01	1	2.63450762316708e-08	1
TCGA-61-1733-01	1	2.63450762316708e-08	1
TCGA-61-1736-01	1.03272698647604e-05	0.975624929576318	0.975635230501107
TCGA-61-1737-01	0.00222231255656123	0.168824807008486	0.171047093219971
TCGA-61-1738-01	1	2.63450762316708e-08	1
TCGA-61-1740-01	0.485589941470988	0.126666520363677	0.612256435489589
TCGA-61-1741-01	1.57807006351824e-05	0.0840377633483453	0.0840535177039043
TCGA-61-1743-01	1.44107566735305e-05	0.955367726285829	0.955382110697426
TCGA-61-1895-01	2.79257807567502e-06	0.999997233767	1
TCGA-61-1899-01	0.0119946233914717	2.63450762316708e-08	0.0119946233914717
TCGA-61-1900-01	0.974049704781028	0.0259503215640482	1
TCGA-61-1901-01	0.587005786458878	0.332082530587885	0.919088290701687
TCGA-61-1903-01	0.107222905715952	0.892777120629125	1
TCGA-61-1904-01	2.63450761856134e-08	2.63450762316708e-08	2.63450762316708e-08
TCGA-61-1906-01	0.000544210238766216	0.174681396479776	0.175225580373466
TCGA-61-1907-01	0.720222588494889	0.279777437850187	1
TCGA-61-1910-01	0.833165036595814	0.166834989749263	1
TCGA-61-1911-01	0.675866279453762	0.324133746891314	1
TCGA-61-1914-01	1	2.63450762316708e-08	1
TCGA-61-1915-01	1	2.63450762316708e-08	1
TCGA-61-1916-02	0.0233355464075498	0.324244633316979	0.347580153379453
TCGA-61-1917-01	0.000944629051711354	0.512144118526287	0.513088721232922
TCGA-61-1919-01	1	2.63450762316708e-08	1
TCGA-61-1995-01	1	2.63450762316708e-08	1
TCGA-61-1998-01	0.772541248946823	0.227458777398253	1
TCGA-61-2000-01	1	2.63450762316708e-08	1
TCGA-61-2002-01	0.70586362624114	0.294136400103937	1
TCGA-61-2003-01	1	2.63450762316708e-08	1
TCGA-61-2008-01	0.985812860333133	0.0141871660119433	1
TCGA-61-2008-02	0.127731309307871	0.0139799619877434	0.141711244950538
TCGA-61-2009-01	1	2.63450762316708e-08	1
TCGA-61-2012-01	0.880134461053639	0.119865565291437	1
TCGA-61-2016-01	1	2.63450762316708e-08	1
TCGA-61-2017-01	0.000234049656832989	0.455155766975377	0.455389790287134
TCGA-61-2018-01	0.000425525670550028	0.581920343712617	0.582345843038091
TCGA-61-2094-01	1.14337630645562e-05	0.432694007709676	0.432705415127664
TCGA-61-2095-01	1	2.63450762316708e-08	1
TCGA-61-2095-02	1	2.63450762316708e-08	1
TCGA-61-2096-01	0.915914051507311	2.63450762316708e-08	0.915914051507311
TCGA-61-2097-01	1	2.63450762316708e-08	1
TCGA-61-2098-01	1	2.63450762316708e-08	1
TCGA-61-2101-01	1	2.63450762316708e-08	1
TCGA-61-2102-01	0.519011621260972	2.63450762316708e-08	0.519011621260972
TCGA-61-2109-01	0.872869595534847	0.127130430810229	1
TCGA-61-2111-01	0.278746739434577	2.63450762316708e-08	0.278746739434577
TCGA-61-2113-01	0.826697188666865	0.173302837678212	1
TCGA-61-2610-02	0.56758899109871	0.432411035246366	1
TCGA-61-2611-02	0.000190580281126727	0.919739382914538	0.919929936850589
TCGA-61-2612-01	0.979236997591823	2.63450762316708e-08	0.979236997591823
TCGA-61-2614-01	0.0192997178415995	0.282016163389212	0.301315854885735
TCGA-72-4231-01	1	2.63450762316708e-08	1
TCGA-72-4233-01	1	2.63450762316708e-08	1
TCGA-72-4234-01	0.00884293558231062	0.757526057190366	0.7663689664276
TCGA-72-4236-01	0.85928886683162	0.140711159513456	1
TCGA-72-4237-01	1	2.63450762316708e-08	1
TCGA-72-4238-01	2.08126101866346e-06	0.202439965037976	0.202442019953919
TCGA-72-4240-01	1	2.63450762316708e-08	1
TCGA-72-4241-01	1	2.63450762316708e-08	1
TCGA-OY-A56P-01	1.78092715014747e-05	0.176175768236253	0.176193551162678
TCGA-OY-A56Q-01	3.58293036124342e-06	0.602149384116664	0.602152940701949
TCGA-VG-A8LO-01	0.968412912280354	0.031587114064722	1
TCGA-WR-A838-01	0.104761432557777	0.318443184090145	0.423204590302846
