Sample	percent	start	end
TCGA-04-1331-01	0	0.761229549610857	0.358073092979543
TCGA-04-1332-01	0	0.829572208948681	0.174285475208488
TCGA-04-1335-01	1.45780292161159e-05	0.849659145219045	0.84967370894205
TCGA-04-1336-01	0.901647244339744	0.0983527699664672	1
TCGA-04-1337-01	1.72532907111244e-05	0.142795944973104	0.142813183957604
TCGA-04-1338-01	0	0.220382991866247	0.133327193107485
TCGA-04-1341-01	0	0.62823285859459	0.0167830884675071
TCGA-04-1342-01	0	0.843219547594969	0.7754201809338
TCGA-04-1343-01	0	0.19391452688308	0.0915654169604626
TCGA-04-1346-01	0	0.867136828852893	0.149155256139908
TCGA-04-1347-01	0	0.990062562349151	0.26664784827645
TCGA-04-1348-01	0	0.939255469575703	0.128394297034913
TCGA-04-1349-01	0	0.464964768308263	0.464879188552845
TCGA-04-1350-01	0	0.715783924078997	0.265942594982763
TCGA-04-1351-01	0	0.995159536358013	0.438022038117498
TCGA-04-1353-01	0	0.760401978211383	0.362116457451919
TCGA-04-1356-01	0	0.995159536358013	0.67264265721049
TCGA-04-1357-01	0	0.288072157782517	0.287684802807977
TCGA-04-1360-01	0	0.769241213865425	0.114889462558421
TCGA-04-1361-01	0	0.300261750732038	0.300248317199718
TCGA-04-1362-01	0.237212604132587	0.106976940347491	0.344189530173867
TCGA-04-1364-01	0	0.75052941922834	0.320641249021509
TCGA-04-1365-01	0	0.780616254067667	0.230803950843343
TCGA-04-1367-01	1.41059242464085e-05	0.102733732410817	0.102747824028853
TCGA-04-1371-01	0	0.970645485805957	0.113466752772891
TCGA-04-1514-01	0	0.846221891996718	0.845595666213718
TCGA-04-1516-01	0	0.355873470088409	0.114871823000007
TCGA-04-1517-01	0	0.723224956487301	0.00900833507046506
TCGA-04-1519-01	1	1.43062112156755e-08	1
TCGA-04-1525-01	0	0.226181284960714	0.12600598952422
TCGA-04-1530-01	0.000147196607070281	0.0458699334499375	0.0460171157507966
TCGA-04-1536-01	0	0.60910498211087	0.0476895833715131
TCGA-04-1542-01	0	0.996288596852385	0.182484321930439
TCGA-04-1638-01	0	0.519800461544125	0.123422960172838
TCGA-04-1644-01	0	0.43928141388972	0.0549616308130839
TCGA-04-1646-01	0	0.761249378019585	0.647910336794106
TCGA-04-1648-01	0	0.0734088177677535	0.0730782584516911
TCGA-04-1649-01	0	0.883216781345971	0.121086684352291
TCGA-04-1651-01	0.106918928661062	1.43062112156755e-08	0.106918928661062
TCGA-04-1652-01	0	0.624457449458051	0.318027761746476
TCGA-04-1654-01	0.447332234244351	0.271225091938509	0.718557311876649
TCGA-04-1655-01	0	0.990062562349151	0.666207580349154
TCGA-09-0364-01	0	0.279052191762343	0.278979044104461
TCGA-09-0365-01	0	0.411441970380735	0.300248317199718
TCGA-09-0367-01	0	0.956787416668645	0.0845996082759085
TCGA-09-0369-01	1	1.43062112156755e-08	1
TCGA-09-1659-01	0	0.744918136926722	0.0361464594938442
TCGA-09-1661-01	0	0.0799152969292046	0.0799094456888225
TCGA-09-1662-01	0.138311033598151	1.43062112156755e-08	0.138311033598151
TCGA-09-1665-01	0	0.967588777801636	0.180413211734544
TCGA-09-1666-01	0	0.379750908548131	0.379532381172002
TCGA-09-1667-01	0	0.84203237527069	0.841833476016331
TCGA-09-1668-01	0	0.048567855983492	0.0484702303982411
TCGA-09-1669-01	0	0.903887954669454	0.101664715084865
TCGA-09-1670-01	0	0.768903429912705	0.768841340956083
TCGA-09-1672-01	0	0.509384252229147	0.413694211516675
TCGA-09-1673-01	0	0.823005858293344	0.250617323743079
TCGA-09-1674-01	0	0.271057337305939	0.271034676267393
TCGA-09-1675-01	0	0.988681655312757	0.988669738238824
TCGA-09-2043-01	0	0.936008231450577	0.725936942026468
TCGA-09-2044-01	0	0.536841548224471	0.0138764097000748
TCGA-09-2049-01	0	0.192209426794609	0.192160370796393
TCGA-09-2050-01	0	0.963044838999258	0.144754093325338
TCGA-09-2051-01	0	0.73385912092996	0.12864311066016
TCGA-09-2053-01	0	0.788673197480693	0.119859926741612
TCGA-09-2054-01	0	0.769104160362098	0.106824793791345
TCGA-09-2055-01	0	0.821066322321885	0.0361427971037762
TCGA-10-0925-01	0	0.0794932493924975	0.0794327913439525
TCGA-10-0927-01	0	0.498365465298289	0.498235979780688
TCGA-10-0928-01	1.2389178902018e-05	0.266543670446468	0.266556045319159
TCGA-10-0930-01	0.14528070495973	0.016807580701087	0.162088271354606
TCGA-10-0933-01	0	0.611044818512764	0.179915140991503
TCGA-10-0934-01	9.64238635099325e-06	0.0471557900190972	0.047165418099237
TCGA-10-0935-01	0.440161303103565	1.43062112156755e-08	0.440161303103565
TCGA-10-0936-01	0	0.509384252229147	0.167138135009976
TCGA-10-0937-01	0	0.00086320817158192	0.000621819469949436
TCGA-10-0938-01	0	0.91246126646965	0.491531416818917
TCGA-13-0714-01	0	0.851060209707025	0.348032235727906
TCGA-13-0717-01	0	0.940819782239723	0.0906997910391873
TCGA-13-0720-01	0	0.203188828726025	0.0893812447774281
TCGA-13-0723-01	0.000216510200350047	0.992674661921697	0.992891157815836
TCGA-13-0724-01	0	0.145813883145064	0.144754093325338
TCGA-13-0725-01	0.081629638830113	1.43062112156755e-08	0.081629638830113
TCGA-13-0726-01	0.000114778732483707	0.81608344034737	0.816198204773642
TCGA-13-0727-01	0	0.690323388899945	0.272192864207775
TCGA-13-0730-01	1.43920484704736e-05	0.0733540822036899	0.0733684599459491
TCGA-13-0751-01	0	0.475018401006505	0.106014547213637
TCGA-13-0755-01	0.717718381345479	1.43062112156755e-08	0.717718381345479
TCGA-13-0757-01	0	0.7355008445028	0.0441825015323025
TCGA-13-0760-01	0	0.880040645090525	0.00675009963203133
TCGA-13-0761-01	2.73963944542316e-05	0.803563760186756	0.803591142274999
TCGA-13-0762-01	0	0.687292203176411	0.495381833420794
TCGA-13-0764-01	0	0.957315058350243	0.539995080666216
TCGA-13-0766-01	0.6334994756559	1.43062112156755e-08	0.6334994756559
TCGA-13-0768-01	0	0.199827012155372	0.199758399566442
TCGA-13-0791-01	0	0.823645317321707	0.166943112738853
TCGA-13-0791-02	0	0.796378622978244	0.154598082804608
TCGA-13-0792-01	0	0.79379163080636	0.37285468527487
TCGA-13-0793-01	0.807941518039796	0.192058496266415	1
TCGA-13-0795-01	0	0.0991345901025139	0.0629164135719077
TCGA-13-0797-01	0	0.350577310700964	0.0742303519461004
TCGA-13-0799-01	0	0.301160309551503	0.00915205526821294
TCGA-13-0800-01	0	0.857698964097261	0.857382596542712
TCGA-13-0801-01	0	0.85594975795965	0.0407147331614786
TCGA-13-0802-01	0	0.747528305160755	0.506585842868101
TCGA-13-0803-01	0	0.974161208596734	0.0203232033483859
TCGA-13-0804-01	0	0.506568746945713	0.50645956194181
TCGA-13-0805-01	0	0.987208630582425	0.987060918951751
TCGA-13-0807-01	0	0.825740690851803	0.291435218993544
TCGA-13-0883-01	0.209120527239963	0.772226619713109	0.981347132646861
TCGA-13-0884-01	0	0.192694822234525	0.189030572359035
TCGA-13-0885-01	0.997140889384818	1.43062112156755e-08	0.997140889384818
TCGA-13-0886-01	0	0.771487761129306	0.0238830035758804
TCGA-13-0887-01	0.245413782766964	1.43062112156755e-08	0.245413782766964
TCGA-13-0888-01	0	0.782696205502086	0.432404675676118
TCGA-13-0889-01	0	0.944089795853084	0.243949799562113
TCGA-13-0890-01	0	0.829200905543112	0.0737430108614615
TCGA-13-0891-01	0.011934556122401	0.151499042721337	0.163433584537526
TCGA-13-0893-01	0	0.348356300024082	0.263655875877824
TCGA-13-0899-01	0	0.853720192168468	0.758259580165062
TCGA-13-0900-01	0	0.775474072431403	0.0455260407450337
TCGA-13-0901-01	0	0.727005058061114	0.000423406626771539
TCGA-13-0903-01	0	0.194697935008571	0.102464088942058
TCGA-13-0904-01	0	0.965943835331274	0.533997058557139
TCGA-13-0905-01	0	0.300122021967216	0.0203843910137023
TCGA-13-0906-01	8.14023417465157e-06	0.833801296654897	0.833809422582861
TCGA-13-0908-01	1.83691751849782e-05	0.710234530447044	0.710252885316017
TCGA-13-0910-01	0	0.0687992992932203	0.00468266613241552
TCGA-13-0911-01	0	0.936004654897777	0.171375863667759
TCGA-13-0912-01	0	0.209094590079052	0.198267577909373
TCGA-13-0913-01	0	0.683988713028834	0.0168074662513974
TCGA-13-0913-02	0	0.816384772073944	0.163532511987997
TCGA-13-0916-01	0	0.584700974935389	0.207254096007753
TCGA-13-0919-01	0	0.943758249408449	0.805741165531891
TCGA-13-0920-01	0	0.971136246075073	0.583354874910853
TCGA-13-0921-01	0	0.456703947079379	0.00132468362636529
TCGA-13-0923-01	0	0.935271361430131	0.0894491134433765
TCGA-13-0924-01	1	1.43062112156755e-08	1
TCGA-13-1403-01	0	0.765086589988522	0.22981112839826
TCGA-13-1404-01	0.00813017690817568	0.412008081464259	0.420138244066223
TCGA-13-1407-01	1	1.43062112156755e-08	1
TCGA-13-1408-01	0	0.358277457206582	0.101664715084865
TCGA-13-1409-01	0	0.990062562349151	0.229701557126654
TCGA-13-1410-01	0	0.999833318333271	0.041096894981351
TCGA-13-1411-01	1	1.43062112156755e-08	1
TCGA-13-1481-01	0	0.715346726264626	0.118645901658904
TCGA-13-1482-01	0	0.836039889665349	0.273522640845329
TCGA-13-1483-01	0	0.72869891346758	0.190542009266448
TCGA-13-1484-01	0	0.268521318164572	0.268209628741087
TCGA-13-1487-01	0	0.545636835197697	0.209600457707199
TCGA-13-1488-01	0	0.970514083256055	0.943482912067631
TCGA-13-1489-01	0	0.750976617084343	0.236012842342448
TCGA-13-1489-02	0	0.414183126284546	0.413734411970156
TCGA-13-1491-01	0	0.715926843128918	0.699491452818495
TCGA-13-1494-01	5.9799962829602e-06	0.260600698638102	0.260606664328173
TCGA-13-1495-01	0	0.631488494465692	0.167333228812154
TCGA-13-1497-01	0.348491622475853	0.651508391830358	1
TCGA-13-1498-01	0	0.495653165022475	0.17653109256864
TCGA-13-1499-01	0.727984861854003	0.143250467609243	0.871235315157034
TCGA-13-1500-01	0	0.733366014442206	0.723209419941934
TCGA-13-1501-01	9.64238635099325e-06	0.0471557900190972	0.047165418099237
TCGA-13-1504-01	1	1.43062112156755e-08	1
TCGA-13-1505-01	3.59085901201677e-06	0.522930503187073	0.522934079739874
TCGA-13-1506-01	0	0.200077714200498	0.0850958049052822
TCGA-13-1507-01	0	0.630120477325592	0.0362187773914767
TCGA-13-1509-01	0	0.995931685495286	0.865291971387177
TCGA-13-1510-01	0	0.802556617224258	0.404381812233296
TCGA-13-1511-01	0	0.534487046290851	0.436955738971674
TCGA-13-1512-01	0	0.932442236633632	0.247024147124847
TCGA-13-1817-01	0.0014107927115977	0.304420151448699	0.305830929854086
TCGA-13-1817-02	7.85124870834584e-05	0.418645662745177	0.418724160926049
TCGA-13-1819-01	0	0.988032267773819	0.235961468738017
TCGA-13-2057-01	0	0.743848676108222	0.159292809073068
TCGA-13-2059-01	0	0.973017298255133	0.0407147331614786
TCGA-13-2060-01	1	1.43062112156755e-08	1
TCGA-13-2061-01	0	0.96491260070911	0.964882772258751
TCGA-13-2065-01	0	0.97948794035752	0.335258448643899
TCGA-13-2071-01	0	0.778349406290089	0.42708006123459
TCGA-13-A5FT-01	0	0.867735615322805	0.733836130848556
TCGA-20-0987-01	0	0.466539238382237	0.0407147331614786
TCGA-20-0990-01	0	0.894722866442835	0.0686027319512875
TCGA-20-0991-01	4.0486577705209e-05	0.144817884721094	0.144858356992588
TCGA-20-0996-01	0	0.638118908334797	0.438022038117498
TCGA-20-1682-01	0	0.624454745584134	0.164027163546561
TCGA-20-1683-01	0	0.20284801185653	0.0968469983186911
TCGA-20-1684-01	0	0.906087892297234	0.0407010564235682
TCGA-20-1685-01	0	0.530808561735214	0.141389544268346
TCGA-20-1686-01	1	1.43062112156755e-08	1
TCGA-23-1021-01	0	0.583442214330248	0.0184158706583457
TCGA-23-1022-01	0	0.889145218043755	0.525694620559865
TCGA-23-1024-01	0	0.999836408474891	0.0561653554237257
TCGA-23-1026-01	0	0.907482418846694	0.0368027140141599
TCGA-23-1027-01	0	0.756574980877245	0.732918644911669
TCGA-23-1028-01	0	0.133989828197997	0.131519932364811
TCGA-23-1029-01	0	0.507919739694481	0.0549401428838566
TCGA-23-1030-01	0	0.626232006201914	0.0772947280796262
TCGA-23-1031-01	0	0.959533222091096	0.777331233238754
TCGA-23-1032-01	3.08441913542158e-05	0.436458827031741	0.436489656916884
TCGA-23-1109-01	0.00255314367617754	0.509543895239964	0.512097024609931
TCGA-23-1110-01	0	0.541670237854638	0.330523536228169
TCGA-23-1111-01	0	0.792983286954743	0.0458501050412098
TCGA-23-1114-01	0	0.745582574599846	0.271034676267393
TCGA-23-1116-01	0	0.356432327922853	0.0816905689836277
TCGA-23-1117-01	0	0.638783503376244	0.278621231456057
TCGA-23-1118-01	0	0.93600671499219	0.11863800463032
TCGA-23-1119-01	0	0.813290438734158	0.300248317199718
TCGA-23-1120-01	0	0.95921319214648	0.0458501050412098
TCGA-23-1121-01	0	0.896406836257358	0.313604781959822
TCGA-23-1122-01	7.78257889457022e-06	0.388295979887413	0.388303748160096
TCGA-23-1123-01	0	0.916075387381083	0.374026249522727
TCGA-23-1124-01	0	0.983249028976644	0.0870239817450456
TCGA-23-1809-01	0.0149227516812695	0.100239272812995	0.115162010188054
TCGA-23-2072-01	0	0.623122551196887	0.124655483186632
TCGA-23-2077-01	0.999987181634762	1.43062112156755e-08	0.999987181634762
TCGA-23-2078-01	0	0.992611156650166	0.282023291398824
TCGA-23-2081-01	0	0.541813786377852	0.0955952191446177
TCGA-23-2084-01	0	0.624377692330593	0.136569381140056
TCGA-23-2641-01	0	0.372360234003263	0.0407147331614786
TCGA-23-2643-01	1	1.43062112156755e-08	1
TCGA-23-2645-01	0	0.990062562349151	0.723222510125185
TCGA-24-0966-01	0	0.723726160290596	0.123028037212573
TCGA-24-0968-01	0	0.976141474351488	0.569971528779898
TCGA-24-0970-01	0	0.912388819816117	0.550195466478981
TCGA-24-0975-01	0.7297440108084	1.43062112156755e-08	0.7297440108084
TCGA-24-0979-01	0	0.533865598782393	0.0824944922159834
TCGA-24-0982-01	1	1.43062112156755e-08	1
TCGA-24-1103-01	1.95422845036451e-05	0.249008962254764	0.249028490233057
TCGA-24-1105-01	0	0.946838991847591	0.765430454081003
TCGA-24-1413-01	0	0.351414853529648	0.273522640845329
TCGA-24-1417-01	0	0.90258255581579	0.0849525997311377
TCGA-24-1418-01	0	0.998997406412665	0.109800213903609
TCGA-24-1419-01	0	0.587710672729696	0.380886492674812
TCGA-24-1422-01	0	0.340311388134677	0.19850699235386
TCGA-24-1424-01	0	0.971481540788675	0.87106251043191
TCGA-24-1426-01	0	0.797926040006833	0.0361464594938442
TCGA-24-1427-01	0	0.829452723472711	0.552430268343463
TCGA-24-1428-01	0.238921252161436	1.43062112156755e-08	0.238921252161436
TCGA-24-1430-01	0	0.862355464169386	0.122599365900078
TCGA-24-1431-01	0	0.537555585531837	0.14916658665918
TCGA-24-1434-01	0	0.899765147806266	0.388303748160096
TCGA-24-1435-01	0	0.844389666915495	0.542857453097552
TCGA-24-1436-01	0	0.540871221652725	0.540410389977446
TCGA-24-1463-01	0	0.727818623679821	0.188073329461214
TCGA-24-1464-01	0	0.67502474151931	0.0289710791213738
TCGA-24-1466-01	0	0.325009006832918	0.0891583397006703
TCGA-24-1467-01	0.00278212889269682	0.520334197671696	0.523116312258181
TCGA-24-1469-01	0	0.475006741444374	0.0916294658680196
TCGA-24-1470-01	0	0.698805541522355	0.695759434420535
TCGA-24-1471-01	0	0.599943828092331	0.119746879060684
TCGA-24-1474-01	0	0.982931617068678	0.226600199437168
TCGA-24-1544-01	0	0.953088602986888	0.943881983829146
TCGA-24-1545-01	1	1.43062112156755e-08	1
TCGA-24-1548-01	2.47354391704263e-05	0.985933818408314	0.985958539541273
TCGA-24-1549-01	0	0.101062180387618	0.0860521608180086
TCGA-24-1550-01	1	1.43062112156755e-08	1
TCGA-24-1551-01	0	0.142010419528356	0.119542729426814
TCGA-24-1553-01	0	0.613833857305472	0.00675163039663007
TCGA-24-1555-01	0	0.733366014442206	0.688724984534628
TCGA-24-1556-01	0.0222723101751396	1.43062112156755e-08	0.0222723101751396
TCGA-24-1557-01	0	0.509218257260556	0.0789755648338966
TCGA-24-1558-01	0	0.723750065969516	0.723672898266286
TCGA-24-1560-01	0	0.854737950339679	0.0802366144328298
TCGA-24-1562-01	1	1.43062112156755e-08	1
TCGA-24-1563-01	0	0.0362819965387838	0.0361464594938442
TCGA-24-1564-01	0	0.880040645090525	0.323525538568408
TCGA-24-1565-01	3.46210311118749e-06	0.74597641028806	0.74597985808496
TCGA-24-1567-01	0	0.766100413951652	0.177782886048925
TCGA-24-1603-01	0	0.901639862334763	0.0738729541778207
TCGA-24-1604-01	0.928014693165604	0.0284843388976054	0.956499017756998
TCGA-24-1614-01	0.341852653492449	1.43062112156755e-08	0.341852653492449
TCGA-24-1616-01	0	0.816688364181888	0.81665485903525
TCGA-24-1842-01	0	0.989952361604252	0.398658970096714
TCGA-24-1843-01	0	0.903854649809772	0.12194308276734
TCGA-24-1845-01	0	0.810509082376867	0.28200256169879
TCGA-24-1846-01	0	0.725066337543694	0.690332258750891
TCGA-24-1847-01	0	0.437995027990746	0.0159687503133954
TCGA-24-1849-01	0	0.811793865980186	0.0611368067354902
TCGA-24-1850-01	0	0.734020022887363	0.541533012676777
TCGA-24-1852-01	0	0.638348179675541	0.583406405883607
TCGA-24-1852-02	1	1.43062112156755e-08	1
TCGA-24-1920-01	0	0.792172010329828	0.0514711727912915
TCGA-24-1923-01	2.63091224027843e-05	0.0824681973997917	0.0824944922159834
TCGA-24-1924-01	1	1.43062112156755e-08	1
TCGA-24-1927-01	0	0.761229549610857	0.0493684029500037
TCGA-24-1930-01	0	0.385837958209526	0.0614978239752042
TCGA-24-2019-01	0	0.699562898037244	0.0509174938053033
TCGA-24-2020-01	0.000339758209866081	0.202941245434942	0.203280989338597
TCGA-24-2023-01	0	0.95290980395927	0.404839124580619
TCGA-24-2024-01	0	0.642146550281061	0.0458501050412098
TCGA-24-2026-01	0	0.746055094449678	0.113893263847493
TCGA-24-2027-01	4.59086317512423e-05	0.0283764700651329	0.0284223643906729
TCGA-24-2029-01	0	0.710959354637657	0.300248317199718
TCGA-24-2033-01	0	0.196382004966573	0.182297354056224
TCGA-24-2035-01	0	0.974432754791583	0.761637248017728
TCGA-24-2260-01	4.86411180910639e-07	0.118645429553934	0.118645901658904
TCGA-24-2261-01	0	0.761249378019585	0.761207575270449
TCGA-24-2267-01	0	0.243156176801823	0.0678226285605853
TCGA-24-2271-01	2.19457279857918e-05	0.79379163080636	0.793813562228135
TCGA-24-2280-01	0.252417231093194	1.43062112156755e-08	0.252417231093194
TCGA-24-2281-01	1.41631490912215e-06	0.852001372423453	0.852002774432151
TCGA-24-2288-01	0	0.894665870497401	0.199266051307882
TCGA-24-2289-01	0	0.943878779237836	0.0757542209510486
TCGA-24-2290-01	0	0.630206715166725	0.413760949991938
TCGA-24-2293-01	0	0.155421705689791	0.144373777006711
TCGA-24-2295-01	0	0.926884988891728	0.00579938036651917
TCGA-24-2297-01	1.66953484741975e-05	0.537943283855445	0.537959964897708
TCGA-24-2298-01	0	0.71413926773286	0.195042028000431
TCGA-25-1312-01	0	0.229864061379712	0.114021905298633
TCGA-25-1313-01	0	0.970623397015859	0.122335587977913
TCGA-25-1314-01	0	0.62243263416161	0.213595595941608
TCGA-25-1315-01	0	0.761229549610857	0.143269752381945
TCGA-25-1316-01	0	0.308886779485734	0.102732444851809
TCGA-25-1317-01	0	0.360719727745934	0.360482874113253
TCGA-25-1318-01	0	0.187258590733189	0.102683961102041
TCGA-25-1319-01	2.8097398803191e-05	0.0743081920412573	0.0743362751338492
TCGA-25-1320-01	0	0.23162559947138	0.147752889786709
TCGA-25-1321-01	0	0.172791119917252	0.0307382252478333
TCGA-25-1322-01	0	0.349262755872131	0.173703283943571
TCGA-25-1323-01	0	0.730831182716369	0.00554754813070824
TCGA-25-1626-01	0	0.761249378019585	0.761207575270449
TCGA-25-1627-01	0	0.761249378019585	0.76120199584808
TCGA-25-1628-01	6.49072802291638e-05	0.343259340321431	0.343324233295449
TCGA-25-1630-01	7.31047392486283e-06	0.939255469575703	0.939262765743417
TCGA-25-1631-01	1	1.43062112156755e-08	1
TCGA-25-1633-01	0	0.703856406612508	0.079431489478733
TCGA-25-1634-01	1	1.43062112156755e-08	1
TCGA-25-1635-01	1.17310931866683e-06	0.526677071001826	0.526678229804934
TCGA-25-1870-01	0	0.797926040006833	0.0361731834963719
TCGA-25-1871-01	0	0.993099656537912	0.00466714389325995
TCGA-25-1877-01	0	0.723750065969516	0.0407010564235682
TCGA-25-1878-01	0	0.320915384640586	0.296987388030471
TCGA-25-2391-01	0	0.192209426794609	0.149972899028807
TCGA-25-2392-01	0	0.658506003222417	0.229701557126654
TCGA-25-2393-01	0	0.102747824028853	0.102683961102041
TCGA-25-2396-01	0	0.585003522689916	0.109800213903609
TCGA-25-2397-01	0	0.982823791154839	0.0951549598010487
TCGA-25-2398-01	0	0.965536179843038	0.632274463402988
TCGA-25-2399-01	0	0.623201864831798	0.0772852001429648
TCGA-25-2400-01	0	0.0145081576805992	0.0131008556845351
TCGA-25-2401-01	0.145230075278282	1.43062112156755e-08	0.145230075278282
TCGA-25-2404-01	2.48928074936621e-06	0.632277811056409	0.632280286030948
TCGA-25-2408-01	4.29186336097622e-07	0.199771732955283	0.199772147835408
TCGA-29-1688-01	0	0.0460751560496482	0.0458501050412098
TCGA-29-1691-01	0	0.947226504190454	0.104481221803084
TCGA-29-1692-01	0	0.933554544554685	0.0743613396158773
TCGA-29-1692-02	0	0.931356323672249	0.0743613396158773
TCGA-29-1693-01	1	1.43062112156755e-08	1
TCGA-29-1694-01	1.57797509571893e-05	0.405955409628386	0.405971175073132
TCGA-29-1695-01	0	0.867059804211774	0.000552591713936845
TCGA-29-1697-01	0	0.610514916449795	0.256435302184162
TCGA-29-1698-01	0	0.583364317010247	0.25384393231165
TCGA-29-1699-01	0	0.583417321522755	0.0348259532811502
TCGA-29-1701-01	0	0.7452511426049	0.238921252161436
TCGA-29-1702-01	0	0.877439747281351	0.0312467109126305
TCGA-29-1703-01	0	0.62194896977325	0.554169860707145
TCGA-29-1704-01	0	0.245898162465884	0.244967944001026
TCGA-29-1704-02	0.00603334414453714	0.244116052042506	0.250149381880832
TCGA-29-1705-01	7.15310560162704e-06	0.349262755872131	0.349269894671521
TCGA-29-1705-02	1.18741552987009e-06	0.306020930645076	0.306022103754395
TCGA-29-1707-01	0	0.999808125095342	0.0601527253854519
TCGA-29-1707-02	0	0.49214163395158	0.047143171940816
TCGA-29-1710-01	1	1.43062112156755e-08	1
TCGA-29-1710-02	0	0.438055772163515	0.437875199165707
TCGA-29-1711-01	0	0.970617402713365	0.0458501050412098
TCGA-29-1761-01	0	0.856051947226275	0.0407147331614786
TCGA-29-1762-01	0	0.120884237157554	0.0738184189007138
TCGA-29-1763-01	0	0.797929945602492	0.00374566652344721
TCGA-29-1764-01	0	0.916329479998264	0.795079061058752
TCGA-29-1766-01	0	0.761249378019585	0.453749685853485
TCGA-29-1768-01	0	0.916403672009564	0.197749764594871
TCGA-29-1769-01	0.130103302719043	0.0952587656695395	0.225362054082371
TCGA-29-1770-01	0	0.525968512973352	0.0407010564235682
TCGA-29-1770-02	0	0.76021028928747	0.525910258081332
TCGA-29-1771-01	4.94994907632591e-06	0.305669226748855	0.30567416239172
TCGA-29-1774-01	1	1.43062112156755e-08	1
TCGA-29-1775-01	0	0.989061542445048	0.0838827955635695
TCGA-29-1777-01	0	0.87095145131434	0.430792823472269
TCGA-29-1781-01	0	0.777726084667963	0.0694167410625415
TCGA-29-1783-01	0	0.196261475137186	0.0368293950980539
TCGA-29-1784-01	6.86698137756196e-07	0.943375372278016	0.943376044669943
TCGA-29-1785-01	0	0.262311578435899	0.0766365422207981
TCGA-29-2425-01	0	0.761249378019585	0.140648954632987
TCGA-29-2428-01	2.03720447534338e-05	0.264162558960009	0.264182916698552
TCGA-29-2429-01	0	0.859856512421246	0.0901941523104195
TCGA-29-2431-01	0	0.9632152402809	0.682789766692734
TCGA-29-2434-01	0	0.973123049768347	0.451003351101218
TCGA-30-1714-01	0	0.13244849130917	0.0596749122374745
TCGA-30-1718-01	0	0.5700131598545	0.0136822171892017
TCGA-30-1853-01	0	0.932200089702806	0.932164667523866
TCGA-30-1855-01	0	0.978735419342018	0.106025648833531
TCGA-30-1856-01	0	0.880040645090525	0.253605733895115
TCGA-30-1857-01	0	0.749297668749952	0.258628215462242
TCGA-30-1859-01	0	0.592577545637565	0.341074896320384
TCGA-30-1860-01	0	0.741190539148024	0.094731681930178
TCGA-30-1861-01	0	0.862139139949782	0.117466869568799
TCGA-30-1862-01	0	0.925509947401927	0.863938103089957
TCGA-30-1866-01	0	0.392504967366888	0.0894491134433765
TCGA-30-1867-01	0	0.390609222707923	0.0133739040315605
TCGA-30-1880-01	0	0.692655973718002	0.346421799838966
TCGA-30-1887-01	0.000104463954206161	0.818464995326375	0.81856944497437
TCGA-30-1891-01	5.37913541242353e-06	0.350726982282573	0.350732347111774
TCGA-30-1892-01	0	0.0427038544609678	0.028302077766876
TCGA-31-1944-01	0	0.947226504190454	0.0361427971037762
TCGA-31-1946-01	0	0.236020224347429	0.0605369902183713
TCGA-31-1950-01	0	0.216133374746953	0.088462971998925
TCGA-31-1953-01	0	0.124579903472846	0.00662786736351073
TCGA-31-1955-01	0	0.0799152969292046	0.0458501050412098
TCGA-31-1956-01	0	0.7938168383505	0.38062560460731
TCGA-31-1959-01	0.21485211047159	1.43062112156755e-08	0.21485211047159
TCGA-36-1569-01	1	1.43062112156755e-08	1
TCGA-36-1570-01	0	0.512046051579414	0.490305946767246
TCGA-36-1571-01	1	1.43062112156755e-08	1
TCGA-36-1574-01	0.242134813465389	0.757865200840822	1
TCGA-36-1575-01	0	0.889145218043755	0.0507437448702397
TCGA-36-1576-01	0.945313835283635	0.0546861790225764	1
TCGA-36-1577-01	0	0.266086701448213	0.127806984146386
TCGA-36-1578-01	0	0.689880769031528	0.0337069071346205
TCGA-36-1580-01	0	0.996060841970029	0.00810455448391068
TCGA-36-1581-01	0	0.141707900386252	0.0882932574154207
TCGA-36-2529-01	0	0.864784687444121	0.0745554605956943
TCGA-36-2530-01	0	0.882287435559996	0.480141483850813
TCGA-36-2532-01	0	0.824296707730214	0.385511104202165
TCGA-36-2533-01	0	0.600891614584547	0.374986124763409
TCGA-36-2534-01	0	0.343922132780267	0.315698882237121
TCGA-36-2537-01	0	0.81923288121271	0.360735564721736
TCGA-36-2538-01	5.63664721408211e-06	0.50122361739732	0.501229239738323
TCGA-36-2542-01	0	0.537580850300822	0.422512846226584
TCGA-36-2543-01	0	0.468571464296082	0.319443060914603
TCGA-36-2544-01	0	0.406605040372915	0.0719237185951661
TCGA-36-2545-01	0	0.979624121181964	0.978991042723797
TCGA-36-2547-01	0	0.842754409750118	0.173694600073371
TCGA-36-2548-01	0	0.949013450113219	0.014119400697362
TCGA-36-2549-01	0	0.995123913892117	0.266683113087066
TCGA-36-2551-01	0	0.980371348899321	0.382993869116107
TCGA-36-2552-01	0	0.926333040957295	0.0647457917171014
TCGA-3P-A9WA-01	0	0.667983496183081	0.667952294336447
TCGA-42-2582-01	0	0.931835295623334	0.666238267172185
TCGA-42-2587-01	0	0.493557047569397	0.0402814981676104
TCGA-42-2588-01	0.110294636562793	1.43062112156755e-08	0.110294636562793
TCGA-42-2589-01	0	0.826643498615996	0.228273525430557
TCGA-42-2590-01	0.714871917421001	1.43062112156755e-08	0.714871917421001
TCGA-42-2591-01	0.231686257806882	0.0121990207427044	0.243885264243375
TCGA-42-2593-01	0	0.96494981116445	0.268235565901998
TCGA-57-1582-01	0	0.95921319214648	0.0949376770652937
TCGA-57-1583-01	0	0.90923228307002	0.307293553968873
TCGA-57-1584-01	0	0.444664483510225	0.214946788977333
TCGA-57-1585-01	0	0.578295082744908	0.274879456222057
TCGA-57-1586-01	0	0.980331763612922	0.0238859077367547
TCGA-57-1992-01	0	0.199868872129353	0.144173676030611
TCGA-57-1993-01	0	0.861444015453627	0.0314545086303578
TCGA-57-1994-01	0	0.461915156184699	0.281567924696224
TCGA-59-2348-01	8.16169349145645e-05	0.0186942838345722	0.0187758864632755
TCGA-59-2351-01	0	0.123444405183432	0.0907311073355113
TCGA-59-2352-01	0	0.681534482496916	0.477111800279455
TCGA-59-2354-01	0	0.627088061267895	0.119705591335151
TCGA-59-2355-01	0	0.933177375602522	0.374026249522727
TCGA-59-2363-01	0	0.811847929152323	0.226149110291718
TCGA-59-2372-01	0	0.190544684527943	0.189085551128689
TCGA-59-A5PD-01	0	0.302249470022829	0.0514915591422562
TCGA-5X-AA5U-01	0	0.637722797959001	0.00268333019812717
TCGA-61-1721-01	3.27612236554518e-06	0.666235005356031	0.666238267172185
TCGA-61-1722-01	0	0.60645764634013	0.606456659211557
TCGA-61-1724-01	0	0.658530509762208	0.0361427971037762
TCGA-61-1725-01	0	0.511017950017503	0.510880782064486
TCGA-61-1727-01	0	0.87959555024757	0.473757179733037
TCGA-61-1728-01	0	0.77147806151811	0.0407147331614786
TCGA-61-1730-01	0	0.352089563062416	0.000622491861876018
TCGA-61-1733-01	0	0.223719915629406	0.004523066040232
TCGA-61-1734-01	0	0.12678845343977	0.0548577820259595
TCGA-61-1736-01	0	0.297190765128936	0.294802285943708
TCGA-61-1738-01	5.15023603317147e-06	0.583364317010247	0.583369452940069
TCGA-61-1741-01	0	0.629446597553074	0.32156163911927
TCGA-61-1743-01	0	0.719986988787035	0.310373180523541
TCGA-61-1895-01	0.000278499013493747	0.0491526795912698	0.0494311642985523
TCGA-61-1899-01	0	0.970671051005377	0.0112639095536149
TCGA-61-1900-01	0	0.900760187714086	0.129540510676518
TCGA-61-1901-01	0.0681374081256905	0.551692268132332	0.619829661951812
TCGA-61-1904-01	1	1.43062112156755e-08	1
TCGA-61-1906-01	0	0.712155682937106	0.0927272672909125
TCGA-61-1907-01	0	0.445302669285791	0.142695100490333
TCGA-61-1910-01	0	0.944039881482196	0.0686396992010367
TCGA-61-1911-01	0	0.260126991372739	0.186098528679139
TCGA-61-1913-01	0	0.11253733545586	0.108285128912339
TCGA-61-1914-01	1	1.43062112156755e-08	1
TCGA-61-1915-01	0	0.51245037372044	0.512267683403374
TCGA-61-1916-02	0	0.993076952580732	0.146147346622001
TCGA-61-1917-01	0	0.787239371769058	0.149358819219119
TCGA-61-1918-01	0	0.779749955754465	0.138044108309521
TCGA-61-1919-01	0	0.666243503245486	0.666207580349154
TCGA-61-1995-01	0	0.0460751560496482	0.0458699334499375
TCGA-61-1998-01	0	0.630120477325592	0.630074740368376
TCGA-61-2000-01	0	0.809844544560264	0.320280203169372
TCGA-61-2002-01	0	0.995151310286571	0.0458501050412098
TCGA-61-2003-01	0	0.924740917018696	0.583354874910853
TCGA-61-2008-01	0	0.899919340150615	0.29752823434501
TCGA-61-2008-02	0	0.899919340150615	0.884385341289475
TCGA-61-2009-01	1	1.43062112156755e-08	1
TCGA-61-2012-01	0	0.910285120071101	0.0203232033483859
TCGA-61-2016-01	1	1.43062112156755e-08	1
TCGA-61-2017-01	2.84836665056789e-05	0.0772947280796262	0.0773231974399207
TCGA-61-2018-01	0.579233441443941	1.43062112156755e-08	0.579233441443941
TCGA-61-2087-01	0	0.204011178358411	0.150709282638072
TCGA-61-2092-01	0	0.99199533148271	0.0794606455371653
TCGA-61-2094-01	0	0.077323927056692	0.0772909512398685
TCGA-61-2095-01	0.00264205677880576	0.304515430815313	0.307157473287907
TCGA-61-2095-02	0	0.965536179843038	0.0609836444383481
TCGA-61-2096-01	0	0.876568184282427	0.0368293950980539
TCGA-61-2097-01	0	0.699564242821097	0.294619581320432
TCGA-61-2098-01	0	0.51199167367063	0.509720948909816
TCGA-61-2101-01	0	0.550774739276812	0.395557555182383
TCGA-61-2102-01	0	0.829572208948681	0.277641070007888
TCGA-61-2104-01	0	0.849080873855999	0.265496384255334
TCGA-61-2109-01	0	0.989932990994283	0.0915650020803377
TCGA-61-2110-01	0	0.931604779642216	0.931493033826507
TCGA-61-2111-01	0	0.697163274313488	0.242445086573966
TCGA-61-2610-02	0	0.993130586566534	0.0270116432101313
TCGA-61-2611-02	1.09728639928959e-05	0.683945679945535	0.683956638503316
TCGA-61-2612-01	1	1.43062112156755e-08	1
TCGA-61-2613-01	0.999987181634762	1.43062112156755e-08	0.999987181634762
TCGA-61-2614-01	0	0.583442214330248	0.352802470179096
TCGA-72-4231-01	0	0.724268766269113	0.340230672491069
TCGA-72-4232-01	0	0.723726160290596	0.380886492674812
TCGA-72-4233-01	0	0.998930024157897	0.109800213903609
TCGA-72-4234-01	0.000661547818460875	0.982934249411539	0.983595782923789
TCGA-72-4235-01	1	1.43062112156755e-08	1
TCGA-72-4236-01	0	0.862355464169386	0.122581239930484
TCGA-72-4237-01	0	0.854737950339679	0.0223646424622455
TCGA-72-4238-01	0	0.761249378019585	0.170767763854353
TCGA-72-4241-01	0	0.956540377013587	0.0272128314582826
TCGA-OY-A56P-01	0	0.948130728269555	0.196243005818522
TCGA-OY-A56Q-01	0	0.262875100095195	0.254316609529805
TCGA-VG-A8LO-01	9.95569237634451e-05	0.651948794236039	0.652048336853591
TCGA-WR-A838-01	0	0.750976617084343	0.0405201686891142
