Sample	Percent	Start	End
P-0000334-T01-IM3	0.281698594564643	0.00323474927679414	0.284933343841437
P-0000366-T01-IM3	0	0	0
P-0000403-T01-IM3	0	0	0
P-0000666-T01-IM3	0	0	0
P-0000667-T01-IM3	0	0	0
P-0001050-T01-IM3	0.204902594116904	0.00323474927679414	0.208137343393698
P-0001105-T01-IM3	0	0	0
P-0001140-T01-IM3	0.27499918685668	0.00323474927679414	0.284933343841437
P-0001284-T01-IM3	0.000822583895514005	0.00323474927679414	0.00405733317230815
P-0001392-T01-IM3	0	0	0
P-0001421-T01-IM3	0	0	0
P-0001547-T01-IM3	0	0	0
P-0001561-T01-IM3	0	0	0
P-0001570-T01-IM3	0.101461626449392	0.00404222169554228	0.105503848144934
P-0001634-T01-IM3	0.259206611903735	0.00323474927679414	0.284933343841437
P-0001747-T01-IM3	0	0	0
P-0001796-T01-IM3	0	0	0
P-0001801-T01-IM3	0.256873191739506	0.00323474927679414	0.284933343841437
P-0001907-T01-IM3	0	0	0
P-0001911-T01-IM3	0.0213610967765606	0.00323474927679414	0.0245958460533547
P-0001965-T01-IM3	0	0	0
P-0001985-T01-IM3	0	0	0
P-0001992-T01-IM3	3.69100278489602e-05	0.00376857612495336	0.00380548615280232
P-0002110-T02-IM6	0.194637631827045	0.00323474927679414	0.284933343841437
P-0002227-T01-IM3	0	0	0
P-0002242-T02-IM3	0.258654035023666	0.00323474927679414	0.261888784300461
P-0002285-T01-IM3	0.275041317063867	0.00323474927679414	0.284933343841437
P-0002302-T01-IM3	0	0	0
P-0002310-T01-IM3	0	0	0
P-0002497-T01-IM3	0.0973028316752189	0.00323474927679414	0.100537580952013
P-0002771-T01-IM3	0	0	0
P-0003191-T01-IM5	0	0	0
P-0003194-T01-IM5	0	0	0
P-0003539-T01-IM5	0.258654035023666	0.00323474927679414	0.261888784300461
P-0003748-T01-IM5	0	0	0
P-0003813-T01-IM5	0.0213610967765606	0.00323474927679414	0.0245958460533547
P-0003873-T01-IM5	0	0	0
P-0004005-T01-IM3	0	0	0
P-0004167-T01-IM5	0	0	0
P-0004175-T01-IM5	0.094329738765918	0.00323474927679414	0.0975644880427121
P-0004524-T02-IM5	0.281698594564643	0.00323474927679414	0.284933343841437
P-0004822-T01-IM5	0.0213610967765606	0.00323474927679414	0.0245958460533547
P-0004829-T01-IM5	0.102220338951243	0.00323474927679414	0.105503848144934
P-0004867-T01-IM5	0	0	0
P-0004945-T01-IM5	0.0213610967765606	0.00323474927679414	0.0245958460533547
P-0005195-T01-IM5	0	0	0
P-0005224-T01-IM5	0.226966735140614	0.00323474927679414	0.26183305868115
P-0005592-T01-IM5	0	0	0
P-0006217-T01-IM5	0	0	0
P-0006656-T01-IM5	0.0373083594927556	0.00323474927679414	0.0405431087695497
P-0009394-T02-IM6	0.203609858088236	0.00323474927679414	0.261888784300461
P-0009598-T01-IM5	0	0	0
P-0009601-T01-IM5	0.0979715636917728	0.00323474927679414	0.105503848144934
P-0009750-T01-IM5	0	0	0
P-0010573-T01-IM5	0	0	0
P-0010598-T01-IM5	0	0	0
P-0010946-T01-IM5	0.00530588206284016	0.00323474927679414	0.0085406313396343
P-0012367-T01-IM5	0.227572210384307	0.00323474927679414	0.284933343841437
P-0013054-T01-IM5	0	0	0
P-0013279-T01-IM5	0.0213610967765606	0.00323474927679414	0.0245958460533547
P-0014146-T01-IM5	0	0	0
P-0014953-T01-IM6	0	0	0
P-0015095-T01-IM6	0.0373083594927556	0.00323474927679414	0.0405431087695497
P-0015726-T01-IM6	0.258654035023666	0.00323474927679414	0.261888784300461
P-0015976-T01-IM6	0.27499918685668	0.00323474927679414	0.284933343841437
P-0016488-T01-IM6	0.197414898354135	0.00323474927679414	0.230058072897125
P-0016553-T01-IM6	0.242444755362442	0.00323474927679414	0.261734719352956
P-0017470-T01-IM6	0.131120112237298	0.00323474927679414	0.134354861514092
P-0017563-T01-IM5	0.194516502359542	0.00323474927679414	0.261888784300461
P-0018024-T01-IM6	0.0328975865799728	0.00323474927679414	0.0361323358567669
P-0018184-T01-IM6	0	0	0
P-0018202-T01-IM6	0.281698594564643	0.00323474927679414	0.284933343841437
P-0018212-T01-IM6	0.0213610967765606	0.00323474927679414	0.0245958460533547
P-0018534-T01-IM6	0.192540553848244	0.00323474927679414	0.208137343393698
P-0018757-T01-IM6	0	0	0
P-0018996-T01-IM6	0.00530588206284016	0.00323474927679414	0.0085406313396343
P-0018997-T01-IM6	0	0	0
P-0019391-T01-IM6	0.171418183985819	0.00323474927679414	0.26183305868115
P-0019454-T01-IM6	0	0	0
P-0019814-T01-IM6	0.281698594564643	0.00323474927679414	0.284933343841437
P-0019841-T01-IM6	0	0	0
P-0019934-T01-IM6	0.258654035023666	0.00323474927679414	0.261888784300461
P-0019991-T01-IM6	0	0	0
P-0020006-T01-IM6	0	0	0
P-0020050-T01-IM6	0.223327876784493	0.00323474927679414	0.261888784300461
P-0020118-T01-IM6	0.258654035023666	0.00323474927679414	0.261888784300461
P-0020298-T01-IM6	0.0213610967765606	0.00323474927679414	0.0245958460533547
P-0020315-T01-IM6	0.0932971266502128	0.00323474927679414	0.112154495936
P-0020323-T01-IM6	0.222387367644586	0.00323474927679414	0.230058072897125
P-0020434-T01-IM6	0.281698594564643	0.00323474927679414	0.284933343841437
P-0020687-T01-IM6	0.0928645319454857	0.00323474927679414	0.112154495936
P-0020688-T01-IM6	0.102220338951243	0.00323474927679414	0.105503848144934
P-0020970-T01-IM6	0.0213610967765606	0.00323474927679414	0.0245958460533547
P-0021045-T02-IM6	0.0373083594927556	0.00323474927679414	0.0405431087695497
P-0021107-T01-IM6	0	0	0
P-0021389-T01-IM6	0.000847766958475784	0.00323474927679414	0.00408251623526993
P-0021524-T01-IM6	0.226823323620331	0.00323474927679414	0.230058072897125
P-0021534-T01-IM6	0.0373083594927556	0.00323474927679414	0.0405431087695497
P-0021602-T01-IM6	0	0	0
P-0021750-T01-IM6	0.100602525883341	0.00323474927679414	0.154072208224939
P-0021762-T02-IM6	0.0973028316752189	0.00323474927679414	0.100537580952013
P-0021785-T01-IM6	0.0213610967765606	0.00323474927679414	0.0245958460533547
P-0021891-T01-IM6	0	0	0
P-0021908-T01-IM6	0	0	0
P-0022003-T01-IM6	0.220548102604534	0.00323474927679414	0.230058072897125
P-0022126-T01-IM6	0.0973028316752189	0.00323474927679414	0.100537580952013
P-0022170-T01-IM6	0.239564560338508	0.00323474927679414	0.284933343841437
P-0022185-T01-IM6	0	0	0
P-0022358-T01-IM6	0.254026464866935	0.00323474927679414	0.284933343841437
P-0022507-T01-IM6	0.00530588206284016	0.00323474927679414	0.0085406313396343
P-0022610-T01-IM6	0.259475881374219	0.00323474927679414	0.284933343841437
P-0022754-T01-IM6	0.281698594564643	0.00323474927679414	0.284933343841437
P-0023069-T01-IM6	0.126138938441211	0.00323474927679414	0.134354861514092
P-0023506-T01-IM6	0	0	0
P-0023507-T01-IM6	0.00514530213484274	0.00323474927679414	0.00838005141163688
P-0023547-T01-IM6	0	0	0
P-0023620-T01-IM6	0.184989822576102	0.00323474927679414	0.188224571852896
P-0023747-T01-IM6	0.0213610967765606	0.00323474927679414	0.0245958460533547
P-0023920-T01-IM6	0	0	0
P-0024118-T01-IM6	0.281698594564643	0.00323474927679414	0.284933343841437
P-0024181-T01-IM6	0	0	0
P-0024318-T01-IM6	0	0	0
P-0024405-T01-IM6	0	0	0
P-0024448-T01-IM6	0.00530588206284016	0.00323474927679414	0.0085406313396343
P-0024740-T01-IM6	0.0979715636917728	0.00323474927679414	0.105503848144934
P-0024831-T01-IM6	0	0	0
P-0024926-T01-IM6	0	0	0
P-0024971-T01-IM6	0.227022460759924	0.00323474927679414	0.261888784300461
P-0025000-T01-IM6	0	0	0
P-0025279-T01-IM6	0.00514530213484274	0.00323474927679414	0.00838005141163688
P-0025454-T01-IM6	0	0	0
P-0025645-T01-IM6	0.0923525364281856	0.00323474927679414	0.0955872857049798
P-0025802-T02-IM6	0.14312699182724	0.00323474927679414	0.150772514016817
P-0025811-T01-IM6	0	0	0
P-0025859-T01-IM6	0	0	0
P-0025949-T01-IM6	0.0973028316752189	0.00323474927679414	0.100537580952013
P-0025958-T01-IM6	0.251990037668798	0.00323474927679414	0.261888784300461
P-0026190-T01-IM6	0.0213610967765606	0.00323474927679414	0.0245958460533547
P-0026493-T01-IM6	0	0	0
P-0026495-T01-IM6	0	0	0
P-0026504-T01-IM6	0	0	0
P-0026514-T01-IM6	0	0	0
P-0026707-T01-IM6	0.0373083594927556	0.00323474927679414	0.0405431087695497
P-0027108-T01-IM6	0.245999025506427	0.00323474927679414	0.261888784300461
P-0027239-T01-IM6	0.00530588206284016	0.00323474927679414	0.0085406313396343
P-0027872-T01-IM6	0.00530588206284016	0.00323474927679414	0.0085406313396343
P-0028009-T01-IM6	0	0	0
P-0028328-T01-IM6	0.163021513227717	0.00323474927679414	0.166280880116336
P-0028330-T01-IM6	0.0373083594927556	0.00323474927679414	0.0405431087695497
P-0028432-T01-IM6	0.0213610967765606	0.00323474927679414	0.0245958460533547
P-0028513-T01-IM6	0.185162276977979	0.00323474927679414	0.261888784300461
P-0028695-T01-IM6	0	0	0
P-0028702-T01-IM6	0	0	0
P-0028704-T01-IM6	0	0	0
P-0028778-T01-IM6	0.000847766958475784	0.00323474927679414	0.00408251623526993
P-0029084-T01-IM6	0	0	0
P-0029129-T01-IM6	0.00514530213484274	0.00323474927679414	0.00838005141163688
P-0029223-T01-IM6	0	0	0
P-0029267-T03-IM6	0.000379589806830337	0.00323474927679414	0.00361433908362448
P-0029325-T01-IM6	0	0	0
P-0029341-T01-IM6	0	0	0
P-0029354-T01-IM6	0	0	0
P-0029474-T01-IM6	0	0	0
P-0029548-T01-IM6	0	0	0
P-0029768-T01-IM6	0.206762666119813	0.00323474927679414	0.261888784300461
P-0030010-T01-IM6	0.201423684678091	0.00323474927679414	0.284933343841437
P-0030023-T01-IM6	0	0	0
P-0030026-T01-IM6	0.258654035023666	0.00323474927679414	0.261888784300461
P-0030052-T01-IM6	0.108919746659206	0.00323474927679414	0.112154495936
P-0030569-T01-IM6	0	0	0
P-0030697-T01-IM6	0	0	0
P-0030779-T01-IM6	0	0	0
P-0030836-T01-IM6	0.281698594564643	0.00323474927679414	0.284933343841437
P-0030874-T01-IM6	0	0	0
P-0030935-T01-IM6	0	0	0
P-0030958-T01-IM6	0.0213610967765606	0.00323474927679414	0.0245958460533547
P-0031382-T01-IM6	0	0	0
P-0031395-T01-IM6	0	0	0
P-0031946-T01-IM6	0	0	0
P-0032378-T01-IM6	0.0328975865799728	0.00323474927679414	0.0361323358567669
P-0032525-T01-IM6	0.00530588206284016	0.00323474927679414	0.0085406313396343
P-0032813-T02-IM6	0.0213610967765606	0.00323474927679414	0.0245958460533547
P-0033335-T01-IM6	0.000847766958475784	0.00323474927679414	0.00408251623526993
P-0033523-T01-IM6	0	0	0
P-0033555-T01-IM6	0.00530588206284016	0.00323474927679414	0.0085406313396343
P-0033784-T01-IM6	0.258654035023666	0.00323474927679414	0.261888784300461
P-0033787-T01-IM6	0.0213610967765606	0.00323474927679414	0.0245958460533547
P-0033798-T01-IM6	0.242819329863534	0.00323474927679414	0.261888784300461
P-0034086-T01-IM6	0.0213610967765606	0.00323474927679414	0.0245958460533547
P-0034227-T01-IM6	0.0373083594927556	0.00323474927679414	0.0405431087695497
P-0034239-T01-IM6	0	0	0
P-0034250-T01-IM6	0.0328975865799728	0.00323474927679414	0.0361323358567669
P-0034383-T01-IM6	0	0	0
P-0034470-T01-IM6	0.0213610967765606	0.00323474927679414	0.0245958460533547
P-0034561-T01-IM6	0.0213610967765606	0.00323474927679414	0.0245958460533547
P-0034872-T01-IM6	0.000847766958475784	0.00323474927679414	0.00408251623526993
P-0035075-T01-IM6	0	0	0
P-0035120-T01-IM6	0.208063670846992	0.00323474927679414	0.284933343841437
P-0035378-T01-IM6	0	0	0
P-0035382-T01-IM6	0	0	0
P-0035594-T01-IM6	0.258567840602504	0.00323474927679414	0.261888784300461
P-0035757-T01-IM6	0	0	0
P-0036061-T01-IM6	0	0	0
P-0036063-T01-IM6	0.281698594564643	0.00323474927679414	0.284933343841437
P-0036236-T01-IM6	0	0	0
P-0036257-T01-IM6	0.10226909886814	0.00323474927679414	0.105503848144934
P-0036314-T01-IM6	0	0	0
P-0036321-T01-IM6	0	0	0
P-0036326-T01-IM6	0.10226909886814	0.00323474927679414	0.105503848144934
P-0036348-T01-IM6	0	0	0
P-0036515-T01-IM6	0.226823323620331	0.00323474927679414	0.230058072897125
P-0036582-T01-IM6	0.281698594564643	0.00323474927679414	0.284933343841437
P-0036627-T01-IM6	0.185863305268901	0.00323474927679414	0.284933343841437
P-0036673-T01-IM6	0.131120112237298	0.00323474927679414	0.134354861514092
P-0036727-T01-IM6	0.0373083594927556	0.00323474927679414	0.0405431087695497
P-0036770-T01-IM6	0.0213610967765606	0.00323474927679414	0.0245958460533547
P-0036779-T01-IM6	0.174206251449122	0.00323474927679414	0.177441000725916
P-0036814-T01-IM6	0.258654035023666	0.00323474927679414	0.261888784300461
P-0036869-T01-IM6	0.00530588206284016	0.00323474927679414	0.0085406313396343
P-0036872-T01-IM6	0.204741686391146	0.00323474927679414	0.20797643566794
P-0036961-T01-IM6	0	0	0
P-0036971-T01-IM6	0	0	0
P-0037025-T01-IM6	0	0	0
P-0037049-T01-IM6	0	0	0
P-0037070-T01-IM6	0.281698594564643	0.00323474927679414	0.284933343841437
P-0037072-T01-IM6	0.147592129998626	0.00323474927679414	0.150844940932032
P-0037085-T01-IM6	0	0	0
P-0037100-T01-IM6	0.0328975865799728	0.00323474927679414	0.0361323358567669
P-0037128-T01-IM6	0.0213610967765606	0.00323474927679414	0.0245958460533547
P-0037178-T01-IM6	0.2520033872326	0.00323474927679414	0.261888784300461
P-0037342-T01-IM6	0.195613100598125	0.00323474927679414	0.226007639867678
P-0037460-T01-IM6	0	0	0
P-0037819-T01-IM6	0.0923525364281856	0.00323474927679414	0.0955872857049798
P-0037891-T01-IM6	0.281698594564643	0.00323474927679414	0.284933343841437
P-0037909-T01-IM6	0.226823323620331	0.00323474927679414	0.230058072897125
P-0038047-T01-IM6	0	0	0
P-0038069-T01-IM6	0.102242465300087	0.00323474927679414	0.105477214576881
P-0038086-T01-IM6	0	0	0
P-0038097-T01-IM6	0.270373509732016	0.00323474927679414	0.284933343841437
P-0038144-T01-IM6	0.258654035023666	0.00323474927679414	0.261888784300461
P-0038295-T01-IM6	0	0	0
P-0038306-T01-IM6	0.094329738765918	0.00323474927679414	0.0975644880427121
P-0038427-T01-IM6	0	0	0
P-0038481-T01-IM6	0.0373083594927556	0.00323474927679414	0.0405431087695497
P-0038534-T01-IM6	0	0	0
P-0038543-T01-IM6	0.258654035023666	0.00323474927679414	0.261888784300461
P-0038554-T01-IM6	0.149833234118512	0.00323474927679414	0.208137343393698
P-0038583-T01-IM6	0.0326861816091869	0.00323474927679414	0.035920930885981
P-0038960-T01-IM6	0	0	0
P-0038996-T01-IM6	0.259498228986551	0.00323474927679414	0.284933343841437
P-0039012-T01-IM6	0	0	0
P-0039094-T01-IM6	0.131120112237298	0.00323474927679414	0.134354861514092
P-0039132-T01-IM6	0.0714537574182989	0.00323474927679414	0.134354861514092
P-0039224-T01-IM6	0	0	0
P-0039227-T01-IM6	0.281698594564643	0.00323474927679414	0.284933343841437
P-0039241-T01-IM6	0.00530588206284016	0.00323474927679414	0.0085406313396343
P-0039288-T01-IM6	0.00065936519554337	0.00323474927679414	0.00389411447233751
P-0039297-T01-IM6	0.215747594544229	0.00323474927679414	0.230058072897125
P-0039377-T01-IM6	0	0	0
P-0039422-T01-IM6	0.00517241100964833	0.00323474927679414	0.00840716028644247
P-0039500-T01-IM6	0.220172675829264	0.00323474927679414	0.230058072897125
P-0039511-T02-IM6	0.281698594564643	0.00323474927679414	0.284933343841437
P-0039605-T01-IM6	0.131120112237298	0.00323474927679414	0.134354861514092
P-0039685-T01-IM6	0.258654035023666	0.00323474927679414	0.261888784300461
P-0039749-T01-IM6	0.0373083594927556	0.00323474927679414	0.0405431087695497
P-0039804-T01-IM6	0.0213562945393671	0.00323474927679414	0.0245958460533547
P-0039810-T01-IM6	0	0	0
P-0039816-T01-IM6	0	0	0
P-0039927-T01-IM6	0.00530588206284016	0.00323474927679414	0.0085406313396343
P-0039932-T01-IM6	0.180579049663319	0.00323474927679414	0.188224571852896
P-0040038-T01-IM6	0.258654035023666	0.00323474927679414	0.261888784300461
P-0040044-T01-IM6	0.236453669445575	0.00323474927679414	0.261888784300461
P-0040118-T01-IM6	0.0213610967765606	0.00323474927679414	0.0245958460533547
P-0040177-T01-IM6	0.0973028316752189	0.00323474927679414	0.100537580952013
P-0040212-T01-IM6	0.0213610967765606	0.00323474927679414	0.0245958460533547
P-0040343-T01-IM6	0.0213610967765606	0.00323474927679414	0.0245958460533547
P-0040386-T01-IM6	0	0	0
P-0040410-T01-IM6	0.131120112237298	0.00323474927679414	0.134354861514092
P-0040504-T01-IM6	0	0	0
P-0040521-T01-IM6	0.00530588206284016	0.00323474927679414	0.0085406313396343
P-0040523-T01-IM6	0.0973028316752189	0.00323474927679414	0.100537580952013
P-0040812-T01-IM6	0.000847766958475784	0.00323474927679414	0.00408251623526993
P-0040860-T01-IM6	0.00530588206284016	0.00323474927679414	0.0085406313396343
P-0040960-T01-IM6	0	0	0
P-0041235-T01-IM6	0.0213610967765606	0.00323474927679414	0.0245958460533547
P-0041236-T01-IM6	0	0	0
P-0041269-T01-IM6	0.00530588206284016	0.00323474927679414	0.0085406313396343
P-0041413-T01-IM6	0	0	0
P-0041702-T01-IM6	0.000822583895514005	0.00323474927679414	0.00405733317230815
P-0041886-T01-IM6	0.0373083594927556	0.00323474927679414	0.0405431087695497
P-0041952-T01-IM6	0	0	0
P-0041958-T01-IM6	0	0	0
P-0041985-T01-IM6	0.0978583259553569	0.00323474927679414	0.105503848144934
P-0042516-T01-IM6	0.215729467328065	0.00323474927679414	0.22397204855383
P-0042584-T01-IM6	0.253763161315695	0.00323474927679414	0.261888784300461
P-0042757-T01-IM6	0.104508973746423	0.00323474927679414	0.112154495936
P-0042805-T01-IM6	0.10226909886814	0.00323474927679414	0.105503848144934
P-0042831-T01-IM6	0.00530588206284016	0.00323474927679414	0.0085406313396343
P-0042932-T01-IM6	0.10226909886814	0.00323474927679414	0.105503848144934
P-0043037-T01-IM6	0.132861726324452	0.00323474927679414	0.154072208224939
P-0043133-T01-IM6	0	0	0
P-0043135-T01-IM6	0.259213241613444	0.00323474927679414	0.284933343841437
P-0043240-T01-IM6	0.281698594564643	0.00323474927679414	0.284933343841437
P-0043587-T01-IM6	0.00530588206284016	0.00323474927679414	0.0085406313396343
P-0043633-T01-IM6	0	0	0
P-0043789-T01-IM6	0.10226909886814	0.00323474927679414	0.105503848144934
P-0044065-T01-IM6	0.0973028316752189	0.00323474927679414	0.100537580952013
P-0044199-T01-IM6	0.108919746659206	0.00323474927679414	0.112154495936
P-0044338-T01-IM6	0.0328975865799728	0.00323474927679414	0.0361323358567669
P-0044345-T01-IM6	0.258654035023666	0.00323474927679414	0.261888784300461
P-0044349-T01-IM6	0.258654035023666	0.00323474927679414	0.261888784300461
P-0044402-T01-IM6	0.0328975865799728	0.00323474927679414	0.0361323358567669
P-0044555-T01-IM6	0.0973028316752189	0.00323474927679414	0.100537580952013
P-0044700-T01-IM6	0.236403295124707	0.00323474927679414	0.284933343841437
P-0044784-T01-IM6	0.281698594564643	0.00323474927679414	0.284933343841437
P-0045432-T01-IM6	0	0	0
P-0045469-T01-IM6	0.136222145067735	0.00323474927679414	0.26183305868115
P-0045494-T01-IM6	0.131120112237298	0.00323474927679414	0.134354861514092
P-0045643-T01-IM6	0.0373083594927556	0.00323474927679414	0.0405431087695497
P-0045749-T01-IM6	0.0328975865799728	0.00323474927679414	0.0361323358567669
P-0045890-T01-IM6	0.00530588206284016	0.00323474927679414	0.0085406313396343
P-0045944-T01-IM6	0.000847766958475784	0.00323474927679414	0.00408251623526993
P-0045947-T01-IM6	0	0	0
P-0045993-T01-IM6	0	0	0
P-0046054-T01-IM6	0.0328975865799728	0.00323474927679414	0.0361323358567669
P-0046098-T01-IM6	0.0213610967765606	0.00323474927679414	0.0245958460533547
P-0046280-T01-IM6	0.258598309404356	0.00323474927679414	0.26183305868115
P-0046282-T01-IM6	0.0213610967765606	0.00323474927679414	0.0245958460533547
P-0046283-T01-IM6	0	0	0
P-0046478-T01-IM6	0.281698594564643	0.00323474927679414	0.284933343841437
P-0046489-T01-IM6	0.108919746659206	0.00323474927679414	0.112154495936
P-0046578-T01-IM6	0.247952954203154	0.00323474927679414	0.261888784300461
P-0046745-T01-IM6	0.0213610967765606	0.00323474927679414	0.0245958460533547
P-0046884-T01-IM6	0.0212531447790352	0.00323474927679414	0.0405431087695497
P-0046940-T01-IM6	0.00530588206284016	0.00323474927679414	0.0085406313396343
P-0047149-T01-IM6	0.0328975865799728	0.00323474927679414	0.0361323358567669
P-0047432-T01-IM6	0.26899929956994	0.00323474927679414	0.284933343841437
P-0047577-T01-IM6	0.258654035023666	0.00323474927679414	0.261888784300461
P-0047622-T01-IM6	0	0	0
P-0047883-T01-IM6	0.224202129802029	0.00323474927679414	0.261888784300461
P-0048171-T01-IM6	0.0213610967765606	0.00323474927679414	0.0245958460533547
P-0048214-T01-IM6	0.258654035023666	0.00323474927679414	0.261888784300461
P-0048455-T01-IM6	0.10226909886814	0.00323474927679414	0.105503848144934
P-0048559-T01-IM6	0	0	0
P-0048588-T01-IM6	0.226823323620331	0.00323474927679414	0.230058072897125
P-0048593-T01-IM6	0.0213610967765606	0.00323474927679414	0.0245958460533547
P-0048755-T01-IM6	0.281698594564643	0.00323474927679414	0.284933343841437
P-0048851-T01-IM6	0.0861887010914576	0.00323474927679414	0.105503848144934
P-0048902-T01-IM6	0	0	0
P-0049040-T01-IM6	0.150837458948145	0.00323474927679414	0.154072208224939
P-0049099-T01-IM6	0	0	0
P-0049292-T01-IM6	0.000847766958475784	0.00323474927679414	0.00408251623526993
P-0049412-T01-IM6	0.0215725017473464	0.00323474927679414	0.0361323358567669
P-0049444-T01-IM6	0	0	0
P-0049519-T01-IM6	0	0	0
P-0049532-T01-IM6	0.0213610967765606	0.00323474927679414	0.0245958460533547
P-0049943-T01-IM6	0.0213610967765606	0.00323474927679414	0.0245958460533547
P-0050114-T01-IM6	0	0	0
P-0050148-T01-IM6	0.246291994755006	0.00323474927679414	0.261888784300461
P-0050454-T01-IM6	0.0861235840663048	0.00323474927679414	0.105503848144934
P-0050523-T01-IM6	0.169795478536339	0.00323474927679414	0.177441000725916
P-0000185-T01-IM3	0	0	0
P-0000376-T01-IM3	0.000822583895514005	0.00323474927679414	0.00405733317230815
P-0001265-T01-IM3	0	0	0
P-0001700-T01-IM3	0.000393431067273697	0.00323474927679414	0.00362818034406784
P-0002136-T01-IM3	0	0	0
P-0002242-T01-IM3	0.258654035023666	0.00323474927679414	0.261888784300461
P-0002645-T01-IM3	0	0	0
P-0003708-T01-IM5	0.281698594564643	0.00323474927679414	0.284933343841437
P-0004262-T01-IM5	0.0213610967765606	0.00323474927679414	0.0245958460533547
P-0004445-T01-IM5	0	0	0
P-0004524-T01-IM5	0	0	0
P-0004722-T01-IM5	0.281698594564643	0.00323474927679414	0.284933343841437
P-0005599-T01-IM5	0.0215725017473464	0.00323474927679414	0.0361323358567669
P-0007221-T01-IM5	0	0	0
P-0007571-T01-IM5	0	0	0
P-0009061-T01-IM5	0.258654035023666	0.00323474927679414	0.261888784300461
P-0010051-T01-IM5	0.258654035023666	0.00323474927679414	0.261888784300461
P-0010348-T01-IM5	0	0	0
P-0011557-T01-IM5	0	0	0
P-0012038-T01-IM5	0	0	0
P-0012338-T01-IM5	0.258654035023666	0.00323474927679414	0.261888784300461
TCGA-72-4233-01	0	0	0
TCGA-72-4234-01	0	0	0
TCGA-72-4238-01	0	0	0
TCGA-72-4237-01	0	0	0
TCGA-72-4236-01	0	0	0
TCGA-72-4241-01	0	0	0
TCGA-72-4240-01	0	0	0
TCGA-72-4231-01	0	0	0
TCGA-25-1635-01	0	0	0
TCGA-04-1519-01	0	0	0
TCGA-09-1667-01	0	0	0
TCGA-09-1665-01	0	0	0
TCGA-24-1557-01	0	0	0
TCGA-36-1577-01	0	0	0
TCGA-36-1580-01	0	0	0
TCGA-24-1567-01	0	0	0
TCGA-36-1575-01	0	0	0
TCGA-04-1536-01	0	0	0
TCGA-09-1662-01	0	0	0
TCGA-25-1628-01	0	0	0
TCGA-09-1666-01	0	0	0
TCGA-36-1574-01	0	0	0
TCGA-57-1582-01	0	0	0
TCGA-57-1583-01	0	0	0
TCGA-25-1630-01	0	0	0
TCGA-36-1571-01	0	0	0
TCGA-09-1659-01	0	0	0
TCGA-25-1627-01	0	0	0
TCGA-36-1570-01	0	0	0
TCGA-04-1517-01	0	0	0
TCGA-36-1569-01	0	0	0
TCGA-09-1661-01	0	0	0
TCGA-36-1578-01	0	0	0
TCGA-24-1545-01	0	0	0
TCGA-25-1626-01	0	0	0
TCGA-57-1584-01	0	0	0
TCGA-24-1556-01	0	0	0
TCGA-25-1634-01	0	0	0
TCGA-25-1625-01	0	0	0
TCGA-24-1548-01	0	0	0
TCGA-61-1730-01	0	0	0
TCGA-61-1740-01	0	0	0
TCGA-29-1775-01	0	0	0
TCGA-61-1907-01	0	0	0
TCGA-24-1846-01	0	0	0
TCGA-04-1651-01	0	0	0
TCGA-24-1842-01	0	0	0
TCGA-61-1733-01	0	0	0
TCGA-24-1843-01	0	0	0
TCGA-30-1855-01	0	0	0
TCGA-61-1900-01	0	0	0
TCGA-61-1906-01	0	0	0
TCGA-61-1895-01	0	0	0
TCGA-61-1904-01	0	0	0
TCGA-61-1899-01	0	0	0
TCGA-61-1915-01	0	0	0
TCGA-24-1845-01	0	0	0
TCGA-30-1856-01	0	0	0
TCGA-61-1903-01	0	0	0
TCGA-61-1913-01	0	0	0
TCGA-29-1777-01	0	0	0
TCGA-23-1111-01	0	0	0
TCGA-29-1769-01	0	0	0
TCGA-61-1914-01	0	0	0
TCGA-04-1652-01	0	0	0
TCGA-61-1911-01	0	0	0
TCGA-30-1857-01	0	0	0
TCGA-24-1850-01	0	0	0
TCGA-61-1910-01	0	0	0
TCGA-13-1494-01	0	0	0
TCGA-13-1511-01	0	0	0
TCGA-24-1426-01	0	0	0
TCGA-13-1492-01	0	0	0
TCGA-24-1422-01	0	0	0
TCGA-13-1512-01	0	0	0
TCGA-24-1467-01	0	0	0
TCGA-13-1504-01	0	0	0
TCGA-24-1464-01	0	0	0
TCGA-24-1430-01	0	0	0
TCGA-24-1436-01	0	0	0
TCGA-13-1501-01	0	0	0
TCGA-13-1510-01	0	0	0
TCGA-13-1487-01	0	0	0
TCGA-13-1509-01	0	0	0
TCGA-24-1434-01	0	0	0
TCGA-24-1427-01	0	0	0
TCGA-13-1491-01	0	0	0
TCGA-13-1505-01	0	0	0
TCGA-13-1495-01	0	0	0
TCGA-13-1497-01	0	0	0
TCGA-13-1498-01	0	0	0
TCGA-24-1431-01	0	0	0
TCGA-24-1466-01	0	0	0
TCGA-13-1506-01	0	0	0
TCGA-24-1424-01	0	0	0
TCGA-13-1489-01	0	0	0
TCGA-13-0755-01	0	0	0
TCGA-13-0761-01	0	0	0
TCGA-13-0791-01	0	0	0
TCGA-13-0792-01	0	0	0
TCGA-09-0364-01	0	0	0
TCGA-09-0365-01	0	0	0
TCGA-09-0367-01	0	0	0
TCGA-13-0797-01	0	0	0
TCGA-13-0795-01	0	0	0
TCGA-13-0764-01	0	0	0
TCGA-13-0724-01	0	0	0
TCGA-13-0717-01	0	0	0
TCGA-13-0760-01	0	0	0
TCGA-13-0762-01	0	0	0
TCGA-13-0791-02	0	0	0
TCGA-09-0369-01	0	0	0
TCGA-13-0758-01	0	0	0
TCGA-13-0803-01	0	0	0
TCGA-13-0757-01	0	0	0
TCGA-13-0799-01	0	0	0
TCGA-13-0794-01	0	0	0
TCGA-13-0730-01	0	0	0
TCGA-13-0766-01	0	0	0
TCGA-13-1407-01	0	0	0
TCGA-04-1351-01	0	0	0
TCGA-04-1356-01	0	0	0
TCGA-25-1320-01	0	0	0
TCGA-25-1312-01	0	0	0
TCGA-13-0900-01	0	0	0
TCGA-13-0905-01	0	0	0
TCGA-25-1315-01	0	0	0
TCGA-04-1362-01	0	0	0
TCGA-25-1318-01	0	0	0
TCGA-25-1321-01	0	0	0
TCGA-04-1348-01	0	0	0
TCGA-25-1329-01	0	0	0
TCGA-13-1408-01	0	0	0
TCGA-13-0901-01	0	0	0
TCGA-13-0908-01	0	0	0
TCGA-24-1413-01	0	0	0
TCGA-25-1323-01	0	0	0
TCGA-25-1322-01	0	0	0
TCGA-13-0893-01	0	0	0
TCGA-04-1360-01	0	0	0
TCGA-13-1411-01	0	0	0
TCGA-04-1361-01	0	0	0
TCGA-04-1371-01	0	0	0
TCGA-25-1314-01	0	0	0
TCGA-24-2295-01	0	0	0
TCGA-09-2050-01	0	0	0
TCGA-24-2293-01	0	0	0
TCGA-09-2044-01	0	0	0
TCGA-24-2297-01	0	0	0
TCGA-59-2352-01	0	0	0
TCGA-25-2392-01	0	0	0
TCGA-24-2280-01	0	0	0
TCGA-09-2043-01	0	0	0
TCGA-25-2397-01	0	0	0
TCGA-25-2409-01	0	0	0
TCGA-29-2414-01	0	0	0
TCGA-25-2042-01	0	0	0
TCGA-09-2051-01	0	0	0
TCGA-24-2298-01	0	0	0
TCGA-25-2404-01	0	0	0
TCGA-29-2428-01	0	0	0
TCGA-24-2289-01	0	0	0
TCGA-59-2363-01	0	0	0
TCGA-24-2290-01	0	0	0
TCGA-25-2396-01	0	0	0
TCGA-24-2288-01	0	0	0
TCGA-59-2348-01	0	0	0
TCGA-24-2262-01	0	0	0
TCGA-09-2048-01	0	0	0
TCGA-29-2425-01	0	0	0
TCGA-59-2354-01	0	0	0
TCGA-25-2400-01	0	0	0
TCGA-25-2393-01	0	0	0
TCGA-13-1819-01	0	0	0
TCGA-61-1916-02	0	0	0
TCGA-24-1852-02	0	0	0
TCGA-61-2095-02	0	0	0
TCGA-29-1692-01	0	0	0
TCGA-29-1704-01	0	0	0
TCGA-29-1704-02	0	0	0
TCGA-29-1692-02	0	0	0
TCGA-24-1852-01	0	0	0
TCGA-29-2414-02	0	0	0
TCGA-23-2643-01	0	0	0
TCGA-36-2543-01	0	0	0
TCGA-04-1353-01	0	0	0
TCGA-36-2534-01	0	0	0
TCGA-13-2059-01	0	0	0
TCGA-36-2542-01	0	0	0
TCGA-36-2529-01	0	0	0
TCGA-23-2641-01	0	0	0
TCGA-13-2057-01	0	0	0
TCGA-13-2071-01	0	0	0
TCGA-04-1369-01	0	0	0
TCGA-36-2547-01	0	0	0
TCGA-13-2065-01	0	0	0
TCGA-04-1644-01	0	0	0
TCGA-29-2429-01	0	0	0
TCGA-36-2552-01	0	0	0
TCGA-29-2431-01	0	0	0
TCGA-04-1516-01	0	0	0
TCGA-61-2613-01	0	0	0
TCGA-13-2066-01	0	0	0
TCGA-23-2647-01	0	0	0
TCGA-36-2549-01	0	0	0
TCGA-36-2544-01	0	0	0
TCGA-36-2548-01	0	0	0
TCGA-13-2061-01	0	0	0
TCGA-36-2532-01	0	0	0
TCGA-61-2611-02	0	0	0
TCGA-29-2434-01	0	0	0
TCGA-42-2589-01	0	0	0
TCGA-36-2539-01	0	0	0
TCGA-23-2649-01	0	0	0
TCGA-61-2612-01	0	0	0
TCGA-36-2551-01	0	0	0
TCGA-42-2588-01	0	0	0
TCGA-42-2591-01	0	0	0
TCGA-42-2587-01	0	0	0
TCGA-42-2593-01	0	0	0
TCGA-23-2645-01	0	0	0
TCGA-29-2432-01	0	0	0
TCGA-59-2372-01	0	0	0
TCGA-29-A5NZ-01	0	0	0
TCGA-3P-A9WA-01	0	0	0
TCGA-13-A5FT-01	0	0	0
TCGA-WR-A838-01	0	0	0
TCGA-OY-A56Q-01	0	0	0
TCGA-OY-A56P-01	0	0	0
TCGA-5X-AA5U-01	0	0	0
TCGA-13-A5FU-01	0	0	0
TCGA-VG-A8LO-01	0	0	0
TCGA-13-0897-01	0	0	0
TCGA-13-0903-01	0	0	0
TCGA-13-0891-01	0	0	0
TCGA-13-0886-01	0	0	0
TCGA-13-0807-01	0	0	0
TCGA-10-0928-01	0	0	0
TCGA-13-0888-01	0	0	0
TCGA-13-0904-01	0	0	0
TCGA-13-0916-01	0	0	0
TCGA-13-0923-01	0	0	0
TCGA-10-0933-01	0	0	0
TCGA-10-0938-01	0	0	0
TCGA-10-0927-01	0	0	0
TCGA-13-0899-01	0	0	0
TCGA-13-0906-01	0	0	0
TCGA-13-0885-01	0	0	0
TCGA-13-0883-01	0	0	0
TCGA-10-0930-01	0	0	0
TCGA-13-0920-01	0	0	0
TCGA-13-0912-01	0	0	0
TCGA-10-0931-01	0	0	0
TCGA-10-0926-01	0	0	0
TCGA-57-1994-01	0	0	0
TCGA-30-1860-01	0	0	0
TCGA-31-1956-01	0	0	0
TCGA-31-1944-01	0	0	0
TCGA-24-1930-01	0	0	0
TCGA-30-1862-01	0	0	0
TCGA-24-1920-01	0	0	0
TCGA-30-1859-01	0	0	0
TCGA-04-1654-01	0	0	0
TCGA-57-1993-01	0	0	0
TCGA-25-1871-01	0	0	0
TCGA-31-1950-01	0	0	0
TCGA-31-1959-01	0	0	0
TCGA-24-2020-01	0	0	0
TCGA-30-1891-01	0	0	0
TCGA-30-1861-01	0	0	0
TCGA-31-1946-01	0	0	0
TCGA-25-1877-01	0	0	0
TCGA-24-2023-01	0	0	0
TCGA-61-1743-01	0	0	0
TCGA-25-1870-01	0	0	0
TCGA-61-1917-01	0	0	0
TCGA-61-1724-01	0	0	0
TCGA-24-2026-01	0	0	0
TCGA-31-1953-01	0	0	0
TCGA-57-1992-01	0	0	0
TCGA-30-1866-01	0	0	0
TCGA-31-1951-01	0	0	0
TCGA-24-1927-01	0	0	0
TCGA-61-1919-01	0	0	0
TCGA-30-1880-01	0	0	0
TCGA-31-1955-01	0	0	0
TCGA-30-1714-01	0	0	0
TCGA-09-1673-01	0	0	0
TCGA-20-1684-01	0	0	0
TCGA-24-1847-01	0	0	0
TCGA-29-1711-01	0	0	0
TCGA-29-1768-01	0	0	0
TCGA-29-1697-01	0	0	0
TCGA-29-1701-01	0	0	0
TCGA-20-1682-01	0	0	0
TCGA-29-1690-01	0	0	0
TCGA-29-1699-01	0	0	0
TCGA-29-1695-01	0	0	0
TCGA-29-1702-01	0	0	0
TCGA-09-1675-01	0	0	0
TCGA-29-1703-01	0	0	0
TCGA-29-1698-01	0	0	0
TCGA-20-1687-01	0	0	0
TCGA-29-1691-01	0	0	0
TCGA-29-1761-01	0	0	0
TCGA-09-1672-01	0	0	0
TCGA-09-1674-01	0	0	0
TCGA-29-1781-01	0	0	0
TCGA-29-1783-01	0	0	0
TCGA-04-1655-01	0	0	0
TCGA-29-1762-01	0	0	0
TCGA-23-1809-01	0	0	0
TCGA-29-1785-01	0	0	0
TCGA-29-1694-01	0	0	0
TCGA-23-1114-01	0	0	0
TCGA-24-1604-01	0	0	0
TCGA-24-1474-01	0	0	0
TCGA-24-1562-01	0	0	0
TCGA-24-1552-01	0	0	0
TCGA-24-1563-01	0	0	0
TCGA-24-1551-01	0	0	0
TCGA-24-1614-01	0	0	0
TCGA-24-1549-01	0	0	0
TCGA-04-1542-01	0	0	0
TCGA-24-1470-01	0	0	0
TCGA-24-1553-01	0	0	0
TCGA-24-1469-01	0	0	0
TCGA-24-0968-01	0	0	0
TCGA-24-0982-01	0	0	0
TCGA-20-0987-01	0	0	0
TCGA-23-1027-01	0	0	0
TCGA-23-1031-01	0	0	0
TCGA-23-1116-01	0	0	0
TCGA-24-0979-01	0	0	0
TCGA-23-1032-01	0	0	0
TCGA-04-1342-01	0	0	0
TCGA-23-1022-01	0	0	0
TCGA-24-0970-01	0	0	0
TCGA-24-1104-01	0	0	0
TCGA-23-1119-01	0	0	0
TCGA-23-1122-01	0	0	0
TCGA-04-1346-01	0	0	0
TCGA-23-1121-01	0	0	0
TCGA-23-1026-01	0	0	0
TCGA-24-1103-01	0	0	0
TCGA-23-1030-01	0	0	0
TCGA-04-1341-01	0	0	0
TCGA-04-1338-01	0	0	0
TCGA-23-1123-01	0	0	0
TCGA-24-1105-01	0	0	0
TCGA-23-1024-01	0	0	0
TCGA-23-1118-01	0	0	0
TCGA-23-1113-01	0	0	0
TCGA-23-1117-01	0	0	0
TCGA-09-2053-01	0	0	0
TCGA-24-2038-01	0	0	0
TCGA-24-2019-01	0	0	0
TCGA-61-2109-01	0	0	0
TCGA-23-2081-01	0	0	0
TCGA-61-2102-01	0	0	0
TCGA-61-2012-01	0	0	0
TCGA-61-2104-01	0	0	0
TCGA-61-2092-01	0	0	0
TCGA-24-2024-01	0	0	0
TCGA-61-2088-01	0	0	0
TCGA-61-1734-01	0	0	0
TCGA-24-2260-01	0	0	0
TCGA-61-2096-01	0	0	0
TCGA-09-2054-01	0	0	0
TCGA-61-2018-01	0	0	0
TCGA-61-2111-01	0	0	0
TCGA-24-2254-01	0	0	0
TCGA-61-2113-01	0	0	0
TCGA-61-2110-01	0	0	0
TCGA-61-2000-01	0	0	0
TCGA-61-2094-01	0	0	0
TCGA-24-2261-01	0	0	0
TCGA-24-2033-01	0	0	0
TCGA-23-2077-01	0	0	0
TCGA-61-1736-01	0	0	0
TCGA-61-2097-01	0	0	0
TCGA-61-2016-01	0	0	0
TCGA-09-2056-01	0	0	0
TCGA-24-2030-01	0	0	0
TCGA-61-2002-01	0	0	0
X1097	0	0	0
X1098	0.278592038797094	0.000100797811399247	0.280460486032787
X1177	0.278874764365653	9.99783169976275e-05	0.280459666538386
X1192	0	0	0
X119	0.282775615081972	0.000100797811399247	0.284933343841437
X1230	0	0	0
X1237	0.283223878519658	0.000101617305800867	0.284933343841437
X1269	5.6545113711773e-05	9.99783169976275e-05	0.0001565234307094
X128	0.283506604088217	0.000549061249085332	0.284933343841437
X1364	0.16272624119987	0.000100797811399247	0.284933343841437
X1410	0.26069761640793	9.99783169976275e-05	0.284933343841437
X1419	0.0585250121860866	0.000548241754683712	0.0590888243344011
X1471	0	0	0
X1530	0	0	0
X1552	0.284833365524439	9.99783169976275e-05	0.284933343841437
X1568	0.28324026840769	0.000100797811399247	0.284933343841437
X1582	0.253765455900019	0.000100797811399247	0.270323340284749
X1593	0.28420153534079	0.000548241754683712	0.284933343841437
X1605	0.28351316004343	0.000100797811399247	0.284933343841437
X1689	0.233044597319668	0.000101617305800867	0.284933343841437
X1851	0.28468175906014	0.000100797811399247	0.284933343841437
X1922	0.283135373124283	9.99783169976275e-05	0.284933343841437
X1979	0	0	0
X2090	0.283951589548296	9.99783169976275e-05	0.284933343841437
X2120	0.284834185018841	9.91588225960076e-05	0.284933343841437
X2152	0.281443936679339	0.000100797811399247	0.284933343841437
X2212	0.00472766320294519	0.000549061249085332	0.00527672445203052
X2354	0	0	0
X2357	0.239685722585788	0.000549061249085332	0.24204914444006
X2360	0.0228573378499822	9.99783169976275e-05	0.0229573161669798
X2362	0.279954857986988	9.99783169976275e-05	0.280460486032787
X2374	0.281083359142627	9.99783169976275e-05	0.284933343841437
X23	0.284829268052431	0.000100797811399247	0.284933343841437
X2401	0.0121883402352927	0.00233965651662481	0.0145279967519175
X2412	0.176528928041745	0.000100797811399247	0.176757566979797
X2415	0.279349251624191	0.000101617305800867	0.279995832707069
X2429	0.185554839381187	0.00113418025184194	0.279997471695872
X2443	0.280128590800131	9.99783169976275e-05	0.280459666538386
X2503	0.281986441973212	0.000549061249085332	0.284933343841437
X2529	0.237849235631758	9.91588225960076e-05	0.268236907538225
X2554	0.284017968594827	0.000100797811399247	0.284933343841437
X2556	0.283485297233775	0.000155703936307781	0.284933343841437
X2593	0.0443682463981029	0.000149147981094821	0.0445173943791977
X2638	0.284785834849145	0.000100797811399247	0.284933343841437
X2665	0.00171110431058235	0.000104895283407347	0.00181599959398969
X2716	0.053418742569593	0.000105714777808967	0.0535711685282943
X2773	0.279894215401268	0.000101617305800867	0.279995832707069
X2797	0	0	0
X2816	0.140844863817609	0.000549880743486951	0.241904093930973
X2825	0.0083277021092614	9.91588225960076e-05	0.00842686093185741
X2902	0.28411057146221	0.000812938446406939	0.284933343841437
X2991	0.253404935727915	9.99783169976275e-05	0.284933343841437
X2998	0.282640398505704	0.000549061249085332	0.284933343841437
X301	0	0	0
X3107	0.283274687172558	9.99783169976275e-05	0.284933343841437
X3151	0.284614560519207	9.91588225960076e-05	0.284933343841437
X3225	0.183734742315189	0.000548241754683712	0.185902305007474
X3238	0.253590903592474	0.00418351892026958	0.263130637921731
X3297	0.0153630615471682	0.000100797811399247	0.0154638593585675
X3349	0.0129521090176025	0.000100797811399247	0.0130529068290017
X3391	0.00171274329938559	9.91588225960076e-05	0.00181190212198159
X342	0.28312881716907	9.99783169976275e-05	0.284933343841437
X429	0.0412508896943408	9.99783169976275e-05	0.0413508680113384
X451	0	0	0
X472	0.0113991671265328	0.000812118952005319	0.0122112860785381
X544	0.284252343993691	9.91588225960076e-05	0.284933343841437
X592	0.284262997420912	0.000102436800202487	0.284933343841437
X80	0.206955993044099	9.99783169976275e-05	0.284933343841437
X88	0.284834185018841	9.91588225960076e-05	0.284933343841437
X935	0.284440827706063	9.99783169976275e-05	0.284933343841437
X93	0.284366253715516	0.000549880743486951	0.284933343841437
X94	0.283725409093449	0.000549880743486951	0.284933343841437
X970	0.00428759470927531	9.99783169976275e-05	0.00438757302627293
X987	0.278168417556065	9.99783169976275e-05	0.284933343841437
X991	0	0	0
OVCA104	0	0	0
OVCA121	0	0	0
OVCA123	0	0	0
OVCA124	0.284526874618233	0.000406469223203469	0.284933343841437
OVCA130	0	0	0
OVCA132	0.241553350327079	0.000405649728801849	0.241959000055881
OVCA133	0.0324396858881237	0.000407288717605089	0.0328469746057287
OVCA134	0.166218106845172	0.000407288717605089	0.284933343841437
OVCA135	0.0352743170233269	0.000406469223203469	0.0356807862465304
OVCA136	0	0	0
OVCA139	0.268865459744267	0.000407288717605089	0.269362073351649
OVCA140	0.0382646520948379	0.000406469223203469	0.0386711213180414
OVCA141	0.257460556156923	0.000405649728801849	0.257866205885725
OVCA143	0.284505567763791	0.000406469223203469	0.284933343841437
OVCA144	0.218986932989672	0.000408108212006709	0.219395041201679
OVCA149	0.279973706358225	0.000406469223203469	0.280891540088039
OVCA150	0	0	0
OVCA151	0.00673050752050422	0.00151360615979195	0.00824411368029617
OVCA157	0	0	0
OVCA160	0.284522777146225	0.000407288717605089	0.284933343841437
OVCA162	0	0	0
OVCA173	0.0175322632282561	0.000406469223203469	0.0179387324514596
OVCA176	0.0827836854628388	0.000406469223203469	0.0831901546860423
OVCA177	0	0	0
OVCA181	0.0870745581497206	0.000407288717605089	0.0874818468673257
OVCA183	0.151258179178993	0.000407288717605089	0.151665467896598
OVCA184	0	0	0
OVCA185	0	0	0
OVCA187	0.284526055123832	0.000407288717605089	0.284933343841437
OVCA19	0.00896526875372168	0.000405649728801849	0.00937091848252353
OVCA193	0	0	0
OVCA216	0.0538604500520662	0.000408108212006709	0.0542685582640729
OVCA217	0.158542664914992	0.000407288717605089	0.158949953632597
OVCA224	0.133593977352076	0.000408108212006709	0.134002085564082
OVCA225	0.222623849144061	0.000406469223203469	0.223030318367265
OVCA235	0.00283872860721133	0.000407288717605089	0.00324601732481642
OVCA237	0.0299934950992883	0.000406469223203469	0.0303999643224917
OVCA239	0.0733152471465225	0.000406469223203469	0.073721716369726
OVCA249	0.165137955859229	0.000406469223203469	0.165544425082432
OVCA250	0	0	0
OVCA257	0.197035955947882	0.000405649728801849	0.197441605676684
OVCA274	0.229678876447607	0.000405649728801849	0.230084526176409
OVCA276	0.0028542990008421	0.000405649728801849	0.00325994872964395
OVCA292	0	0	0
OVCA313	0.174134365400212	0.0020552919592627	0.176189657359475
OVCA32	0.177317281656104	0.000405649728801849	0.177722931384906
OVCA340	0	0	0
OVCA342	0.281291510720638	0.00199219089033797	0.284933343841437
OVCA348	0	0	0
OVCA360	0.262979850951833	0.0067829551622079	0.269780834990877
OVCA381	0.231249847215513	0.000407288717605089	0.231657135933118
OVCA389	0.283423835153653	0.00150950868778385	0.284933343841437
OVCA415	0	0	0
OVCA419	0.284527694112635	0.000405649728801849	0.284933343841437
OVCA58	0	0	0
OVCA75	0	0	0
GSM692791_JB0727	0	0	0
