Sample	Percent	Start	End
P-0000067-T02-IM5	0.281698594564643	0.00323474927679414	0.284933343841437
P-0000148-T01-IM3	0.270081679580656	0.00323474927679414	0.284933343841437
P-0000199-T01-IM3	0	0	0
P-0000236-T01-IM3	0.193758093070618	0.00323474927679414	0.207989785231742
P-0000666-T01-IM3	0.0373083594927556	0.00323474927679414	0.0405431087695497
P-0000667-T01-IM3	0	0	0
P-0001036-T01-IM3	0.270157073065605	0.00323474927679414	0.284933343841437
P-0001050-T01-IM3	0	0	0
P-0001086-T01-IM3	0.281653522372554	0.00323474927679414	0.284933343841437
P-0001105-T01-IM3	0	0	0
P-0001272-T01-IM3	0	0	0
P-0001392-T01-IM3	0.154315049000971	0.00323474927679414	0.284933343841437
P-0001457-T01-IM3	0	0	0
P-0001547-T01-IM3	0.270081679580656	0.00323474927679414	0.284933343841437
P-0001561-T01-IM3	0.134270248717125	0.00323474927679414	0.154072208224939
P-0001570-T01-IM3	0	0	0
P-0001575-T01-IM3	0	0	0
P-0001616-T01-IM3	0	0	0
P-0001677-T01-IM3	0.270157073065605	0.00323474927679414	0.284933343841437
P-0001735-T01-IM3	0.281698594564643	0.00323474927679414	0.284933343841437
P-0001747-T01-IM3	0.274972553288627	0.00323474927679414	0.284933343841437
P-0001752-T01-IM3	0	0	0
P-0001796-T01-IM3	0.206999000110296	0.00323474927679414	0.284933343841437
P-0001799-T01-IM3	0	0	0
P-0001907-T01-IM3	0	0	0
P-0001965-T01-IM3	0	0	0
P-0001992-T01-IM3	0.10163910435195	0.00381598387608707	0.105503848144934
P-0002010-T02-IM5	0.281698594564643	0.00323474927679414	0.284933343841437
P-0002109-T01-IM3	0.281698594564643	0.00323474927679414	0.284933343841437
P-0002116-T01-IM3	0.108919746659206	0.00323474927679414	0.112154495936
P-0002122-T01-IM3	0.281698594564643	0.00323474927679414	0.284933343841437
P-0002205-T01-IM3	0.215329332796586	0.00323474927679414	0.284933343841437
P-0002288-T01-IM3	0.00530588206284016	0.00323474927679414	0.0085406313396343
P-0002302-T01-IM3	0.208188447064583	0.00323474927679414	0.284933343841437
P-0002310-T01-IM3	0.0919932291077954	0.00323474927679414	0.112154495936
P-0002363-T01-IM3	0.281698594564643	0.00323474927679414	0.284933343841437
P-0002385-T01-IM3	0.281698594564643	0.00323474927679414	0.284933343841437
P-0002587-T01-IM3	0	0	0
P-0002643-T01-IM3	0.274972553288627	0.00323474927679414	0.284933343841437
P-0002747-T01-IM3	0.265131384333622	0.00323474927679414	0.284933343841437
P-0002771-T01-IM3	0	0	0
P-0002803-T01-IM3	0.281698594564643	0.00323474927679414	0.284933343841437
P-0002887-T01-IM3	0.281698594564643	0.00323474927679414	0.284933343841437
P-0002982-T01-IM3	0.281698594564643	0.00323474927679414	0.284933343841437
P-0003194-T01-IM5	0.274972553288627	0.00323474927679414	0.284933343841437
P-0003631-T01-IM5	0.281698594564643	0.00323474927679414	0.284933343841437
P-0003744-T01-IM5	0.200001886476113	0.00323474927679414	0.208137343393698
P-0003748-T01-IM5	0.102242465300087	0.00323474927679414	0.105477214576881
P-0003763-T01-IM5	0	0	0
P-0003810-T01-IM5	0.281698594564643	0.00323474927679414	0.284933343841437
P-0003818-T01-IM5	0	0	0
P-0003829-T01-IM5	0	0	0
P-0003873-T01-IM5	0	0	0
P-0003880-T01-IM5	0.281698594564643	0.00323474927679414	0.284933343841437
P-0003889-T01-IM5	0.281698594564643	0.00323474927679414	0.284933343841437
P-0004005-T01-IM3	0.163046130839542	0.00323474927679414	0.166280880116336
P-0004175-T01-IM5	0	0	0
P-0004308-T02-IM6	0.281698594564643	0.00323474927679414	0.284933343841437
P-0004360-T01-IM5	0.150837458948145	0.00323474927679414	0.154072208224939
P-0004568-T01-IM5	0.281698594564643	0.00323474927679414	0.284933343841437
P-0004631-T01-IM5	0	0	0
P-0004684-T01-IM5	0.281698594564643	0.00323474927679414	0.284933343841437
P-0004794-T01-IM5	0.281698594564643	0.00323474927679414	0.284933343841437
P-0004821-T01-IM5	0	0	0
P-0004867-T01-IM5	0	0	0
P-0004945-T01-IM5	0	0	0
P-0005092-T01-IM5	0.281698594564643	0.00323474927679414	0.284933343841437
P-0005340-T01-IM5	0.281698594564643	0.00323474927679414	0.284933343841437
P-0005516-T01-IM5	0.281698594564643	0.00323474927679414	0.284933343841437
P-0005592-T01-IM5	0.281623201079694	0.00323474927679414	0.284933343841437
P-0005745-T01-IM5	0.281698594564643	0.00323474927679414	0.284933343841437
P-0005775-T02-IM5	0	0	0
P-0005896-T01-IM5	0.281698594564643	0.00323474927679414	0.284933343841437
P-0005946-T01-IM5	0.281698594564643	0.00323474927679414	0.284933343841437
P-0006217-T01-IM5	0.253806299500996	0.00323474927679414	0.284933343841437
P-0006340-T01-IM5	0.281698594564643	0.00323474927679414	0.284933343841437
P-0006492-T01-IM5	0.281698594564643	0.00323474927679414	0.284933343841437
P-0006797-T01-IM5	0.281698594564643	0.00323474927679414	0.284933343841437
P-0006892-T01-IM5	0.281698594564643	0.00323474927679414	0.284933343841437
P-0006984-T01-IM5	0.281698594564643	0.00323474927679414	0.284933343841437
P-0007003-T01-IM5	0.281698594564643	0.00323474927679414	0.284933343841437
P-0007064-T01-IM5	0.281698594564643	0.00323474927679414	0.284933343841437
P-0007134-T01-IM5	0.281698594564643	0.00323474927679414	0.284933343841437
P-0007297-T01-IM5	0.215206408636343	0.00323474927679414	0.230058072897125
P-0007535-T01-IM5	0.274972553288627	0.00323474927679414	0.284933343841437
P-0008052-T01-IM5	0.2500670203009	0.00323474927679414	0.284933343841437
P-0008474-T01-IM5	0.108001953904112	0.00323474927679414	0.166280880116336
P-0009060-T01-IM5	0.2500670203009	0.00323474927679414	0.284933343841437
P-0009372-T01-IM5	0.281698594564643	0.00323474927679414	0.284933343841437
P-0009524-T01-IM5	0.281698594564643	0.00323474927679414	0.284933343841437
P-0009558-T01-IM5	0.281698594564643	0.00323474927679414	0.284933343841437
P-0009598-T01-IM5	0	0	0
P-0009840-T01-IM5	0.0632870531791798	0.00323474927679414	0.154072208224939
P-0010225-T01-IM5	0.281698594564643	0.00323474927679414	0.284933343841437
P-0010250-T02-IM6	0.281698594564643	0.00323474927679414	0.284933343841437
P-0010424-T01-IM5	0.259491599276842	0.00323474927679414	0.284933343841437
P-0010510-T01-IM5	0	0	0
P-0010536-T01-IM5	0.281698594564643	0.00323474927679414	0.284933343841437
P-0010573-T01-IM5	0	0	0
P-0010594-T01-IM5	0.281698594564643	0.00323474927679414	0.284933343841437
P-0010598-T01-IM5	0	0	0
P-0010633-T01-IM5	0	0	0
P-0010690-T01-IM5	0.281698594564643	0.00323474927679414	0.284933343841437
P-0010705-T01-IM5	0.281698594564643	0.00323474927679414	0.284933343841437
P-0010946-T01-IM5	0	0	0
P-0011589-T01-IM5	0	0	0
P-0012367-T01-IM5	0	0	0
P-0012502-T01-IM5	0.281698594564643	0.00323474927679414	0.284933343841437
P-0012732-T01-IM5	0.281698594564643	0.00323474927679414	0.284933343841437
P-0012808-T01-IM5	0.249867874966363	0.00323474927679414	0.284933343841437
P-0013054-T01-IM5	0	0	0
P-0013101-T01-IM5	0.204902594116904	0.00323474927679414	0.208137343393698
P-0013630-T01-IM5	0.281639664722222	0.00323474927679414	0.284933343841437
P-0013641-T01-IM5	0.281698594564643	0.00323474927679414	0.284933343841437
P-0013695-T01-IM5	0.281698594564643	0.00323474927679414	0.284933343841437
P-0013698-T01-IM5	0.281698594564643	0.00323474927679414	0.284933343841437
P-0013801-T03-IM6	0.281698594564643	0.00323474927679414	0.284933343841437
P-0013898-T01-IM5	0.281698594564643	0.00323474927679414	0.284933343841437
P-0013986-T01-IM5	0.281698594564643	0.00323474927679414	0.284933343841437
P-0014146-T01-IM5	0	0	0
P-0014391-T01-IM6	0	0	0
P-0014401-T01-IM6	0.281698594564643	0.00323474927679414	0.284933343841437
P-0014561-T01-IM6	0.258654035023666	0.00323474927679414	0.261888784300461
P-0014631-T01-IM6	0.281698594564643	0.00323474927679414	0.284933343841437
P-0014857-T01-IM6	0.281698594564643	0.00323474927679414	0.284933343841437
P-0015076-T01-IM6	0.281698594564643	0.00323474927679414	0.284933343841437
P-0015183-T01-IM6	0.281698594564643	0.00323474927679414	0.284933343841437
P-0015271-T01-IM6	0.281698594564643	0.00323474927679414	0.284933343841437
P-0015457-T01-IM6	0.270373509732016	0.00323474927679414	0.284933343841437
P-0015525-T01-IM6	0.281698594564643	0.00323474927679414	0.284933343841437
P-0015651-T03-IM6	0	0	0
P-0015810-T01-IM6	0.281698594564643	0.00323474927679414	0.284933343841437
P-0015819-T01-IM6	0.281698594564643	0.00323474927679414	0.284933343841437
P-0016058-T01-IM6	0.281698594564643	0.00323474927679414	0.284933343841437
P-0017005-T01-IM6	0.281698594564643	0.00323474927679414	0.284933343841437
P-0017327-T01-IM6	0.281698594564643	0.00323474927679414	0.284933343841437
P-0017434-T01-IM6	0.274972553288627	0.00323474927679414	0.284933343841437
P-0017436-T01-IM6	0.281698594564643	0.00323474927679414	0.284933343841437
P-0017470-T01-IM6	0	0	0
P-0017787-T01-IM6	0.281698594564643	0.00323474927679414	0.284933343841437
P-0018184-T01-IM6	0	0	0
P-0018211-T01-IM6	0.281698594564643	0.00323474927679414	0.284933343841437
P-0018212-T01-IM6	0	0	0
P-0018312-T01-IM6	0.281698594564643	0.00323474927679414	0.284933343841437
P-0018381-T01-IM6	0.281698594564643	0.00323474927679414	0.284933343841437
P-0018527-T01-IM6	0.281698594564643	0.00323474927679414	0.284933343841437
P-0018534-T01-IM6	0	0	0
P-0018550-T01-IM6	0.277401059388276	0.00323474927679414	0.284933343841437
P-0018606-T01-IM6	0.274972553288627	0.00323474927679414	0.284933343841437
P-0018612-T01-IM6	0	0	0
P-0018755-T01-IM6	0.281698594564643	0.00323474927679414	0.284933343841437
P-0018757-T01-IM6	0	0	0
P-0018944-T01-IM6	0	0	0
P-0018996-T01-IM6	0	0	0
P-0018997-T01-IM6	0.270081679580656	0.00323474927679414	0.284933343841437
P-0019234-T01-IM6	0.281698594564643	0.00323474927679414	0.284933343841437
P-0019337-T01-IM6	0.281698594564643	0.00323474927679414	0.284933343841437
P-0019338-T01-IM6	0.281698594564643	0.00323474927679414	0.284933343841437
P-0019383-T01-IM6	0.281698594564643	0.00323474927679414	0.284933343841437
P-0019423-T01-IM6	0.281698594564643	0.00323474927679414	0.284933343841437
P-0019441-T01-IM6	0.281698594564643	0.00323474927679414	0.284933343841437
P-0019454-T01-IM6	0.131120112237298	0.00323474927679414	0.134354861514092
P-0019652-T02-IM6	0.270157073065605	0.00323474927679414	0.284933343841437
P-0019664-T02-IM6	0.281698594564643	0.00323474927679414	0.284933343841437
P-0019748-T01-IM6	0.281698594564643	0.00323474927679414	0.284933343841437
P-0019841-T01-IM6	0	0	0
P-0019908-T01-IM6	0.281698594564643	0.00323474927679414	0.284933343841437
P-0019953-T01-IM6	0.281698594564643	0.00323474927679414	0.284933343841437
P-0019991-T01-IM6	0.0373083594927556	0.00323474927679414	0.0405431087695497
P-0020045-T01-IM6	0.281698594564643	0.00323474927679414	0.284933343841437
P-0020067-T01-IM6	0.281698594564643	0.00323474927679414	0.284933343841437
P-0020105-T01-IM6	0.281698594564643	0.00323474927679414	0.284933343841437
P-0020161-T01-IM6	0.281698594564643	0.00323474927679414	0.284933343841437
P-0020298-T01-IM6	0	0	0
P-0020313-T01-IM6	0.131319249376891	0.00323474927679414	0.261888784300461
P-0020354-T01-IM6	0.276797886923851	0.00323474927679414	0.284933343841437
P-0020364-T01-IM6	0.000847766958475784	0.00323474927679414	0.00408251623526993
P-0020385-T01-IM6	0.175524801551441	0.00323474927679414	0.284933343841437
P-0020432-T01-IM6	0	0	0
P-0020501-T01-IM6	0	0	0
P-0020515-T01-IM6	0.281698594564643	0.00323474927679414	0.284933343841437
P-0020525-T01-IM6	0	0	0
P-0020549-T01-IM6	0.270157073065605	0.00323474927679414	0.284933343841437
P-0020552-T01-IM6	0.0373083594927556	0.00323474927679414	0.0405431087695497
P-0020635-T01-IM6	0.270157073065605	0.00323474927679414	0.284933343841437
P-0020682-T01-IM6	0	0	0
P-0020688-T01-IM6	0	0	0
P-0020699-T01-IM6	0.247112513524628	0.00323474927679414	0.261888784300461
P-0020767-T01-IM6	0	0	0
P-0020799-T01-IM6	0.281698594564643	0.00323474927679414	0.284933343841437
P-0020831-T01-IM6	0.263552062917764	0.00323474927679414	0.284933343841437
P-0020924-T01-IM6	0	0	0
P-0020927-T01-IM6	0	0	0
P-0020968-T01-IM6	0	0	0
P-0020970-T01-IM6	0	0	0
P-0020973-T01-IM6	0.270157073065605	0.00323474927679414	0.284933343841437
P-0021030-T01-IM6	0.215329332796586	0.00323474927679414	0.284933343841437
P-0021080-T01-IM6	0.281698594564643	0.00323474927679414	0.284933343841437
P-0021107-T01-IM6	0.274972553288627	0.00323474927679414	0.284933343841437
P-0021272-T01-IM6	0.281698594564643	0.00323474927679414	0.284933343841437
P-0021303-T01-IM6	0.229942335702784	0.00323474927679414	0.261888784300461
P-0021328-T01-IM6	0.26372286194095	0.00323474927679414	0.284933343841437
P-0021389-T01-IM6	0	0	0
P-0021409-T01-IM6	0.223286246468891	0.00343409128998818	0.284933343841437
P-0021485-T01-IM6	0.270157073065605	0.00323474927679414	0.284933343841437
P-0021499-T01-IM6	0.281698594564643	0.00323474927679414	0.284933343841437
P-0021534-T01-IM6	0	0	0
P-0021559-T01-IM6	0.275041317063867	0.00323474927679414	0.284933343841437
P-0021592-T01-IM6	0.281698594564643	0.00323474927679414	0.284933343841437
P-0021602-T01-IM6	0	0	0
P-0021632-T01-IM6	0	0	0
P-0021649-T01-IM6	0.254607355278579	0.00323474927679414	0.284933343841437
P-0021742-T01-IM6	0	0	0
P-0021750-T01-IM6	0	0	0
P-0021759-T01-IM6	0.0973028316752189	0.00323474927679414	0.100537580952013
P-0021762-T02-IM6	0	0	0
P-0021785-T01-IM6	0	0	0
P-0021787-T01-IM6	0.270157073065605	0.00323474927679414	0.284933343841437
P-0021882-T01-IM6	0.270157073065605	0.00323474927679414	0.284933343841437
P-0021891-T01-IM6	0	0	0
P-0021905-T02-IM6	0	0	0
P-0021908-T01-IM6	0	0	0
P-0021912-T01-IM6	0.270157073065605	0.00323474927679414	0.284933343841437
P-0021920-T01-IM6	0	0	0
P-0021924-T01-IM6	0	0	0
P-0021932-T02-IM6	0	0	0
P-0022003-T01-IM6	0	0	0
P-0022016-T01-IM6	0.281698594564643	0.00323474927679414	0.284933343841437
P-0022058-T01-IM6	0	0	0
P-0022059-T01-IM6	0.265962736819234	0.00323474927679414	0.284933343841437
P-0022079-T01-IM6	0	0	0
P-0022126-T01-IM6	0	0	0
P-0022130-T01-IM6	0.254270444740185	0.00323474927679414	0.284933343841437
P-0022191-T01-IM6	0	0	0
P-0022397-T01-IM6	0.253003637514385	0.00323474927679414	0.284933343841437
P-0022522-T01-IM6	0	0	0
P-0022535-T01-IM6	0.270157073065605	0.00323474927679414	0.284933343841437
P-0022640-T01-IM6	0.258654035023666	0.00323474927679414	0.261888784300461
P-0022781-T01-IM6	0	0	0
P-0023037-T01-IM6	0	0	0
P-0023069-T01-IM6	0	0	0
P-0023140-T01-IM6	0.270157073065605	0.00323474927679414	0.284933343841437
P-0023287-T01-IM6	0.270157073065605	0.00323474927679414	0.284933343841437
P-0023372-T01-IM6	0.204902594116904	0.00323474927679414	0.208137343393698
P-0023506-T01-IM6	0.139512374115519	0.00323474927679414	0.154072208224939
P-0023547-T01-IM6	0	0	0
P-0023559-T01-IM6	0.281698594564643	0.00323474927679414	0.284933343841437
P-0023560-T01-IM6	0.281698594564643	0.00323474927679414	0.284933343841437
P-0023632-T01-IM6	0.253537628261425	0.00323474927679414	0.284933343841437
P-0023661-T01-IM6	0.131120112237298	0.00323474927679414	0.134354861514092
P-0023747-T01-IM6	0	0	0
P-0023834-T01-IM6	0.000847766958475784	0.00323474927679414	0.00408251623526993
P-0023840-T01-IM6	0.281698594564643	0.00323474927679414	0.284933343841437
P-0023856-T01-IM6	0.281698594564643	0.00323474927679414	0.284933343841437
P-0023970-T01-IM6	0.281698594564643	0.00323474927679414	0.284933343841437
P-0023996-T01-IM6	0.270157073065605	0.00323474927679414	0.284933343841437
P-0024019-T01-IM6	0.281698594564643	0.00323474927679414	0.284933343841437
P-0024036-T01-IM6	0	0	0
P-0024048-T01-IM6	0.27499918685668	0.00323474927679414	0.284933343841437
P-0024053-T01-IM6	0	0	0
P-0024115-T01-IM6	0.281698594564643	0.00323474927679414	0.284933343841437
P-0024181-T01-IM6	0.214112703212997	0.00323474927679414	0.284933343841437
P-0024189-T01-IM6	0.281698594564643	0.00323474927679414	0.284933343841437
P-0024365-T01-IM6	0	0	0
P-0024405-T01-IM6	0	0	0
P-0024448-T01-IM6	0	0	0
P-0024661-T01-IM6	0	0	0
P-0024723-T01-IM6	0.2500670203009	0.00323474927679414	0.284933343841437
P-0024726-T01-IM6	0	0	0
P-0024738-T01-IM6	0.281698594564643	0.00323474927679414	0.284933343841437
P-0024740-T01-IM6	0	0	0
P-0024774-T01-IM6	0.281698594564643	0.00323474927679414	0.284933343841437
P-0024926-T01-IM6	0.174708068845954	0.00323474927679414	0.284933343841437
P-0024935-T01-IM6	0.281698594564643	0.00323474927679414	0.284933343841437
P-0024959-T01-IM6	0.281698594564643	0.00323474927679414	0.284933343841437
P-0025000-T01-IM6	0.0373083594927556	0.00323474927679414	0.0405431087695497
P-0025014-T01-IM6	0.178298052555962	0.00323474927679414	0.188224571852896
P-0025026-T01-IM6	0	0	0
P-0025135-T01-IM6	0.281698594564643	0.00323474927679414	0.284933343841437
P-0025136-T01-IM6	0.281698594564643	0.00323474927679414	0.284933343841437
P-0025144-T01-IM6	0	0	0
P-0025149-T01-IM6	0	0	0
P-0025198-T01-IM6	0.281698594564643	0.00323474927679414	0.284933343841437
P-0025205-T01-IM6	0.281698594564643	0.00323474927679414	0.284933343841437
P-0025393-T01-IM6	0.281698594564643	0.00323474927679414	0.284933343841437
P-0025454-T01-IM6	0.249860179913932	0.00323474927679414	0.284933343841437
P-0025460-T01-IM6	0.281698594564643	0.00323474927679414	0.284933343841437
P-0025475-T01-IM6	0.281698594564643	0.00323474927679414	0.284933343841437
P-0025545-T01-IM6	0.281698594564643	0.00323474927679414	0.284933343841437
P-0025675-T01-IM6	0.281698594564643	0.00323474927679414	0.284933343841437
P-0025761-T01-IM6	0	0	0
P-0025802-T02-IM6	0	0	0
P-0025811-T01-IM6	0.207201275913448	0.00323474927679414	0.230058072897125
P-0025854-T01-IM6	0.281698594564643	0.00323474927679414	0.284933343841437
P-0025859-T01-IM6	0.107836989681066	0.00323474927679414	0.177441000725916
P-0025946-T01-IM6	0.281698594564643	0.00323474927679414	0.284933343841437
P-0025993-T01-IM6	0.0213610967765606	0.00323474927679414	0.0245958460533547
P-0026010-T01-IM6	0.281698594564643	0.00323474927679414	0.284933343841437
P-0026169-T01-IM6	0.281698594564643	0.00323474927679414	0.284933343841437
P-0026217-T02-IM6	0	0	0
P-0026232-T01-IM6	0.281698594564643	0.00323474927679414	0.284933343841437
P-0026279-T01-IM6	0.0973782251601679	0.00323474927679414	0.105503848144934
P-0026328-T01-IM6	0.220737299277036	0.00323474927679414	0.22397204855383
P-0026490-T01-IM6	0.281698594564643	0.00323474927679414	0.284933343841437
P-0026493-T01-IM6	0.208034382117078	0.00323474927679414	0.284933343841437
P-0026495-T01-IM6	0.184989822576102	0.00323474927679414	0.188224571852896
P-0026504-T01-IM6	0	0	0
P-0026510-T01-IM6	0.281698594564643	0.00323474927679414	0.284933343841437
P-0026514-T01-IM6	0.198762122565566	0.00323474927679414	0.284933343841437
P-0026648-T01-IM6	0	0	0
P-0026758-T01-IM6	0.226823323620331	0.00323474927679414	0.230058072897125
P-0026943-T01-IM6	0.281698594564643	0.00323474927679414	0.284933343841437
P-0026969-T01-IM6	0	0	0
P-0027103-T01-IM6	0.281698594564643	0.00323474927679414	0.284933343841437
P-0027163-T01-IM6	0.281698594564643	0.00323474927679414	0.284933343841437
P-0027164-T01-IM6	0.281698594564643	0.00323474927679414	0.284933343841437
P-0027488-T01-IM6	0.281698594564643	0.00323474927679414	0.284933343841437
P-0027714-T01-IM6	0	0	0
P-0027870-T01-IM6	0.281698594564643	0.00323474927679414	0.284933343841437
P-0027886-T01-IM6	0.281698594564643	0.00323474927679414	0.284933343841437
P-0027958-T01-IM6	0.259754902828083	0.00323474927679414	0.284933343841437
P-0027978-T01-IM6	0.281698594564643	0.00323474927679414	0.284933343841437
P-0027999-T01-IM6	0	0	0
P-0028008-T01-IM6	0.281698594564643	0.00323474927679414	0.284933343841437
P-0028250-T01-IM6	0.253662109461031	0.00323474927679414	0.284933343841437
P-0028308-T01-IM6	0.226823323620331	0.00323474927679414	0.230058072897125
P-0028329-T01-IM6	0	0	0
P-0028414-T01-IM6	0.281698594564643	0.00323474927679414	0.284933343841437
P-0028432-T01-IM6	0	0	0
P-0028493-T01-IM6	0.281698594564643	0.00323474927679414	0.284933343841437
P-0028499-T01-IM6	0.281698594564643	0.00323474927679414	0.284933343841437
P-0028549-T01-IM6	0	0	0
P-0028778-T01-IM6	0	0	0
P-0029084-T01-IM6	0.0604738272377469	0.00323474927679414	0.0955872857049798
P-0029129-T01-IM6	0	0	0
P-0029223-T01-IM6	0	0	0
P-0029263-T02-IM6	0.273209681516695	0.00323474927679414	0.284933343841437
P-0029267-T03-IM6	0.162134492487404	0.00362818034406784	0.188224571852896
P-0029292-T01-IM6	0.281698594564643	0.00323474927679414	0.284933343841437
P-0029325-T01-IM6	0.204176653196173	0.00323474927679414	0.230058072897125
P-0029341-T01-IM6	0.108919746659206	0.00323474927679414	0.112154495936
P-0029354-T01-IM6	0.16693869646746	0.00323474927679414	0.188224571852896
P-0029355-T01-IM6	0.281698594564643	0.00323474927679414	0.284933343841437
P-0029393-T01-IM6	0.281698594564643	0.00323474927679414	0.284933343841437
P-0029395-T01-IM6	0.281698594564643	0.00323474927679414	0.284933343841437
P-0029461-T01-IM6	0.021482201659232	0.00323474927679414	0.0360420357686524
P-0029464-T01-IM6	0	0	0
P-0029474-T01-IM6	0.0259832746601292	0.00323474927679414	0.0405431087695497
P-0029548-T01-IM6	0	0	0
P-0029640-T01-IM6	0.281698594564643	0.00323474927679414	0.284933343841437
P-0029723-T01-IM6	0.281698594564643	0.00323474927679414	0.284933343841437
P-0029789-T01-IM6	0.281698594564643	0.00323474927679414	0.284933343841437
P-0029830-T01-IM6	0.281698594564643	0.00323474927679414	0.284933343841437
P-0029849-T01-IM6	0	0	0
P-0029946-T01-IM6	0.281698594564643	0.00323474927679414	0.284933343841437
P-0030052-T01-IM6	0	0	0
P-0030123-T01-IM6	0.281698594564643	0.00323474927679414	0.284933343841437
P-0030139-T01-IM6	0.281698594564643	0.00323474927679414	0.284933343841437
P-0030164-T01-IM6	0.281698594564643	0.00323474927679414	0.284933343841437
P-0030258-T01-IM6	0.204902594116904	0.00323474927679414	0.208137343393698
P-0030266-T01-IM6	0.281698594564643	0.00323474927679414	0.284933343841437
P-0030339-T01-IM6	0.280850827606167	0.00408251623526993	0.284933343841437
P-0030374-T01-IM6	0.281698594564643	0.00323474927679414	0.284933343841437
P-0030411-T01-IM6	0.281698594564643	0.00323474927679414	0.284933343841437
P-0030444-T01-IM6	0.226823323620331	0.00323474927679414	0.230058072897125
P-0030505-T01-IM6	0.25860211185838	0.00323474927679414	0.261888784300461
P-0030569-T01-IM6	0.0259832746601292	0.00323474927679414	0.0405431087695497
P-0030669-T01-IM6	0.281698594564643	0.00323474927679414	0.284933343841437
P-0030697-T01-IM6	0.188335383885883	0.00323474927679414	0.208137343393698
P-0030779-T01-IM6	0.147936497936075	0.00323474927679414	0.151171247212869
P-0030935-T01-IM6	0	0	0
P-0030958-T01-IM6	0	0	0
P-0031085-T01-IM6	0.281698594564643	0.00323474927679414	0.284933343841437
P-0031382-T01-IM6	0.274972553288627	0.00323474927679414	0.284933343841437
P-0031385-T01-IM6	0.1620271960854	0.00379688965652933	0.177441000725916
P-0031395-T01-IM6	0	0	0
P-0031498-T01-IM6	0.281164767716484	0.00376857612495336	0.284933343841437
P-0031520-T01-IM6	0.281698594564643	0.00323474927679414	0.284933343841437
P-0031648-T01-IM6	0.095331447747738	0.00323474927679414	0.177375891895708
P-0031656-T01-IM6	0.211087465874921	0.00323474927679414	0.230058072897125
P-0031687-T01-IM6	0.281698594564643	0.00323474927679414	0.284933343841437
P-0031709-T01-IM6	0.281698594564643	0.00323474927679414	0.284933343841437
P-0031749-T01-IM6	0	0	0
P-0031751-T01-IM6	0.281698594564643	0.00323474927679414	0.284933343841437
P-0031840-T01-IM6	0.281698594564643	0.00323474927679414	0.284933343841437
P-0032093-T01-IM6	0.204902594116904	0.00323474927679414	0.208137343393698
P-0032130-T02-IM6	0	0	0
P-0032335-T01-IM6	0.281698594564643	0.00323474927679414	0.284933343841437
P-0032339-T01-IM6	0	0	0
P-0032375-T01-IM6	0.281698594564643	0.00323474927679414	0.284933343841437
P-0032521-T01-IM6	0.281698594564643	0.00323474927679414	0.284933343841437
P-0032525-T01-IM6	0	0	0
P-0032992-T01-IM6	0.281698594564643	0.00323474927679414	0.284933343841437
P-0033193-T01-IM6	0.0364605925342798	0.00408251623526993	0.0405431087695497
P-0033217-T01-IM6	0.281698594564643	0.00323474927679414	0.284933343841437
P-0033218-T02-IM6	0	0	0
P-0033291-T01-IM6	0	0	0
P-0033335-T01-IM6	0	0	0
P-0033679-T01-IM6	0.281698594564643	0.00323474927679414	0.284933343841437
P-0033693-T01-IM6	0.281698594564643	0.00323474927679414	0.284933343841437
P-0033718-T01-IM6	0.281698594564643	0.00323474927679414	0.284933343841437
P-0033787-T01-IM6	0	0	0
P-0033879-T01-IM6	0.134270248717125	0.00323474927679414	0.154072208224939
P-0034011-T01-IM6	0	0	0
P-0034102-T01-IM6	0.249867883161307	0.00323474927679414	0.284933343841437
P-0034239-T01-IM6	0.184989822576102	0.00323474927679414	0.188224571852896
P-0034250-T01-IM6	0	0	0
P-0034331-T01-IM6	0.281698594564643	0.00323474927679414	0.284933343841437
P-0034383-T01-IM6	0.122945163884498	0.00323474927679414	0.154072208224939
P-0034418-T01-IM6	0.269489922673246	0.00323474927679414	0.284933343841437
P-0034428-T01-IM6	0.281698594564643	0.00323474927679414	0.284933343841437
P-0034519-T01-IM6	0.281698594564643	0.00323474927679414	0.284933343841437
P-0034561-T01-IM6	0	0	0
P-0034610-T01-IM6	0.281698594564643	0.00323474927679414	0.284933343841437
P-0034622-T01-IM6	0.281698594564643	0.00323474927679414	0.284933343841437
P-0034814-T01-IM6	0.00530588206284016	0.00323474927679414	0.0085406313396343
P-0034885-T01-IM6	0	0	0
P-0034907-T01-IM6	0	0	0
P-0034976-T01-IM6	0.281698594564643	0.00323474927679414	0.284933343841437
P-0035082-T01-IM6	0.281698594564643	0.00323474927679414	0.284933343841437
P-0035118-T01-IM6	0.281698594564643	0.00323474927679414	0.284933343841437
P-0035237-T01-IM6	0.281698594564643	0.00323474927679414	0.284933343841437
P-0035374-T01-IM6	0	0	0
P-0035378-T01-IM6	0	0	0
P-0035382-T01-IM6	0	0	0
P-0035448-T01-IM6	0.281698594564643	0.00323474927679414	0.284933343841437
P-0035530-T01-IM6	0	0	0
P-0035556-T01-IM6	0.281691964854934	0.00323474927679414	0.284933343841437
P-0035584-T01-IM6	0.281698594564643	0.00323474927679414	0.284933343841437
P-0035757-T01-IM6	0.0973028316752189	0.00323474927679414	0.100537580952013
P-0035993-T01-IM6	0.281698594564643	0.00323474927679414	0.284933343841437
P-0036013-T01-IM6	0	0	0
P-0036061-T01-IM6	0	0	0
P-0036348-T01-IM6	0	0	0
P-0036409-T01-IM6	0	0	0
P-0036457-T01-IM6	0.00530588206284016	0.00323474927679414	0.0085406313396343
P-0036515-T01-IM6	0	0	0
P-0036618-T01-IM6	0.281698594564643	0.00323474927679414	0.284933343841437
P-0036673-T01-IM6	0	0	0
P-0036720-T01-IM6	0.281698594564643	0.00323474927679414	0.284933343841437
P-0036727-T01-IM6	0	0	0
P-0036770-T01-IM6	0	0	0
P-0036784-T01-IM6	0	0	0
P-0036828-T01-IM6	0	0	0
P-0036895-T01-IM6	0.226581990713998	0.00323474927679414	0.284933343841437
P-0036971-T01-IM6	0	0	0
P-0037025-T01-IM6	0.243450750299982	0.00323474927679414	0.284933343841437
P-0037027-T01-IM6	0.281698594564643	0.00323474927679414	0.284933343841437
P-0037085-T01-IM6	0.184989822576102	0.00323474927679414	0.188224571852896
P-0037096-T01-IM6	0.242819329863534	0.00323474927679414	0.261888784300461
P-0037128-T01-IM6	0	0	0
P-0037189-T01-IM6	0.281698594564643	0.00323474927679414	0.284933343841437
P-0037196-T01-IM6	0.203609858088236	0.00323474927679414	0.261888784300461
P-0037263-T01-IM6	0	0	0
P-0037308-T01-IM6	0.281698594564643	0.00323474927679414	0.284933343841437
P-0037373-T01-IM6	0.281698594564643	0.00323474927679414	0.284933343841437
P-0037375-T01-IM6	0.226654417629213	0.00323474927679414	0.284933343841437
P-0037460-T01-IM6	0	0	0
P-0037462-T01-IM6	0.231463661499839	0.00323474927679414	0.284933343841437
P-0037472-T01-IM6	0.281698594564643	0.00323474927679414	0.284933343841437
P-0037553-T01-IM6	0.281698594564643	0.00323474927679414	0.284933343841437
P-0037819-T01-IM6	0	0	0
P-0037872-T01-IM6	0.281698594564643	0.00323474927679414	0.284933343841437
P-0037909-T01-IM6	0	0	0
P-0037939-T01-IM6	0.281698594564643	0.00323474927679414	0.284933343841437
P-0037949-T01-IM6	0.281640000714927	0.00323474927679414	0.284933343841437
P-0037974-T01-IM6	0.281698594564643	0.00323474927679414	0.284933343841437
P-0037990-T01-IM6	0.281698594564643	0.00323474927679414	0.284933343841437
P-0038069-T01-IM6	0	0	0
P-0038093-T01-IM6	0.281698594564643	0.00323474927679414	0.284933343841437
P-0038096-T01-IM6	0	0	0
P-0038154-T01-IM6	0	0	0
P-0038295-T01-IM6	0.108919746659206	0.00323474927679414	0.112154495936
P-0038306-T01-IM6	0	0	0
P-0038340-T01-IM6	0.281698594564643	0.00323474927679414	0.284933343841437
P-0038345-T02-IM6	0.281698594564643	0.00323474927679414	0.284933343841437
P-0038406-T01-IM6	0.281698594564643	0.00323474927679414	0.284933343841437
P-0038419-T01-IM6	0	0	0
P-0038481-T01-IM6	0	0	0
P-0038483-T01-IM6	0.251973180668956	0.00408251623526993	0.284933343841437
P-0038526-T01-IM6	0	0	0
P-0038534-T01-IM6	0	0	0
P-0038646-T01-IM6	0	0	0
P-0038660-T01-IM6	0	0	0
P-0038742-T01-IM6	0.281698594564643	0.00323474927679414	0.284933343841437
P-0038744-T01-IM6	0.281698594564643	0.00323474927679414	0.284933343841437
P-0038745-T01-IM6	0.2690521487639	0.00323474927679414	0.284933343841437
P-0038779-T01-IM6	0	0	0
P-0038791-T01-IM6	0.281698594564643	0.00323474927679414	0.284933343841437
P-0038816-T01-IM6	0	0	0
P-0038970-T01-IM6	0	0	0
P-0039012-T01-IM6	0	0	0
P-0039045-T01-IM6	0.260918732387375	0.00323474927679414	0.284933343841437
P-0039148-T01-IM6	0.281698594564643	0.00323474927679414	0.284933343841437
P-0039165-T01-IM6	0.281698594564643	0.00323474927679414	0.284933343841437
P-0039180-T01-IM6	0.281698594564643	0.00323474927679414	0.284933343841437
P-0039191-T01-IM6	0.281698594564643	0.00323474927679414	0.284933343841437
P-0039241-T01-IM6	0	0	0
P-0039242-T01-IM6	0	0	0
P-0039273-T01-IM6	0.281698594564643	0.00323474927679414	0.284933343841437
P-0039288-T01-IM6	0.258286581928924	0.00404222169554228	0.284933343841437
P-0039377-T01-IM6	0	0	0
P-0039583-T01-IM6	0	0	0
P-0039605-T01-IM6	0	0	0
P-0039660-T01-IM6	0.281698594564643	0.00323474927679414	0.284933343841437
P-0039726-T01-IM6	0.258654035023666	0.00323474927679414	0.261888784300461
P-0039734-T01-IM6	0.226654417629213	0.00323474927679414	0.284933343841437
P-0039749-T01-IM6	0	0	0
P-0039772-T01-IM6	0.26372286194095	0.00323474927679414	0.284933343841437
P-0039774-T01-IM6	0.0215725017473464	0.00323474927679414	0.0361323358567669
P-0039797-T01-IM6	0	0	0
P-0039798-T01-IM6	0.265571608531228	0.00323474927679414	0.284933343841437
P-0039799-T01-IM6	0	0	0
P-0039811-T01-IM6	0.275047946773576	0.00323474927679414	0.284933343841437
P-0039814-T01-IM6	0	0	0
P-0039871-T01-IM6	0.281698594564643	0.00323474927679414	0.284933343841437
P-0039927-T01-IM6	0	0	0
P-0039935-T01-IM6	0	0	0
P-0039936-T01-IM6	0.281698594564643	0.00323474927679414	0.284933343841437
P-0039948-T01-IM6	0	0	0
P-0040043-T01-IM6	0.281698594564643	0.00323474927679414	0.284933343841437
P-0040110-T01-IM6	0.281698594564643	0.00323474927679414	0.284933343841437
P-0040143-T01-IM6	0.270157073065605	0.00323474927679414	0.284933343841437
P-0040160-T02-IM6	0.281698594564643	0.00323474927679414	0.284933343841437
P-0040212-T01-IM6	0	0	0
P-0040281-T01-IM6	0.281698594564643	0.00323474927679414	0.284933343841437
P-0040290-T01-IM6	0.281698594564643	0.00323474927679414	0.284933343841437
P-0040343-T01-IM6	0	0	0
P-0040504-T01-IM6	0.0952900386956242	0.00323474927679414	0.0985247879724183
P-0040518-T01-IM6	0.281698594564643	0.00323474927679414	0.284933343841437
P-0040523-T01-IM6	0	0	0
P-0040555-T02-IM6	0.0973028316752189	0.00323474927679414	0.100537580952013
P-0040593-T01-IM6	0.147300103168609	0.00323474927679414	0.166280880116336
P-0040605-T01-IM6	0	0	0
P-0040702-T01-IM6	0.215329332796586	0.00323474927679414	0.284933343841437
P-0040729-T01-IM6	0.281698594564643	0.00323474927679414	0.284933343841437
P-0040800-T01-IM6	0	0	0
P-0040803-T01-IM6	0	0	0
P-0040827-T01-IM6	0	0	0
P-0040860-T01-IM6	0	0	0
P-0040931-T01-IM6	0.281698594564643	0.00323474927679414	0.284933343841437
P-0040960-T01-IM6	0	0	0
P-0041025-T01-IM6	0.281698594564643	0.00323474927679414	0.284933343841437
P-0041035-T01-IM6	0.281698594564643	0.00323474927679414	0.284933343841437
P-0041163-T01-IM6	0.281698594564643	0.00323474927679414	0.284933343841437
P-0041191-T01-IM6	0	0	0
P-0041225-T01-IM6	0	0	0
P-0041234-T01-IM6	0.281698594564643	0.00323474927679414	0.284933343841437
P-0041235-T01-IM6	0	0	0
P-0041279-T01-IM6	0	0	0
P-0041285-T01-IM6	0	0	0
P-0041338-T01-IM6	0.226823323620331	0.00323474927679414	0.230058072897125
P-0041345-T01-IM6	0	0	0
P-0041387-T01-IM6	0.215329332796586	0.00323474927679414	0.284933343841437
P-0041413-T01-IM6	0.0373083594927556	0.00323474927679414	0.0405431087695497
P-0041454-T01-IM6	0.281698594564643	0.00323474927679414	0.284933343841437
P-0041464-T01-IM6	0.184763134034726	0.00323474927679414	0.284933343841437
P-0041472-T01-IM6	0.270157073065605	0.00323474927679414	0.284933343841437
P-0041535-T01-IM6	0.226823323620331	0.00323474927679414	0.230058072897125
P-0041541-T01-IM6	0	0	0
P-0041544-T01-IM6	0	0	0
P-0041553-T01-IM6	0	0	0
P-0041614-T01-IM6	0	0	0
P-0041618-T01-IM6	0.0373083594927556	0.00323474927679414	0.0405431087695497
P-0041658-T01-IM6	0	0	0
P-0041702-T01-IM6	0	0	0
P-0041721-T01-IM6	0.0973028316752189	0.00323474927679414	0.100537580952013
P-0041733-T01-IM6	0.281698594564643	0.00323474927679414	0.284933343841437
P-0041836-T01-IM6	0.281698594564643	0.00323474927679414	0.284933343841437
P-0041952-T01-IM6	0.274972553288627	0.00323474927679414	0.284933343841437
P-0041954-T01-IM6	0.281698594564643	0.00323474927679414	0.284933343841437
P-0041958-T01-IM6	0.274972553288627	0.00323474927679414	0.284933343841437
P-0041962-T02-IM6	0.281698594564643	0.00323474927679414	0.284933343841437
P-0042108-T01-IM6	0.281698594564643	0.00323474927679414	0.284933343841437
P-0042152-T01-IM6	0.281683483087877	0.00323474927679414	0.284933343841437
P-0042200-T01-IM6	0.281698594564643	0.00323474927679414	0.284933343841437
P-0042201-T01-IM6	0.281698594564643	0.00323474927679414	0.284933343841437
P-0042216-T01-IM6	0.204741686391146	0.00323474927679414	0.20797643566794
P-0042390-T01-IM6	0.270157073065605	0.00323474927679414	0.284933343841437
P-0042407-T01-IM6	0.281698594564643	0.00323474927679414	0.284933343841437
P-0042422-T01-IM6	0	0	0
P-0042511-T01-IM6	0.281698594564643	0.00323474927679414	0.284933343841437
P-0042548-T01-IM6	0.281698594564643	0.00323474927679414	0.284933343841437
P-0042714-T01-IM6	0.281698594564643	0.00323474927679414	0.284933343841437
P-0042764-T02-IM6	0	0	0
P-0042788-T01-IM6	0	0	0
P-0042815-T01-IM6	0.281698594564643	0.00323474927679414	0.284933343841437
P-0042831-T01-IM6	0	0	0
P-0042866-T01-IM6	0.000847766958475784	0.00323474927679414	0.00408251623526993
P-0042935-T01-IM6	0.281698594564643	0.00323474927679414	0.284933343841437
P-0042974-T01-IM6	0	0	0
P-0043036-T01-IM6	0.281698594564643	0.00323474927679414	0.284933343841437
P-0043046-T01-IM6	0.281698594564643	0.00323474927679414	0.284933343841437
P-0043081-T01-IM6	0.281698594564643	0.00323474927679414	0.284933343841437
P-0043290-T01-IM6	0.270157073065605	0.00323474927679414	0.284933343841437
P-0043571-T01-IM6	0.281698594564643	0.00323474927679414	0.284933343841437
P-0043587-T01-IM6	0	0	0
P-0043617-T01-IM6	0.281698594564643	0.00323474927679414	0.284933343841437
P-0043634-T01-IM6	0	0	0
P-0043706-T01-IM6	0.269235232008166	0.00323474927679414	0.284933343841437
P-0043833-T01-IM6	0	0	0
P-0043914-T01-IM6	0.215329332796586	0.00323474927679414	0.284933343841437
P-0043942-T01-IM6	0.270373509732016	0.00323474927679414	0.284933343841437
P-0043950-T01-IM6	0.204473015151575	0.00323474927679414	0.22397204855383
P-0043955-T01-IM6	0	0	0
P-0044023-T01-IM6	0	0	0
P-0044056-T01-IM6	0.169253964830693	0.00323474927679414	0.188224571852896
P-0044084-T01-IM6	0.281698594564643	0.00323474927679414	0.284933343841437
P-0044146-T01-IM6	0.270157073065605	0.00323474927679414	0.284933343841437
P-0044185-T01-IM6	0.281698594564643	0.00323474927679414	0.284933343841437
P-0044344-T01-IM6	0.254607355278579	0.00323474927679414	0.284933343841437
P-0044451-T01-IM6	0.192693922225507	0.00323474927679414	0.208137343393698
P-0044555-T01-IM6	0	0	0
P-0044572-T01-IM6	0.281698594564643	0.00323474927679414	0.284933343841437
P-0044611-T01-IM6	0	0	0
P-0044640-T01-IM6	0.281698594564643	0.00323474927679414	0.284933343841437
P-0044704-T01-IM6	0.235697128603887	0.00323474927679414	0.261888784300461
P-0044770-T01-IM6	0.204741686391146	0.00323474927679414	0.20797643566794
P-0044796-T01-IM6	0.281698594564643	0.00323474927679414	0.284933343841437
P-0044821-T01-IM6	0.281698594564643	0.00323474927679414	0.284933343841437
P-0044905-T01-IM6	0.20703236992233	0.00323474927679414	0.284933343841437
P-0044919-T01-IM6	0.184989822576102	0.00323474927679414	0.188224571852896
P-0044943-T02-IM6	0.281698594564643	0.00323474927679414	0.284933343841437
P-0044963-T01-IM6	0	0	0
P-0045031-T01-IM6	0.2684976296821	0.00323474927679414	0.284933343841437
P-0045231-T02-IM6	0.100430833611258	0.00323474927679414	0.105503848144934
P-0045252-T01-IM6	0	0	0
P-0045275-T01-IM6	0	0	0
P-0045411-T01-IM6	0.281698594564643	0.00323474927679414	0.284933343841437
P-0045432-T01-IM6	0	0	0
P-0045473-T01-IM6	0	0	0
P-0045534-T01-IM6	0.281698594564643	0.00323474927679414	0.284933343841437
P-0045578-T01-IM6	0	0	0
P-0045623-T01-IM6	0	0	0
P-0045641-T01-IM6	0.00530588206284016	0.00323474927679414	0.0085406313396343
P-0045741-T01-IM6	0.281698594564643	0.00323474927679414	0.284933343841437
P-0045841-T01-IM6	0.258654035023666	0.00323474927679414	0.261888784300461
P-0045848-T01-IM6	0.281698594564643	0.00323474927679414	0.284933343841437
P-0045890-T01-IM6	0	0	0
P-0045944-T01-IM6	0	0	0
P-0045947-T01-IM6	0.184989822576102	0.00323474927679414	0.188224571852896
P-0045987-T01-IM6	0.0213610967765606	0.00323474927679414	0.0245958460533547
P-0045998-T01-IM6	0.281698594564643	0.00323474927679414	0.284933343841437
P-0046020-T01-IM6	0.281698594564643	0.00323474927679414	0.284933343841437
P-0046054-T01-IM6	0	0	0
P-0046098-T01-IM6	0	0	0
P-0046249-T01-IM6	0.267498289039101	0.00323474927679414	0.284933343841437
P-0046254-T01-IM6	0	0	0
P-0046282-T01-IM6	0	0	0
P-0046283-T01-IM6	0.0973028316752189	0.00323474927679414	0.100537580952013
P-0046298-T01-IM6	0.104028872951234	0.00323474927679414	0.112154495936
P-0046322-T01-IM6	0	0	0
P-0046443-T01-IM6	0	0	0
P-0046458-T01-IM6	0.281698594564643	0.00323474927679414	0.284933343841437
P-0046480-T01-IM6	0	0	0
P-0046496-T01-IM6	0	0	0
P-0046543-T01-IM6	0.27728782165186	0.00323474927679414	0.284933343841437
P-0046745-T01-IM6	0	0	0
P-0046749-T02-IM6	0.281698594564643	0.00323474927679414	0.284933343841437
P-0046802-T01-IM6	0	0	0
P-0046884-T01-IM6	0	0	0
P-0046903-T01-IM6	0.281698594564643	0.00323474927679414	0.284933343841437
P-0046940-T01-IM6	0	0	0
P-0046957-T01-IM6	0	0	0
P-0046996-T01-IM6	0.281698594564643	0.00323474927679414	0.284933343841437
P-0047075-T01-IM6	0.281698594564643	0.00323474927679414	0.284933343841437
P-0047089-T01-IM6	0	0	0
P-0047143-T01-IM6	0.281698594564643	0.00323474927679414	0.284933343841437
P-0047149-T01-IM6	0	0	0
P-0047150-T01-IM6	0.281698594564643	0.00323474927679414	0.284933343841437
P-0047215-T01-IM6	0.281698594564643	0.00323474927679414	0.284933343841437
P-0047259-T01-IM6	0.281698594564643	0.00323474927679414	0.284933343841437
P-0047292-T01-IM6	0.281698594564643	0.00323474927679414	0.284933343841437
P-0047352-T01-IM6	0.281698594564643	0.00323474927679414	0.284933343841437
P-0047362-T01-IM6	0	0	0
P-0047390-T01-IM6	0	0	0
P-0047444-T01-IM6	0.281698594564643	0.00323474927679414	0.284933343841437
P-0047466-T01-IM6	0	0	0
P-0047555-T01-IM6	0.281698594564643	0.00323474927679414	0.284933343841437
P-0047575-T01-IM6	0.281698594564643	0.00323474927679414	0.284933343841437
P-0047667-T01-IM6	0.281698594564643	0.00323474927679414	0.284933343841437
P-0047695-T01-IM6	0	0	0
P-0047699-T01-IM6	0.281698594564643	0.00323474927679414	0.284933343841437
P-0047853-T01-IM6	0.259425326764583	0.00323474927679414	0.284933343841437
P-0047880-T01-IM6	0.281698594564643	0.00323474927679414	0.284933343841437
P-0047903-T01-IM6	0.281698594564643	0.00323474927679414	0.284933343841437
P-0047944-T01-IM6	0.281698594564643	0.00323474927679414	0.284933343841437
P-0047947-T01-IM6	0.281698594564643	0.00323474927679414	0.284933343841437
P-0047987-T01-IM6	0.281698594564643	0.00323474927679414	0.284933343841437
P-0048171-T01-IM6	0	0	0
P-0048239-T01-IM6	0.281698594564643	0.00323474927679414	0.284933343841437
P-0048455-T01-IM6	0	0	0
P-0048463-T01-IM6	0.281698594564643	0.00323474927679414	0.284933343841437
P-0048525-T01-IM6	0.258654035023666	0.00323474927679414	0.261888784300461
P-0048531-T01-IM6	0	0	0
P-0048554-T01-IM6	0.281698594564643	0.00323474927679414	0.284933343841437
P-0048556-T01-IM6	0.281698594564643	0.00323474927679414	0.284933343841437
P-0048559-T01-IM6	0.231706854658464	0.00323474927679414	0.284933343841437
P-0048588-T01-IM6	0	0	0
P-0048593-T01-IM6	0	0	0
P-0048624-T01-IM6	0.279553018907154	0.00323474927679414	0.284933343841437
P-0048687-T01-IM6	0.264445680588011	0.00323474927679414	0.284933343841437
P-0048772-T01-IM6	0.281698594564643	0.00323474927679414	0.284933343841437
P-0048780-T01-IM6	0.281698594564643	0.00323474927679414	0.284933343841437
P-0048923-T01-IM6	0.281698594564643	0.00323474927679414	0.284933343841437
P-0049008-T01-IM6	0	0	0
P-0049075-T01-IM6	0	0	0
P-0049099-T01-IM6	0	0	0
P-0049127-T01-IM6	0.161937977729895	0.00323474927679414	0.230058072897125
P-0049277-T01-IM6	0.281698594564643	0.00323474927679414	0.284933343841437
P-0049385-T01-IM6	0.281698594564643	0.00323474927679414	0.284933343841437
P-0049444-T01-IM6	0	0	0
P-0049458-T01-IM6	0.281698594564643	0.00323474927679414	0.284933343841437
P-0049483-T01-IM6	0.243837584437323	0.00323474927679414	0.284933343841437
P-0049519-T01-IM6	0	0	0
P-0049532-T01-IM6	0	0	0
P-0049686-T01-IM6	0.0373083594927556	0.00323474927679414	0.0405431087695497
P-0049687-T01-IM6	0.270283209643902	0.00323474927679414	0.284933343841437
P-0049759-T01-IM6	0.281698594564643	0.00323474927679414	0.284933343841437
P-0049782-T01-IM6	0.2500670203009	0.00323474927679414	0.284933343841437
P-0049812-T01-IM6	0.281698594564643	0.00323474927679414	0.284933343841437
P-0050114-T01-IM6	0	0	0
P-0050115-T01-IM6	0	0	0
P-0050400-T01-IM6	0.10226909886814	0.00323474927679414	0.105503848144934
P-0050452-T01-IM6	0.108919746659206	0.00323474927679414	0.112154495936
P-0050454-T01-IM6	0	0	0
P-0050523-T01-IM6	0	0	0
P-0000141-T01-IM3	0.0923525364281856	0.00323474927679414	0.0955872857049798
P-0000148-T02-IM3	0	0	0
P-0000185-T01-IM3	0.139684812127508	0.00323474927679414	0.154072208224939
P-0000212-T01-IM3	0.27499918685668	0.00323474927679414	0.284933343841437
P-0001311-T01-IM3	0.281698594564643	0.00323474927679414	0.284933343841437
P-0001497-T01-IM3	0.281698594564643	0.00323474927679414	0.284933343841437
P-0001681-T02-IM3	0.236403295124707	0.00323474927679414	0.284933343841437
P-0001747-T02-IM5	0.281698594564643	0.00323474927679414	0.284933343841437
P-0001978-T01-IM3	0.281698594564643	0.00323474927679414	0.284933343841437
P-0002010-T01-IM3	0.281698594564643	0.00323474927679414	0.284933343841437
P-0002136-T01-IM3	0	0	0
P-0002257-T01-IM3	0.211566993024029	0.00323474927679414	0.284933343841437
P-0002373-T01-IM3	0.226654417629213	0.00323474927679414	0.284933343841437
P-0002573-T01-IM3	0.269604356871488	0.00323474927679414	0.284933343841437
P-0002645-T01-IM3	0.169881041946813	0.00323474927679414	0.284933343841437
P-0002660-T01-IM3	0.150837458948145	0.00323474927679414	0.154072208224939
P-0002664-T01-IM3	0.281698594564643	0.00323474927679414	0.284933343841437
P-0004445-T01-IM5	0.275021313205524	0.00323474927679414	0.284933343841437
P-0004530-T01-IM5	0.281698594564643	0.00323474927679414	0.284933343841437
P-0004791-T01-IM5	0.281698594564643	0.00323474927679414	0.284933343841437
P-0005339-T01-IM5	0.263625932143126	0.00323474927679414	0.284933343841437
P-0005599-T01-IM5	0	0	0
P-0006380-T01-IM5	0.227022460759924	0.00323474927679414	0.261888784300461
P-0006444-T01-IM5	0.281698594564643	0.00323474927679414	0.284933343841437
P-0006531-T01-IM5	0.281698594564643	0.00323474927679414	0.284933343841437
P-0006537-T01-IM5	0.281698594564643	0.00323474927679414	0.284933343841437
P-0007150-T01-IM5	0.267108586671355	0.00323474927679414	0.284933343841437
P-0007204-T01-IM5	0.281698594564643	0.00323474927679414	0.284933343841437
P-0007221-T01-IM5	0	0	0
P-0007571-T01-IM5	0.143482152505958	0.00323474927679414	0.146716901782752
P-0008456-T01-IM5	0.281698594564643	0.00323474927679414	0.284933343841437
P-0008787-T01-IM5	0.281698594564643	0.00323474927679414	0.284933343841437
P-0008873-T01-IM5	0	0	0
P-0010250-T01-IM5	0.281698594564643	0.00323474927679414	0.284933343841437
P-0010524-T01-IM5	0.263674102024054	0.00323474927679414	0.284933343841437
P-0011557-T01-IM5	0.184989822576102	0.00323474927679414	0.188224571852896
P-0011571-T01-IM5	0	0	0
P-0012038-T01-IM5	0.243915526549861	0.00323474927679414	0.284933343841437
P-0012310-T01-IM5	0.131120112237298	0.00323474927679414	0.134354861514092
TCGA-72-4233-01	0	0	0
TCGA-72-4234-01	0	0	0
TCGA-72-4238-01	0	0	0
TCGA-72-4237-01	0	0	0
TCGA-72-4235-01	0	0	0
TCGA-72-4232-01	0	0	0
TCGA-72-4241-01	0	0	0
TCGA-72-4231-01	0	0	0
TCGA-72-4236-01	0	0	0
TCGA-04-1519-01	0	0	0
TCGA-25-1632-01	0	0	0
TCGA-09-1665-01	0	0	0
TCGA-24-1557-01	0	0	0
TCGA-36-1577-01	0	0	0
TCGA-57-1585-01	0	0	0
TCGA-24-1567-01	0	0	0
TCGA-24-1558-01	0	0	0
TCGA-04-1525-01	0	0	0
TCGA-04-1536-01	0	0	0
TCGA-25-1628-01	0	0	0
TCGA-36-1581-01	0	0	0
TCGA-57-1582-01	0	0	0
TCGA-57-1583-01	0	0	0
TCGA-25-1630-01	0	0	0
TCGA-24-1546-01	0	0	0
TCGA-25-1623-01	0	0	0
TCGA-25-1627-01	0	0	0
TCGA-04-1517-01	0	0	0
TCGA-09-1661-01	0	0	0
TCGA-36-1578-01	0	0	0
TCGA-36-1568-01	0	0	0
TCGA-25-1626-01	0	0	0
TCGA-24-1556-01	0	0	0
TCGA-25-1625-01	0	0	0
TCGA-24-1548-01	0	0	0
TCGA-61-1730-01	0	0	0
TCGA-61-1740-01	0	0	0
TCGA-61-1738-01	0	0	0
TCGA-29-1775-01	0	0	0
TCGA-61-1907-01	0	0	0
TCGA-04-1638-01	0	0	0
TCGA-24-1846-01	0	0	0
TCGA-23-1029-01	0	0	0
TCGA-04-1651-01	0	0	0
TCGA-29-1778-01	0	0	0
TCGA-24-1849-01	0	0	0
TCGA-24-1843-01	0	0	0
TCGA-61-1722-01	0	0	0
TCGA-30-1855-01	0	0	0
TCGA-04-1649-01	0	0	0
TCGA-61-1906-01	0	0	0
TCGA-61-1895-01	0	0	0
TCGA-61-1899-01	0	0	0
TCGA-61-1727-01	0	0	0
TCGA-30-1856-01	0	0	0
TCGA-61-1903-01	0	0	0
TCGA-61-1913-01	0	0	0
TCGA-29-1777-01	0	0	0
TCGA-23-1111-01	0	0	0
TCGA-29-1769-01	0	0	0
TCGA-04-1652-01	0	0	0
TCGA-61-1911-01	0	0	0
TCGA-30-1857-01	0	0	0
TCGA-24-1850-01	0	0	0
TCGA-61-1910-01	0	0	0
TCGA-13-1494-01	0	0	0
TCGA-13-1511-01	0	0	0
TCGA-13-1507-01	0	0	0
TCGA-24-1435-01	0	0	0
TCGA-24-1422-01	0	0	0
TCGA-13-1512-01	0	0	0
TCGA-24-1467-01	0	0	0
TCGA-13-1504-01	0	0	0
TCGA-24-1430-01	0	0	0
TCGA-24-1436-01	0	0	0
TCGA-13-1501-01	0	0	0
TCGA-13-1510-01	0	0	0
TCGA-24-1417-01	0	0	0
TCGA-13-1477-01	0	0	0
TCGA-13-1484-01	0	0	0
TCGA-24-1434-01	0	0	0
TCGA-24-1427-01	0	0	0
TCGA-24-1428-01	0	0	0
TCGA-13-1483-01	0	0	0
TCGA-13-1481-01	0	0	0
TCGA-13-1495-01	0	0	0
TCGA-13-1497-01	0	0	0
TCGA-13-1488-01	0	0	0
TCGA-13-1498-01	0	0	0
TCGA-24-1466-01	0	0	0
TCGA-24-1463-01	0	0	0
TCGA-13-1500-01	0	0	0
TCGA-13-1489-01	0	0	0
TCGA-13-0723-01	0	0	0
TCGA-13-0755-01	0	0	0
TCGA-13-0761-01	0	0	0
TCGA-13-0791-01	0	0	0
TCGA-13-0792-01	0	0	0
TCGA-09-0364-01	0	0	0
TCGA-13-0714-01	0	0	0
TCGA-13-0768-01	0	0	0
TCGA-13-0793-01	0	0	0
TCGA-09-0367-01	0	0	0
TCGA-13-0795-01	0	0	0
TCGA-13-0764-01	0	0	0
TCGA-13-0724-01	0	0	0
TCGA-13-0801-01	0	0	0
TCGA-13-0760-01	0	0	0
TCGA-13-0791-02	0	0	0
TCGA-13-0757-01	0	0	0
TCGA-13-0799-01	0	0	0
TCGA-13-1407-01	0	0	0
TCGA-04-1350-01	0	0	0
TCGA-13-1403-01	0	0	0
TCGA-25-1320-01	0	0	0
TCGA-13-0900-01	0	0	0
TCGA-25-1317-01	0	0	0
TCGA-25-1321-01	0	0	0
TCGA-13-1405-01	0	0	0
TCGA-25-1319-01	0	0	0
TCGA-04-1348-01	0	0	0
TCGA-25-1329-01	0	0	0
TCGA-13-1408-01	0	0	0
TCGA-13-1412-01	0	0	0
TCGA-13-0901-01	0	0	0
TCGA-13-0908-01	0	0	0
TCGA-04-1349-01	0	0	0
TCGA-25-1323-01	0	0	0
TCGA-13-0884-01	0	0	0
TCGA-25-1322-01	0	0	0
TCGA-04-1364-01	0	0	0
TCGA-13-1410-01	0	0	0
TCGA-13-0893-01	0	0	0
TCGA-25-1313-01	0	0	0
TCGA-13-1411-01	0	0	0
TCGA-04-1361-01	0	0	0
TCGA-25-1314-01	0	0	0
TCGA-24-2267-01	0	0	0
TCGA-24-2293-01	0	0	0
TCGA-09-2044-01	0	0	0
TCGA-59-2352-01	0	0	0
TCGA-25-2392-01	0	0	0
TCGA-09-2045-01	0	0	0
TCGA-24-2280-01	0	0	0
TCGA-09-2043-01	0	0	0
TCGA-59-2349-01	0	0	0
TCGA-25-2397-01	0	0	0
TCGA-25-2391-01	0	0	0
TCGA-29-2427-01	0	0	0
TCGA-09-2055-01	0	0	0
TCGA-24-2271-01	0	0	0
TCGA-25-2042-01	0	0	0
TCGA-09-2051-01	0	0	0
TCGA-25-2399-01	0	0	0
TCGA-24-2298-01	0	0	0
TCGA-25-2404-01	0	0	0
TCGA-29-2428-01	0	0	0
TCGA-25-2408-01	0	0	0
TCGA-59-2355-01	0	0	0
TCGA-59-2363-01	0	0	0
TCGA-25-2396-01	0	0	0
TCGA-25-2398-01	0	0	0
TCGA-09-2049-01	0	0	0
TCGA-59-2348-01	0	0	0
TCGA-24-2262-01	0	0	0
TCGA-09-2048-01	0	0	0
TCGA-25-2401-01	0	0	0
TCGA-25-2400-01	0	0	0
TCGA-59-2350-01	0	0	0
TCGA-25-2393-01	0	0	0
TCGA-29-1707-02	0	0	0
TCGA-13-1819-01	0	0	0
TCGA-13-1817-02	0	0	0
TCGA-61-1916-02	0	0	0
TCGA-24-1852-02	0	0	0
TCGA-61-2095-02	0	0	0
TCGA-29-1710-02	0	0	0
TCGA-13-1817-01	0	0	0
TCGA-29-1692-01	0	0	0
TCGA-29-1704-01	0	0	0
TCGA-13-1819-02	0	0	0
TCGA-29-1704-02	0	0	0
TCGA-29-1692-02	0	0	0
TCGA-13-0913-02	0	0	0
TCGA-24-1852-01	0	0	0
TCGA-29-1705-02	0	0	0
TCGA-29-2414-02	0	0	0
TCGA-36-2543-01	0	0	0
TCGA-13-2059-01	0	0	0
TCGA-36-2542-01	0	0	0
TCGA-36-2529-01	0	0	0
TCGA-13-2057-01	0	0	0
TCGA-13-2071-01	0	0	0
TCGA-04-1369-01	0	0	0
TCGA-36-2547-01	0	0	0
TCGA-04-1644-01	0	0	0
TCGA-29-2429-01	0	0	0
TCGA-29-2431-01	0	0	0
TCGA-04-1516-01	0	0	0
TCGA-61-2613-01	0	0	0
TCGA-13-2066-01	0	0	0
TCGA-23-2647-01	0	0	0
TCGA-36-2549-01	0	0	0
TCGA-36-2544-01	0	0	0
TCGA-36-2548-01	0	0	0
TCGA-13-2061-01	0	0	0
TCGA-36-2540-01	0	0	0
TCGA-61-2611-02	0	0	0
TCGA-42-2590-01	0	0	0
TCGA-29-2434-01	0	0	0
TCGA-42-2589-01	0	0	0
TCGA-36-2539-01	0	0	0
TCGA-23-2649-01	0	0	0
TCGA-61-2612-01	0	0	0
TCGA-42-2582-01	0	0	0
TCGA-42-2588-01	0	0	0
TCGA-42-2587-01	0	0	0
TCGA-42-2593-01	0	0	0
TCGA-23-2645-01	0	0	0
TCGA-29-2436-01	0	0	0
TCGA-61-2610-02	0	0	0
TCGA-29-2432-01	0	0	0
TCGA-36-2533-01	0	0	0
TCGA-3P-A9WA-01	0	0	0
TCGA-13-A5FT-01	0	0	0
TCGA-WR-A838-01	0	0	0
TCGA-OY-A56P-01	0	0	0
TCGA-5X-AA5U-01	0	0	0
TCGA-VG-A8LO-01	0	0	0
TCGA-59-A5PD-01	0	0	0
TCGA-13-0910-01	0	0	0
TCGA-13-0897-01	0	0	0
TCGA-10-0937-01	0	0	0
TCGA-13-0903-01	0	0	0
TCGA-13-0891-01	0	0	0
TCGA-13-0886-01	0	0	0
TCGA-13-0807-01	0	0	0
TCGA-10-0935-01	0	0	0
TCGA-10-0928-01	0	0	0
TCGA-24-0966-01	0	0	0
TCGA-13-0888-01	0	0	0
TCGA-13-0916-01	0	0	0
TCGA-13-0923-01	0	0	0
TCGA-10-0933-01	0	0	0
TCGA-13-0921-01	0	0	0
TCGA-13-0887-01	0	0	0
TCGA-10-0938-01	0	0	0
TCGA-13-0906-01	0	0	0
TCGA-13-0885-01	0	0	0
TCGA-13-0890-01	0	0	0
TCGA-10-0936-01	0	0	0
TCGA-13-0920-01	0	0	0
TCGA-13-0913-01	0	0	0
TCGA-10-0934-01	0	0	0
TCGA-10-0931-01	0	0	0
TCGA-10-0926-01	0	0	0
TCGA-13-0919-01	0	0	0
TCGA-13-0911-01	0	0	0
TCGA-61-1728-01	0	0	0
TCGA-30-1860-01	0	0	0
TCGA-31-1956-01	0	0	0
TCGA-24-1930-01	0	0	0
TCGA-30-1862-01	0	0	0
TCGA-24-1920-01	0	0	0
TCGA-04-1654-01	0	0	0
TCGA-24-1924-01	0	0	0
TCGA-25-1871-01	0	0	0
TCGA-31-1950-01	0	0	0
TCGA-31-1959-01	0	0	0
TCGA-24-2020-01	0	0	0
TCGA-30-1891-01	0	0	0
TCGA-30-1861-01	0	0	0
TCGA-31-1946-01	0	0	0
TCGA-30-1867-01	0	0	0
TCGA-25-1877-01	0	0	0
TCGA-24-2023-01	0	0	0
TCGA-25-1870-01	0	0	0
TCGA-61-1917-01	0	0	0
TCGA-61-1918-01	0	0	0
TCGA-61-1721-01	0	0	0
TCGA-61-1724-01	0	0	0
TCGA-24-2026-01	0	0	0
TCGA-30-1892-01	0	0	0
TCGA-31-1953-01	0	0	0
TCGA-30-1866-01	0	0	0
TCGA-24-1927-01	0	0	0
TCGA-61-1919-01	0	0	0
TCGA-24-2029-01	0	0	0
TCGA-20-1685-01	0	0	0
TCGA-30-1714-01	0	0	0
TCGA-09-1673-01	0	0	0
TCGA-20-1686-01	0	0	0
TCGA-29-1688-01	0	0	0
TCGA-20-1684-01	0	0	0
TCGA-24-1847-01	0	0	0
TCGA-29-1711-01	0	0	0
TCGA-29-1768-01	0	0	0
TCGA-29-1701-01	0	0	0
TCGA-29-1690-01	0	0	0
TCGA-29-1699-01	0	0	0
TCGA-29-1695-01	0	0	0
TCGA-29-1770-02	0	0	0
TCGA-29-1764-01	0	0	0
TCGA-20-1683-01	0	0	0
TCGA-29-1763-01	0	0	0
TCGA-29-1702-01	0	0	0
TCGA-09-1675-01	0	0	0
TCGA-30-1718-01	0	0	0
TCGA-29-1703-01	0	0	0
TCGA-20-1687-01	0	0	0
TCGA-29-1691-01	0	0	0
TCGA-29-1761-01	0	0	0
TCGA-29-1705-01	0	0	0
TCGA-09-1674-01	0	0	0
TCGA-29-1781-01	0	0	0
TCGA-29-1783-01	0	0	0
TCGA-29-1770-01	0	0	0
TCGA-29-1762-01	0	0	0
TCGA-23-1809-01	0	0	0
TCGA-23-1114-01	0	0	0
TCGA-29-1693-01	0	0	0
TCGA-24-1425-01	0	0	0
TCGA-24-1471-01	0	0	0
TCGA-24-1562-01	0	0	0
TCGA-24-1563-01	0	0	0
TCGA-24-1551-01	0	0	0
TCGA-24-1549-01	0	0	0
TCGA-24-1616-01	0	0	0
TCGA-04-1530-01	0	0	0
TCGA-24-1553-01	0	0	0
TCGA-24-1469-01	0	0	0
TCGA-24-0968-01	0	0	0
TCGA-04-1337-01	0	0	0
TCGA-23-1120-01	0	0	0
TCGA-20-0991-01	0	0	0
TCGA-20-0987-01	0	0	0
TCGA-04-1332-01	0	0	0
TCGA-23-1028-01	0	0	0
TCGA-20-0996-01	0	0	0
TCGA-23-1031-01	0	0	0
TCGA-23-1116-01	0	0	0
TCGA-24-0979-01	0	0	0
TCGA-23-1032-01	0	0	0
TCGA-04-1342-01	0	0	0
TCGA-23-1022-01	0	0	0
TCGA-04-1336-01	0	0	0
TCGA-04-1335-01	0	0	0
TCGA-24-0981-01	0	0	0
TCGA-24-1104-01	0	0	0
TCGA-23-1119-01	0	0	0
TCGA-23-1023-01	0	0	0
TCGA-23-1122-01	0	0	0
TCGA-23-1124-01	0	0	0
TCGA-23-1121-01	0	0	0
TCGA-23-1026-01	0	0	0
TCGA-23-1110-01	0	0	0
TCGA-23-1030-01	0	0	0
TCGA-04-1338-01	0	0	0
TCGA-23-1109-01	0	0	0
TCGA-24-1105-01	0	0	0
TCGA-23-1024-01	0	0	0
TCGA-04-1343-01	0	0	0
TCGA-23-1118-01	0	0	0
TCGA-23-1117-01	0	0	0
TCGA-61-2098-01	0	0	0
TCGA-61-2101-01	0	0	0
TCGA-24-2019-01	0	0	0
TCGA-61-2109-01	0	0	0
TCGA-23-2078-01	0	0	0
TCGA-23-2081-01	0	0	0
TCGA-61-2102-01	0	0	0
TCGA-61-2104-01	0	0	0
TCGA-61-2092-01	0	0	0
TCGA-24-2024-01	0	0	0
TCGA-24-2035-01	0	0	0
TCGA-61-2088-01	0	0	0
TCGA-23-2072-01	0	0	0
TCGA-61-2096-01	0	0	0
TCGA-09-2054-01	0	0	0
TCGA-61-2018-01	0	0	0
TCGA-23-2079-01	0	0	0
TCGA-61-2095-01	0	0	0
TCGA-61-2111-01	0	0	0
TCGA-61-2008-02	0	0	0
TCGA-61-1998-01	0	0	0
TCGA-23-2084-01	0	0	0
TCGA-24-2254-01	0	0	0
TCGA-61-2113-01	0	0	0
TCGA-61-2000-01	0	0	0
TCGA-24-2261-01	0	0	0
TCGA-61-2017-01	0	0	0
TCGA-61-2003-01	0	0	0
TCGA-61-2008-01	0	0	0
TCGA-23-2077-01	0	0	0
TCGA-61-2097-01	0	0	0
TCGA-61-2016-01	0	0	0
TCGA-09-2056-01	0	0	0
TCGA-61-2087-01	0	0	0
TCGA-24-2030-01	0	0	0
TCGA-61-2002-01	0	0	0
X1032	0.202207785116505	0.00128742570494486	0.203503405765466
X103	0.284731748218638	9.99783169976275e-05	0.284933343841437
X1040	0.280377774462832	0.00452360909694184	0.284933343841437
X106	0.250989008867331	9.99783169976275e-05	0.251088987184329
X1097	0	0	0
X1172	0.280879305036623	0.000813757940808559	0.284933343841437
X1192	0.129377678655741	0.000101617305800867	0.194554526899777
X1196	0.284406408941195	9.91588225960076e-05	0.284933343841437
X119	0	0	0
X120	0.284799766253973	9.99783169976275e-05	0.284933343841437
X1230	0	0	0
X1265	0.28031631238271	0.00459982207629249	0.284933343841437
X1269	0	0	0
X1283	0.283836860332069	9.91588225960076e-05	0.284933343841437
X128	5.73646081133928e-05	9.99783169976275e-05	0.00015734292511102
X1326	0.284830087546833	9.99783169976275e-05	0.284933343841437
X1341	0.256776335696179	9.99783169976275e-05	0.284933343841437
X1410	0	0	0
X1419	5.6545113711773e-05	9.99783169976275e-05	0.0001565234307094
X1471	5.73646081133928e-05	9.99783169976275e-05	0.00015734292511102
X1499	0	0	0
X1530	0	0	0
X1548	0.284834185018841	9.91588225960076e-05	0.284933343841437
X1580	0.28215771630315	0.00242324494559004	0.284933343841437
X1582	0	0	0
X1652	0	0	0
X1677	0.284833365524439	9.99783169976275e-05	0.284933343841437
X1689	0	0	0
X1751	0.00184386240364477	0.000101617305800867	0.00194547970944564
X1928	0.28482844855803	0.000100797811399247	0.284933343841437
X1979	0.000449082932087704	9.99783169976275e-05	0.000549061249085332
X2176	0	0	0
X2212	5.73646081133928e-05	9.99783169976275e-05	0.00015734292511102
X2316	0.284698148948172	9.91588225960076e-05	0.284933343841437
X2357	0	0	0
X2360	0	0	0
X2438	0.284832546030038	0.000100797811399247	0.284933343841437
X2503	5.73646081133928e-05	9.99783169976275e-05	0.00015734292511102
X2577	0.272765490966185	0.000100797811399247	0.284933343841437
X2587	0	0	0
X2593	0	0	0
X2648	0.168822402688912	0.000100797811399247	0.168925658983516
X2665	0	0	0
X2700	0.000451541415292564	9.99783169976275e-05	0.000551519732290191
X2704	0.279009218812127	9.99783169976275e-05	0.284933343841437
X2763	0.280713767167496	0.00254043264502168	0.284933343841437
X2797	0.108265044386808	9.91588225960076e-05	0.112709982021194
X2816	0	0	0
X2890	0.284186784441561	0.000100797811399247	0.284933343841437
X2902	0.000452360909694184	0.000100797811399247	0.000553158721093431
X2949	0	0	0
X2991	0	0	0
X2998	5.73646081133928e-05	9.99783169976275e-05	0.00015734292511102
X300	0.271385462393857	9.99783169976275e-05	0.284933343841437
X3056	0.284821073108415	0.000100797811399247	0.284933343841437
X3059	0.150074009768652	9.91588225960076e-05	0.150173168591248
X3080	0	0	0
X3144	0	0	0
X3225	5.73646081133928e-05	9.99783169976275e-05	0.00015734292511102
X3238	0	0	0
X3349	0	0	0
X342	0	0	0
X356	0.283954048031501	9.99783169976275e-05	0.284933343841437
X429	0	0	0
X451	0	0	0
X472	0.118380883280404	9.99783169976275e-05	0.130777375093708
X655	0	0	0
X736	0.049454028654556	9.99783169976275e-05	0.0495540069715536
X80	0	0	0
X860	0	0	0
X93	5.73646081133928e-05	0.000100797811399247	0.00015816241951264
X970	0.280512171544698	0.00439412898148589	0.284933343841437
OVCA10-02	0.284527694112635	0.000405649728801849	0.284933343841437
OVCA100	0.284526055123832	0.000407288717605089	0.284933343841437
OVCA101	0.284510484730201	0.000407288717605089	0.284933343841437
OVCA102	0.284526055123832	0.000407288717605089	0.284933343841437
OVCA103	0.284517040685414	0.000416303156022908	0.284933343841437
OVCA105	0.284526874618233	0.000406469223203469	0.284933343841437
OVCA106	0.284526055123832	0.000407288717605089	0.284933343841437
OVCA107	0.284526874618233	0.000406469223203469	0.284933343841437
OVCA108	0.284494094842169	0.000405649728801849	0.284933343841437
OVCA109	0.284513762707807	0.000408108212006709	0.284933343841437
OVCA11	0.284527694112635	0.000405649728801849	0.284933343841437
OVCA110	0.282024958210088	0.00290838563134902	0.284933343841437
OVCA111	0.28452523562943	0.000408108212006709	0.284933343841437
OVCA112	0.284526055123832	0.000407288717605089	0.284933343841437
OVCA113	0.284526874618233	0.000406469223203469	0.284933343841437
OVCA114	0.281836474497715	0.00292969248579113	0.284933343841437
OVCA115	0.284527694112635	0.000405649728801849	0.284933343841437
OVCA116	0.284524416135029	0.000407288717605089	0.284933343841437
OVCA118	0.149772435828856	0.000405649728801849	0.150178085557658
OVCA119	0.284527694112635	0.000405649728801849	0.284933343841437
OVCA12-02	0.28452523562943	0.000408108212006709	0.284933343841437
OVCA120	0.284527694112635	0.000405649728801849	0.284933343841437
OVCA122	0.284527694112635	0.000405649728801849	0.284933343841437
OVCA123	0.138886272197737	0.000405649728801849	0.139291921926539
OVCA126	0.248974748992757	0.000416303156022908	0.284933343841437
OVCA127	0.284526055123832	0.000407288717605089	0.284933343841437
OVCA128	0.281674214606195	0.00325912923524233	0.284933343841437
OVCA129	0.284526874618233	0.000406469223203469	0.284933343841437
OVCA13	0.284526055123832	0.000407288717605089	0.284933343841437
OVCA130	0.0485673357120032	0.000405649728801849	0.0489729854408051
OVCA135	0	0	0
OVCA137	0.284526055123832	0.000407288717605089	0.284933343841437
OVCA138	0.200163966078865	0.000407288717605089	0.20057125479647
OVCA139	0	0	0
OVCA14	0.284526055123832	0.000407288717605089	0.284933343841437
OVCA140	0	0	0
OVCA141	0	0	0
OVCA144	0	0	0
OVCA145	0.284508026246996	0.000406469223203469	0.284933343841437
OVCA146	0.284527694112635	0.000405649728801849	0.284933343841437
OVCA147	0	0	0
OVCA148	0.0869237711798226	0.000405649728801849	0.0873294209086244
OVCA15	0.284523596640627	0.000405649728801849	0.284933343841437
OVCA150	0	0	0
OVCA152	0.284519499168619	0.000406469223203469	0.284933343841437
OVCA153	0	0	0
OVCA154	0.284527694112635	0.000405649728801849	0.284933343841437
OVCA155	0.238982653753806	0.000405649728801849	0.284933343841437
OVCA156	0.284471968493325	0.000407288717605089	0.284933343841437
OVCA157	0.0582013118974468	0.000407288717605089	0.0586086006150519
OVCA158	0.0983458841496007	0.000405649728801849	0.0987515338784025
OVCA159	0.284526055123832	0.000407288717605089	0.284933343841437
OVCA16-02	0.284526874618233	0.000406469223203469	0.284933343841437
OVCA161	0.284526055123832	0.000407288717605089	0.284933343841437
OVCA162	0.243544779087624	0.000407288717605089	0.284933343841437
OVCA163	0	0	0
OVCA164	0.284526874618233	0.000406469223203469	0.284933343841437
OVCA166	0.284527694112635	0.000405649728801849	0.284933343841437
OVCA167	0.284480163437341	0.000406469223203469	0.284933343841437
OVCA168	0	0	0
OVCA169	0.284527694112635	0.000405649728801849	0.284933343841437
OVCA172	0.284526055123832	0.000407288717605089	0.284933343841437
OVCA173	0	0	0
OVCA174	0.284527694112635	0.000405649728801849	0.284933343841437
OVCA175	0.284485080403751	0.000405649728801849	0.284933343841437
OVCA176	0	0	0
OVCA178	0.284526874618233	0.000406469223203469	0.284933343841437
OVCA179	0.284526055123832	0.000407288717605089	0.284933343841437
OVCA180	0.284527694112635	0.000405649728801849	0.284933343841437
OVCA182	0.284526055123832	0.000407288717605089	0.284933343841437
OVCA185	0.24890017500221	0.000405649728801849	0.284933343841437
OVCA186	0.284527694112635	0.000405649728801849	0.284933343841437
OVCA188	0.28452523562943	0.000406469223203469	0.284933343841437
OVCA189	0.245577944698043	0.000406469223203469	0.284933343841437
OVCA190	0.284527694112635	0.000405649728801849	0.284933343841437
OVCA191	0	0	0
OVCA192	0.284526874618233	0.000406469223203469	0.284933343841437
OVCA193	0.187657719380352	0.000407288717605089	0.284933343841437
OVCA195	0.284517040685414	0.000416303156022908	0.284933343841437
OVCA196	0.284286762758559	0.000406469223203469	0.284933343841437
OVCA197	0.284523596640627	0.000406469223203469	0.284933343841437
OVCA198	0.284480163437341	0.000408108212006709	0.284933343841437
OVCA199	0	0	0
OVCA2	0.284527694112635	0.000405649728801849	0.284933343841437
OVCA20-02	0	0	0
OVCA201	0.284527694112635	0.000405649728801849	0.284933343841437
OVCA202	0.28452523562943	0.000408108212006709	0.284933343841437
OVCA203	0.284527694112635	0.000405649728801849	0.284933343841437
OVCA204	0.284526055123832	0.000407288717605089	0.284933343841437
OVCA205	0.284517040685414	0.000416303156022908	0.284933343841437
OVCA206	0	0	0
OVCA207	0.284526055123832	0.000407288717605089	0.284933343841437
OVCA208	0	0	0
OVCA209	0.28168732651662	0.00320668159353866	0.284933343841437
OVCA210	0	0	0
OVCA211	0.284527694112635	0.000405649728801849	0.284933343841437
OVCA212	0	0	0
OVCA213	0.284526055123832	0.000407288717605089	0.284933343841437
OVCA214	0.284502289786185	0.000431054055252066	0.284933343841437
OVCA216	0	0	0
OVCA217	0	0	0
OVCA219	0	0	0
OVCA22	0.284526874618233	0.000406469223203469	0.284933343841437
OVCA221	0	0	0
OVCA222	0.28315913846193	0.000407288717605089	0.284933343841437
OVCA223	0.284517040685414	0.000416303156022908	0.284933343841437
OVCA225	0	0	0
OVCA226	0.284526055123832	0.000407288717605089	0.284933343841437
OVCA227	0.0778355782658579	0.000406469223203469	0.0782420474890614
OVCA228	0.0870745581497206	0.000406469223203469	0.0874810273729241
OVCA229	0	0	0
OVCA23	0.284526874618233	0.000406469223203469	0.284933343841437
OVCA230	0.284526055123832	0.000407288717605089	0.284933343841437
OVCA231	0.284517040685414	0.000416303156022908	0.284933343841437
OVCA232	0.284527694112635	0.000405649728801849	0.284933343841437
OVCA233	0.284526055123832	0.000407288717605089	0.284933343841437
OVCA236	0.28452523562943	0.000408108212006709	0.284933343841437
OVCA237	0	0	0
OVCA239	0	0	0
OVCA24	0.284444925178071	0.000405649728801849	0.284933343841437
OVCA240	0.284523596640627	0.000407288717605089	0.284933343841437
OVCA241	0.28452523562943	0.000408108212006709	0.284933343841437
OVCA242	0.284527694112635	0.000405649728801849	0.284933343841437
OVCA243	0.284526874618233	0.000406469223203469	0.284933343841437
OVCA244	0.284526055123832	0.000407288717605089	0.284933343841437
OVCA245R	0.284426896301236	0.000405649728801849	0.284933343841437
OVCA246	0.284527694112635	0.000405649728801849	0.284933343841437
OVCA247	0.284526874618233	0.000406469223203469	0.284933343841437
OVCA248	0.281667658650982	0.00326568519045529	0.284933343841437
OVCA249	0	0	0
OVCA25-02	0.284526055123832	0.000407288717605089	0.284933343841437
OVCA252	0	0	0
OVCA253	0.284527694112635	0.000405649728801849	0.284933343841437
OVCA254	0.28452523562943	0.000408108212006709	0.284933343841437
OVCA255	0.284527694112635	0.000405649728801849	0.284933343841437
OVCA256	0	0	0
OVCA257	0	0	0
OVCA258	0.162365663663157	0.000407288717605089	0.284933343841437
OVCA259	0.284442466694867	0.000405649728801849	0.284933343841437
OVCA26-02	0.284526055123832	0.000407288717605089	0.284933343841437
OVCA260	0.28452523562943	0.000408108212006709	0.284933343841437
OVCA261	0.284526874618233	0.000406469223203469	0.284933343841437
OVCA262	0.284527694112635	0.000405649728801849	0.284933343841437
OVCA263	0.284431813267645	0.000407288717605089	0.284933343841437
OVCA264	0	0	0
OVCA265	0.284501470291783	0.000431873549653686	0.284933343841437
OVCA266	0.034174555536353	0.000405649728801849	0.0345802052651548
OVCA267	0.284527694112635	0.000405649728801849	0.284933343841437
OVCA268	0.28452523562943	0.000408108212006709	0.284933343841437
OVCA269R	0.284526055123832	0.000406469223203469	0.284933343841437
OVCA270R	0.284523596640627	0.000407288717605089	0.284933343841437
OVCA272	0.284409686918802	0.000406469223203469	0.284933343841437
OVCA273	0.284527694112635	0.000405649728801849	0.284933343841437
OVCA274	0	0	0
OVCA275	0.284526055123832	0.000407288717605089	0.284933343841437
OVCA277	0.284526055123832	0.000407288717605089	0.284933343841437
OVCA278	0.284260538937707	0.000407288717605089	0.284933343841437
OVCA279	0	0	0
OVCA280	0.154895972192391	0.000407288717605089	0.284933343841437
OVCA281	0.284526874618233	0.000406469223203469	0.284933343841437
OVCA282	0.284526055123832	0.000407288717605089	0.284933343841437
OVCA285	0.237729589449121	0.000406469223203469	0.238136058672325
OVCA286	0.284527694112635	0.000405649728801849	0.284933343841437
OVCA289	0	0	0
OVCA29	0.284526874618233	0.000406469223203469	0.284933343841437
OVCA291	0.284526055123832	0.000407288717605089	0.284933343841437
OVCA292	0.184390395201093	0.000406469223203469	0.284933343841437
OVCA293	0.284526055123832	0.000407288717605089	0.284933343841437
OVCA294	0.284526874618233	0.000406469223203469	0.284933343841437
OVCA295	0.284491636358964	0.000406469223203469	0.284933343841437
OVCA296	0.284527694112635	0.000405649728801849	0.284933343841437
OVCA297	0.284489177875759	0.000406469223203469	0.284933343841437
OVCA298	0.284526055123832	0.000407288717605089	0.284933343841437
OVCA299	0.284526874618233	0.000406469223203469	0.284933343841437
OVCA3	0.284503109280586	0.000406469223203469	0.284933343841437
OVCA30	0.284526055123832	0.000407288717605089	0.284933343841437
OVCA300	0.284527694112635	0.000405649728801849	0.284933343841437
OVCA301	0.284526055123832	0.000407288717605089	0.284933343841437
OVCA302	0.284396575008376	0.000407288717605089	0.284933343841437
OVCA303	0.28452523562943	0.000408108212006709	0.284933343841437
OVCA304	0.284527694112635	0.000405649728801849	0.284933343841437
OVCA306	0.284526055123832	0.000407288717605089	0.284933343841437
OVCA308	0.284527694112635	0.000405649728801849	0.284933343841437
OVCA309	0.284526055123832	0.000407288717605089	0.284933343841437
OVCA31	0.284526874618233	0.000406469223203469	0.284933343841437
OVCA310	0.284526055123832	0.000407288717605089	0.284933343841437
OVCA311	0.284526055123832	0.000407288717605089	0.284933343841437
OVCA312	0.284526055123832	0.000407288717605089	0.284933343841437
OVCA313	0.0016103064991831	0.000407288717605089	0.00201759521678819
OVCA314	0.284506387258193	0.000405649728801849	0.284933343841437
OVCA315	0.284527694112635	0.000405649728801849	0.284933343841437
OVCA316	0.28443918871726	0.000407288717605089	0.284933343841437
OVCA317	0.284526055123832	0.000407288717605089	0.284933343841437
OVCA318	0.284526055123832	0.000407288717605089	0.284933343841437
OVCA319	0.284526055123832	0.000407288717605089	0.284933343841437
OVCA321	0.284526874618233	0.000406469223203469	0.284933343841437
OVCA322	0.274553627750519	0.000406469223203469	0.284933343841437
OVCA324	0.284354780793893	0.000406469223203469	0.284933343841437
OVCA325	0.284448203155678	0.000405649728801849	0.284933343841437
OVCA326	0.284526055123832	0.000407288717605089	0.284933343841437
OVCA328	0.28452523562943	0.000408108212006709	0.284933343841437
OVCA329	0.243502984873141	0.000407288717605089	0.284933343841437
OVCA33	0.284527694112635	0.000405649728801849	0.284933343841437
OVCA330	0.284512123719004	0.000405649728801849	0.284933343841437
OVCA331	0.284526874618233	0.000406469223203469	0.284933343841437
OVCA334	0.284526874618233	0.000406469223203469	0.284933343841437
OVCA335	0.284527694112635	0.000405649728801849	0.284933343841437
OVCA336	0.28452523562943	0.000408108212006709	0.284933343841437
OVCA337	0.284411325907605	0.000408108212006709	0.284933343841437
OVCA338	0.284527694112635	0.000405649728801849	0.284933343841437
OVCA339	0.284526874618233	0.000406469223203469	0.284933343841437
OVCA34	0.284526055123832	0.000407288717605089	0.284933343841437
OVCA340	0.211314883766315	0.000405649728801849	0.284933343841437
OVCA341	0.284526055123832	0.000407288717605089	0.284933343841437
OVCA342	0.00157097076790534	0.000406469223203469	0.00197743999110881
OVCA343	0.284526874618233	0.000406469223203469	0.284933343841437
OVCA344	0.284526055123832	0.000407288717605089	0.284933343841437
OVCA345	0.284492455853365	0.000406469223203469	0.284933343841437
OVCA346	0.284527694112635	0.000405649728801849	0.284933343841437
OVCA347	0.284522777146225	0.000408108212006709	0.284933343841437
OVCA348	0	0	0
OVCA349	0	0	0
OVCA350	0.284526055123832	0.000407288717605089	0.284933343841437
OVCA351	0.284527694112635	0.000405649728801849	0.284933343841437
OVCA352	0.284526874618233	0.000406469223203469	0.284933343841437
OVCA353	0.284116307923022	0.000406469223203469	0.284933343841437
OVCA354	0	0	0
OVCA355	0.284527694112635	0.000405649728801849	0.284933343841437
OVCA357	0.284526874618233	0.000406469223203469	0.284933343841437
OVCA358	0.284514582202209	0.000407288717605089	0.284933343841437
OVCA359	0.284526055123832	0.000407288717605089	0.284933343841437
OVCA360	0	0	0
OVCA361	0.284161380115111	0.000408108212006709	0.284933343841437
OVCA363	0.284517040685414	0.000416303156022908	0.284933343841437
OVCA364	0.284526055123832	0.000407288717605089	0.284933343841437
OVCA365	0.284526055123832	0.000407288717605089	0.284933343841437
OVCA366	0.284527694112635	0.000405649728801849	0.284933343841437
OVCA367	0.284522777146225	0.000407288717605089	0.284933343841437
OVCA368	0.284526055123832	0.000407288717605089	0.284933343841437
OVCA369	0.00159965307196204	0.000416303156022908	0.00201595622798495
OVCA37	0.284526055123832	0.000407288717605089	0.284933343841437
OVCA371	0.284527694112635	0.000405649728801849	0.284933343841437
OVCA372	0.284526874618233	0.000406469223203469	0.284933343841437
OVCA373	0.284526055123832	0.000407288717605089	0.284933343841437
OVCA375	0.281667658650982	0.00326568519045529	0.284933343841437
OVCA378	0.284526055123832	0.000407288717605089	0.284933343841437
OVCA379	0	0	0
OVCA38	0.284515401696611	0.000405649728801849	0.284933343841437
OVCA380	0.284526055123832	0.000407288717605089	0.284933343841437
OVCA381	0	0	0
OVCA383	0.284526874618233	0.000406469223203469	0.284933343841437
OVCA384	0.284526055123832	0.000407288717605089	0.284933343841437
OVCA385	0.284527694112635	0.000405649728801849	0.284933343841437
OVCA386	0.284374448659532	0.000433512538456926	0.284933343841437
OVCA388	0.284524416135029	0.000408108212006709	0.284933343841437
OVCA39	0.284527694112635	0.000405649728801849	0.284933343841437
OVCA390	0.284527694112635	0.000405649728801849	0.284933343841437
OVCA391	0.284526055123832	0.000407288717605089	0.284933343841437
OVCA392	0.284527694112635	0.000405649728801849	0.284933343841437
OVCA394	0.284526874618233	0.000406469223203469	0.284933343841437
OVCA395	0.284522777146225	0.000406469223203469	0.284933343841437
OVCA396	0.284523596640627	0.000406469223203469	0.284933343841437
OVCA397	0.28452523562943	0.000408108212006709	0.284933343841437
OVCA398	0.284498192314177	0.000405649728801849	0.284933343841437
OVCA4	0.284526874618233	0.000406469223203469	0.284933343841437
OVCA40	0.284527694112635	0.000405649728801849	0.284933343841437
OVCA400	0.28432282051223	0.000408108212006709	0.284933343841437
OVCA401	0.284526874618233	0.000406469223203469	0.284933343841437
OVCA402	0.284526874618233	0.000406469223203469	0.284933343841437
OVCA403	0.284527694112635	0.000405649728801849	0.284933343841437
OVCA405	0.28452523562943	0.000408108212006709	0.284933343841437
OVCA406	0.281589806682828	0.00334353715860918	0.284933343841437
OVCA407	0.284526874618233	0.000406469223203469	0.284933343841437
OVCA408	0.284476885459735	0.000406469223203469	0.284933343841437
OVCA409	0.284526055123832	0.000407288717605089	0.284933343841437
OVCA41	0.284521138157422	0.000405649728801849	0.284933343841437
OVCA410	0.284526874618233	0.000406469223203469	0.284933343841437
OVCA411	0.284505567763791	0.000405649728801849	0.284933343841437
OVCA412	0.284527694112635	0.000405649728801849	0.284933343841437
OVCA414	0.284526874618233	0.000406469223203469	0.284933343841437
OVCA415	0.00157015127350372	0.000407288717605089	0.00197743999110881
OVCA416	0.284526874618233	0.000406469223203469	0.284933343841437
OVCA417	0.284527694112635	0.000405649728801849	0.284933343841437
OVCA418	0.284527694112635	0.000405649728801849	0.284933343841437
OVCA42	0.284526055123832	0.000407288717605089	0.284933343841437
OVCA420	0.28452523562943	0.000405649728801849	0.284933343841437
OVCA421	0.284527694112635	0.000405649728801849	0.284933343841437
OVCA422	0.284527694112635	0.000405649728801849	0.284933343841437
OVCA423	0.284527694112635	0.000405649728801849	0.284933343841437
OVCA424	0.284527694112635	0.000405649728801849	0.284933343841437
OVCA425	0.284526874618233	0.000406469223203469	0.284933343841437
OVCA426	0.28452523562943	0.000408108212006709	0.284933343841437
OVCA427	0.284526055123832	0.000407288717605089	0.284933343841437
OVCA43	0.284523596640627	0.000406469223203469	0.284933343841437
OVCA44	0.284526874618233	0.000406469223203469	0.284933343841437
OVCA45	0.284526055123832	0.000407288717605089	0.284933343841437
OVCA46	0.284517040685414	0.000416303156022908	0.284933343841437
OVCA47	0.284526874618233	0.000406469223203469	0.284933343841437
OVCA48	0.27792338872998	0.000406469223203469	0.284933343841437
OVCA5	0.284526055123832	0.000407288717605089	0.284933343841437
OVCA50	0.284526055123832	0.000407288717605089	0.284933343841437
OVCA51	0.28452523562943	0.000408108212006709	0.284933343841437
OVCA52	0.284526055123832	0.000405649728801849	0.284933343841437
OVCA54	0.284527694112635	0.000405649728801849	0.284933343841437
OVCA55	0.284527694112635	0.000405649728801849	0.284933343841437
OVCA56	0.284526055123832	0.000407288717605089	0.284933343841437
OVCA57	0.284526874618233	0.000406469223203469	0.284933343841437
OVCA58	0.224572664195722	0.000405649728801849	0.284933343841437
OVCA59	0.284526874618233	0.000406469223203469	0.284933343841437
OVCA6	0.284380185120343	0.000416303156022908	0.284933343841437
OVCA60	0.284526055123832	0.000407288717605089	0.284933343841437
OVCA61	0.284517860179816	0.000406469223203469	0.284933343841437
OVCA62	0.284526055123832	0.000407288717605089	0.284933343841437
OVCA63	0.284526874618233	0.000406469223203469	0.284933343841437
OVCA64	0.284526055123832	0.000407288717605089	0.284933343841437
OVCA65	0.284517860179816	0.000407288717605089	0.284933343841437
OVCA66	0.284526055123832	0.000407288717605089	0.284933343841437
OVCA67	0.00258058787070106	0.000405649728801849	0.00298623759950291
OVCA68	0.272537614157926	0.000406469223203469	0.27294408338113
OVCA69	0.00294690186822515	0.000405649728801849	0.003352551597027
OVCA7-02	0.284527694112635	0.000405649728801849	0.284933343841437
OVCA70	0.284527694112635	0.000405649728801849	0.284933343841437
OVCA71	0.284526055123832	0.000407288717605089	0.284933343841437
OVCA72	0.284526874618233	0.000406469223203469	0.284933343841437
OVCA73	0.284514582202209	0.000406469223203469	0.284933343841437
OVCA74	0.284527694112635	0.000405649728801849	0.284933343841437
OVCA75	0.266487344355375	0.000408108212006709	0.284933343841437
OVCA76	0.279831114332343	0.000407288717605089	0.280777630366214
OVCA77	0.284527694112635	0.000405649728801849	0.284933343841437
OVCA78	0.28452523562943	0.000408108212006709	0.284933343841437
OVCA79	0.284526055123832	0.000407288717605089	0.284933343841437
OVCA8	0.284527694112635	0.000405649728801849	0.284933343841437
OVCA81	0.284527694112635	0.000405649728801849	0.284933343841437
OVCA82	0.284526874618233	0.000406469223203469	0.284933343841437
OVCA83	0.284522777146225	0.000406469223203469	0.284933343841437
OVCA84	0.284517040685414	0.000416303156022908	0.284933343841437
OVCA85	0.284526874618233	0.000406469223203469	0.284933343841437
OVCA86	0.284526874618233	0.000406469223203469	0.284933343841437
OVCA87	0.284526055123832	0.000407288717605089	0.284933343841437
OVCA88	0.284317084051419	0.000405649728801849	0.284933343841437
OVCA89	0.284526874618233	0.000406469223203469	0.284933343841437
OVCA9	0.284526055123832	0.000407288717605089	0.284933343841437
OVCA90	0.284510484730201	0.000408108212006709	0.284933343841437
OVCA91	0.28452523562943	0.000408108212006709	0.284933343841437
OVCA92	0.284517040685414	0.000416303156022908	0.284933343841437
OVCA93	0.284517860179816	0.000406469223203469	0.284933343841437
OVCA94	0.284526874618233	0.000406469223203469	0.284933343841437
OVCA95	0.284526055123832	0.000407288717605089	0.284933343841437
OVCA96	0.281589806682828	0.00334353715860918	0.284933343841437
OVCA97	0.284526874618233	0.000406469223203469	0.284933343841437
OVCA98	0.284527694112635	0.000405649728801849	0.284933343841437
OVCA99	0.284518679674217	0.000408108212006709	0.284933343841437
GSM692781_JB0715	0	0	0
GSM692783_JB0717	0.284063507898725	0.000539710817962848	0.284933343841437
GSM692784_JB0718	0.284393633023474	0.000539710817962848	0.284933343841437
GSM692786_JB0722	0.284393633023474	0.000539710817962848	0.284933343841437
GSM692789_JB0725	0.284393633023474	0.000539710817962848	0.284933343841437
GSM692791_JB0727	0	0	0
GSM692794_JB0732	0.284393633023474	0.000539710817962848	0.284933343841437
GSM692795_JB0733	0	0	0
GSM692796_JB0734	0.284393633023474	0.000539710817962848	0.284933343841437
GSM692802_JB0782	0.0171400204278647	0.000539710817962848	0.0176797312458276
GSM692803_JB0783	0.284393633023474	0.000539710817962848	0.284933343841437
