Sample	Percent	Start	End
P-0000067-T02-IM5	0.0312620970178279	0.000943008597832049	0.03220510561566
P-0000269-T01-IM3	0	0	0
P-0000334-T01-IM3	0	0	0
P-0000366-T01-IM3	0	0	0
P-0000403-T01-IM3	0.281731611994084	0.000943008597832049	0.297567906973356
P-0000633-T01-IM3	0	0	0
P-0000666-T01-IM3	0.29243512671297	0.000943008597832049	0.297567906973356
P-0000667-T01-IM3	0.295702877029317	0.000943008597832049	0.297567906973356
P-0001272-T01-IM3	0	0	0
P-0001285-T01-IM3	0.0641697060143325	0.000943008597832049	0.0841953629089573
P-0001421-T01-IM3	0.296624898375524	0.000943008597832049	0.297567906973356
P-0001457-T01-IM3	0	0	0
P-0001561-T01-IM3	0.0743411312131904	0.000943008597832049	0.0841953629089573
P-0001575-T01-IM3	0.262696732025962	0.000943008597832049	0.297567906973356
P-0001634-T01-IM3	0.296624898375524	0.000943008597832049	0.297567906973356
P-0001677-T01-IM3	0	0	0
P-0001747-T01-IM3	0.0301949596029825	0.000943008597832049	0.0311379682008145
P-0001752-T01-IM3	0	0	0
P-0001796-T01-IM3	0.0566248013473865	0.000943008597832049	0.0576305668264946
P-0001799-T01-IM3	0.296624898375524	0.000943008597832049	0.297567906973356
P-0001848-T01-IM3	0	0	0
P-0001907-T01-IM3	0	0	0
P-0001911-T01-IM3	0	0	0
P-0001965-T01-IM3	0	0	0
P-0001985-T01-IM3	0.296624898375524	0.000943008597832049	0.297567906973356
P-0001992-T01-IM3	0.114129067696703	0.000943008597832049	0.115072076294535
P-0002010-T02-IM5	0	0	0
P-0002110-T02-IM6	0.296624898375524	0.000943008597832049	0.297567906973356
P-0002285-T01-IM3	0.286752449319209	0.000943008597832049	0.297567906973356
P-0002302-T01-IM3	0.196137478675834	0.000943008597832049	0.297567906973356
P-0002310-T01-IM3	0.296624898375524	0.000943008597832049	0.297567906973356
P-0002363-T01-IM3	0.296624898375524	0.000943008597832049	0.297567906973356
P-0002497-T01-IM3	0	0	0
P-0002526-T01-IM3	0.296624898375524	0.000943008597832049	0.297567906973356
P-0002536-T01-IM3	0.11314071647363	0.000943008597832049	0.115072076294535
P-0002587-T01-IM3	0.254469458955619	0.000943008597832049	0.259713444606305
P-0002643-T01-IM3	0	0	0
P-0002747-T01-IM3	0	0	0
P-0002802-T01-IM3	0.296604820762684	0.000943008597832049	0.297567906973356
P-0002866-T01-IM3	0	0	0
P-0002982-T01-IM3	0	0	0
P-0003191-T01-IM5	0	0	0
P-0003748-T01-IM5	0	0	0
P-0003763-T01-IM5	0	0	0
P-0003810-T01-IM5	0.296509046451967	0.000943008597832049	0.297567906973356
P-0003813-T01-IM5	0.0312620970178279	0.000943008597832049	0.03220510561566
P-0003873-T01-IM5	0.296624898375524	0.000943008597832049	0.297567906973356
P-0003880-T01-IM5	0	0	0
P-0004005-T01-IM3	0	0	0
P-0004155-T01-IM5	0	0	0
P-0004167-T01-IM5	0.296624898375524	0.000943008597832049	0.297567906973356
P-0004360-T01-IM5	0	0	0
P-0004524-T02-IM5	0.192887535972834	0.000943008597832049	0.193830544570666
P-0004782-T01-IM5	0.192579651926145	0.000943008597832049	0.193522660523977
P-0004821-T01-IM5	0.296200580564253	0.000943008597832049	0.297567906973356
P-0004822-T01-IM5	0	0	0
P-0004945-T01-IM5	0.296624898375524	0.000943008597832049	0.297567906973356
P-0005224-T01-IM5	0.296624898375524	0.000943008597832049	0.297567906973356
P-0005341-T01-IM5	0	0	0
P-0005516-T01-IM5	0.296624898375524	0.000943008597832049	0.297567906973356
P-0005531-T01-IM5	0.296624898375524	0.000943008597832049	0.297567906973356
P-0005744-T01-IM5	0	0	0
P-0005745-T01-IM5	0.296624898375524	0.000943008597832049	0.297567906973356
P-0006217-T01-IM5	0.214749057005743	0.000943008597832049	0.215692065603575
P-0006340-T01-IM5	0	0	0
P-0006656-T01-IM5	0	0	0
P-0006892-T01-IM5	0.281941697578883	0.000943008597832049	0.297567906973356
P-0007134-T01-IM5	0.296624898375524	0.000943008597832049	0.297567906973356
P-0007535-T01-IM5	0	0	0
P-0008052-T01-IM5	0	0	0
P-0008474-T01-IM5	0.296624898375524	0.000943008597832049	0.297567906973356
P-0009060-T01-IM5	0	0	0
P-0009372-T01-IM5	0	0	0
P-0009750-T01-IM5	0	0	0
P-0009840-T01-IM5	0	0	0
P-0009979-T02-IM6	0.296624898375524	0.000943008597832049	0.297567906973356
P-0010011-T01-IM5	0	0	0
P-0010214-T01-IM5	0.296624898375524	0.000943008597832049	0.297567906973356
P-0010357-T01-IM5	0	0	0
P-0010705-T01-IM5	0.296624898375524	0.000943008597832049	0.297567906973356
P-0010946-T01-IM5	0.0289687747146707	0.000943008597832049	0.03220510561566
P-0011086-T01-IM5	0.23071550408588	0.000943008597832049	0.297567906973356
P-0011426-T01-IM5	0.296624898375524	0.000943008597832049	0.297567906973356
P-0012367-T01-IM5	0	0	0
P-0012808-T01-IM5	0.00230699966472026	0.000943008597832049	0.0032500082625523
P-0013279-T01-IM5	0	0	0
P-0013698-T01-IM5	0	0	0
P-0013699-T01-IM5	0.114111768169885	0.000943008597832049	0.115072076294535
P-0014561-T01-IM6	0	0	0
P-0014631-T01-IM6	0	0	0
P-0014697-T01-IM6	0	0	0
P-0014861-T01-IM6	0.261097808304017	0.000943008597832049	0.297567906973356
P-0015651-T03-IM6	0	0	0
P-0015810-T01-IM6	0.0312620970178279	0.000943008597832049	0.03220510561566
P-0015976-T01-IM6	0	0	0
P-0016322-T01-IM6	0	0	0
P-0016865-T01-IM6	0.296624898375524	0.000943008597832049	0.297567906973356
P-0017005-T01-IM6	0.114129067696703	0.000943008597832049	0.115072076294535
P-0017175-T01-IM6	0	0	0
P-0017516-T01-IM6	0.244628290000614	0.000943008597832049	0.259713444606305
P-0017787-T01-IM6	0.296624898375524	0.000943008597832049	0.297567906973356
P-0018024-T01-IM6	0.192887535972834	0.000943008597832049	0.193830544570666
P-0018026-T01-IM6	0.0832523543111253	0.000943008597832049	0.0841953629089573
P-0018184-T01-IM6	0.296624898375524	0.000943008597832049	0.297567906973356
P-0018202-T01-IM6	0.296624898375524	0.000943008597832049	0.297567906973356
P-0018212-T01-IM6	0.175612167849597	0.000943008597832049	0.297567906973356
P-0018534-T01-IM6	0.158283016308783	0.000943008597832049	0.259713444606305
P-0018550-T01-IM6	0	0	0
P-0018606-T01-IM6	0.296624898375524	0.000943008597832049	0.297567906973356
P-0018612-T01-IM6	0	0	0
P-0018647-T01-IM6	0	0	0
P-0018757-T01-IM6	0.262415284868669	0.000943008597832049	0.297567906973356
P-0018944-T01-IM6	0.114129067696703	0.000943008597832049	0.115072076294535
P-0018996-T01-IM6	0.114129067696703	0.000943008597832049	0.115072076294535
P-0019008-T01-IM6	0.270104854882333	0.000943008597832049	0.297567906973356
P-0019026-T01-IM6	0.296624898375524	0.000943008597832049	0.297567906973356
P-0019325-T01-IM6	0	0	0
P-0019423-T01-IM6	0.031245928393284	0.000943008597832049	0.03220510561566
P-0019454-T01-IM6	0.176130563618174	0.000943008597832049	0.259713444606305
P-0019814-T01-IM6	0.296624898375524	0.000943008597832049	0.297567906973356
P-0019841-T01-IM6	0.0121794487210352	0.000943008597832049	0.0131224573188672
P-0020007-T01-IM6	0.114129067696703	0.000943008597832049	0.115072076294535
P-0020105-T01-IM6	0.296624898375524	0.000943008597832049	0.297567906973356
P-0020112-T01-IM6	0.246007089331339	0.000943008597832049	0.246950097929171
P-0020115-T01-IM6	0.0173035915104281	0.000943008597832049	0.0182466001082601
P-0020145-T01-IM6	0.296624898375524	0.000943008597832049	0.297567906973356
P-0020161-T01-IM6	0.296624898375524	0.000943008597832049	0.297567906973356
P-0020298-T01-IM6	0.0165821168341859	0.000943008597832049	0.017525125432018
P-0020313-T01-IM6	0.114129067696703	0.000943008597832049	0.115072076294535
P-0020315-T01-IM6	0	0	0
P-0020323-T01-IM6	0.0832523543111253	0.000943008597832049	0.0841953629089573
P-0020354-T01-IM6	0.00230699966472026	0.000943008597832049	0.0032500082625523
P-0020432-T01-IM6	0.0920922322264551	0.000943008597832049	0.0930352408242871
P-0020515-T01-IM6	0	0	0
P-0020525-T01-IM6	0.217892924353398	0.000943008597832049	0.297567906973356
P-0020552-T01-IM6	0	0	0
P-0020568-T01-IM6	0	0	0
P-0020635-T01-IM6	0	0	0
P-0020688-T01-IM6	0.00230699966472026	0.000943008597832049	0.0032500082625523
P-0020698-T01-IM6	0.187489436204979	0.000943008597832049	0.297567906973356
P-0020699-T01-IM6	0.296624898375524	0.000943008597832049	0.297567906973356
P-0020831-T01-IM6	0.0920922322264551	0.000943008597832049	0.0930352408242871
P-0020968-T01-IM6	0.114045733311003	0.000943008597832049	0.114988741908835
P-0020973-T01-IM6	0	0	0
P-0021030-T01-IM6	0.271183866771058	0.000943008597832049	0.297567906973356
P-0021045-T02-IM6	0.0310226325587306	0.000943008597832049	0.0319656411565626
P-0021114-T01-IM6	0	0	0
P-0021303-T01-IM6	0.296624898375524	0.000943008597832049	0.297567906973356
P-0021368-T01-IM6	0.296624898375524	0.000943008597832049	0.297567906973356
P-0021402-T01-IM6	0.296624898375524	0.000943008597832049	0.297567906973356
P-0021409-T01-IM6	0	0	0
P-0021499-T01-IM6	0	0	0
P-0021524-T01-IM6	0.223243345936966	0.000943008597832049	0.224186354534798
P-0021534-T01-IM6	0.0312620970178279	0.000943008597832049	0.03220510561566
P-0021602-T01-IM6	0	0	0
P-0021632-T01-IM6	0.296624898375524	0.000943008597832049	0.297567906973356
P-0021750-T01-IM6	0.296624898375524	0.000943008597832049	0.297567906973356
P-0021785-T01-IM6	0.28667213886785	0.000943008597832049	0.297567906973356
P-0021882-T01-IM6	0.296624898375524	0.000943008597832049	0.297567906973356
P-0021891-T01-IM6	0	0	0
P-0021905-T02-IM6	0.296624898375524	0.000943008597832049	0.297567906973356
P-0021912-T01-IM6	0	0	0
P-0021920-T01-IM6	0.0312620970178279	0.000943008597832049	0.03220510561566
P-0021924-T01-IM6	0	0	0
P-0022003-T01-IM6	0	0	0
P-0022016-T01-IM6	0	0	0
P-0022046-T01-IM6	0.0887036064858688	0.000943008597832049	0.115072076294535
P-0022058-T01-IM6	0.296624898375524	0.000943008597832049	0.297567906973356
P-0022059-T01-IM6	0.26667634434922	0.000943008597832049	0.297567906973356
P-0022079-T01-IM6	0.225082766680954	0.000943008597832049	0.246897683067244
P-0022126-T01-IM6	0.0832523543111253	0.000943008597832049	0.0841953629089573
P-0022130-T01-IM6	0.196137478675834	0.000943008597832049	0.297567906973356
P-0022131-T01-IM6	0.286752449319209	0.000943008597832049	0.297567906973356
P-0022507-T01-IM6	0.296624898375524	0.000943008597832049	0.297567906973356
P-0022610-T01-IM6	0	0	0
P-0022640-T01-IM6	0.296624898375524	0.000943008597832049	0.297567906973356
P-0022754-T01-IM6	0.296624898375524	0.000943008597832049	0.297567906973356
P-0023037-T01-IM6	0.114129067696703	0.000943008597832049	0.115072076294535
P-0023091-T01-IM6	0.114129067696703	0.000943008597832049	0.115072076294535
P-0023140-T01-IM6	0	0	0
P-0023506-T01-IM6	0.296624898375524	0.000943008597832049	0.297567906973356
P-0023507-T01-IM6	0.286752449319209	0.000943008597832049	0.297567906973356
P-0023547-T01-IM6	0.295505214979646	0.000943008597832049	0.297567906973356
P-0023620-T01-IM6	0.296624898375524	0.000943008597832049	0.297567906973356
P-0023747-T01-IM6	0	0	0
P-0023995-T01-IM6	0.197756561960058	0.000943008597832049	0.259713444606305
P-0023996-T01-IM6	0.0312620970178279	0.000943008597832049	0.03220510561566
P-0024019-T01-IM6	0	0	0
P-0024048-T01-IM6	0	0	0
P-0024149-T01-IM6	0.296624898375524	0.000943008597832049	0.297567906973356
P-0024318-T01-IM6	0.114129067696703	0.000943008597832049	0.115072076294535
P-0024365-T01-IM6	0.296624898375524	0.000943008597832049	0.297567906973356
P-0024405-T01-IM6	0.151983530063754	0.000943008597832049	0.297567906973356
P-0024406-T01-IM6	0.296624898375524	0.000943008597832049	0.297567906973356
P-0024723-T01-IM6	0.296624898375524	0.000943008597832049	0.297567906973356
P-0024726-T01-IM6	0.218174314146082	0.000943008597832049	0.297567906973356
P-0024740-T01-IM6	0	0	0
P-0024831-T01-IM6	0.185033870400189	0.000943008597832049	0.297567906973356
P-0024926-T01-IM6	0.0312620970178279	0.000943008597832049	0.03220510561566
P-0024971-T01-IM6	0.00204497452474631	0.000943008597832049	0.00298798312257836
P-0025000-T01-IM6	0	0	0
P-0025063-T01-IM6	0.296624898375524	0.000943008597832049	0.297567906973356
P-0025135-T01-IM6	0	0	0
P-0025136-T01-IM6	0.258770436008473	0.000943008597832049	0.259713444606305
P-0025149-T01-IM6	0	0	0
P-0025198-T01-IM6	0.00230699966472026	0.000943008597832049	0.0032500082625523
P-0025645-T01-IM6	0.0832523543111253	0.000943008597832049	0.0841953629089573
P-0025811-T01-IM6	0.296624898375524	0.000943008597832049	0.297567906973356
P-0025949-T01-IM6	0.114129067696703	0.000943008597832049	0.115072076294535
P-0025958-T01-IM6	0.196137478675834	0.000943008597832049	0.297567906973356
P-0025993-T01-IM6	0.114129067696703	0.000943008597832049	0.115072076294535
P-0026169-T01-IM6	0.0312620970178279	0.000943008597832049	0.03220510561566
P-0026190-T01-IM6	0.0920766618328243	0.000943008597832049	0.0930196704306564
P-0026232-T01-IM6	0.296624898375524	0.000943008597832049	0.297567906973356
P-0026490-T01-IM6	0	0	0
P-0026493-T01-IM6	0	0	0
P-0026495-T01-IM6	0	0	0
P-0026504-T01-IM6	0.00230699966472026	0.000943008597832049	0.0032500082625523
P-0026707-T01-IM6	0.0920922322264551	0.000943008597832049	0.0930352408242871
P-0026969-T01-IM6	0.13489107309096	0.000943008597832049	0.224186354534798
P-0027019-T01-IM6	0.157562066108958	0.000943008597832049	0.297567906973356
P-0027035-T01-IM6	0.296624898375524	0.000943008597832049	0.297567906973356
P-0027075-T01-IM6	0.0312620970178279	0.000943008597832049	0.03220510561566
P-0027886-T01-IM6	0.067754223696682	0.000943008597832049	0.0686972322945141
P-0027978-T01-IM6	0	0	0
P-0027999-T01-IM6	0	0	0
P-0028009-T01-IM6	0.282683725174718	0.000943008597832049	0.297567906973356
P-0028308-T01-IM6	0.0832523543111253	0.000943008597832049	0.0841953629089573
P-0028329-T01-IM6	0.196004909066484	0.000943008597832049	0.297567906973356
P-0028330-T01-IM6	0	0	0
P-0028432-T01-IM6	0	0	0
P-0028499-T01-IM6	0.0312620970178279	0.000943008597832049	0.03220510561566
P-0028513-T01-IM6	0.296624898375524	0.000943008597832049	0.297567906973356
P-0028695-T01-IM6	0.296624898375524	0.000943008597832049	0.297567906973356
P-0028702-T01-IM6	0.223243345936966	0.000943008597832049	0.224186354534798
P-0028778-T01-IM6	0	0	0
P-0028917-T01-IM6	0.223243345936966	0.000943008597832049	0.224186354534798
P-0029084-T01-IM6	0	0	0
P-0029129-T01-IM6	0	0	0
P-0029223-T01-IM6	0.0305543160930368	0.000943008597832049	0.0314973246908689
P-0029292-T01-IM6	0.296624898375524	0.000943008597832049	0.297567906973356
P-0029325-T01-IM6	0.296624898375524	0.000943008597832049	0.297567906973356
P-0029331-T01-IM6	0.258770436008473	0.000943008597832049	0.259713444606305
P-0029354-T01-IM6	0.229740822029426	0.000943008597832049	0.297567906973356
P-0029393-T01-IM6	0.0312394543875112	0.000943008597832049	0.03220510561566
P-0029461-T01-IM6	0	0	0
P-0029463-T01-IM6	0.0312620970178279	0.000943008597832049	0.03220510561566
P-0029464-T01-IM6	0.296624898375524	0.000943008597832049	0.297567906973356
P-0029474-T01-IM6	0.176506432920421	0.000943008597832049	0.224186354534798
P-0029537-T01-IM6	0.0312271619714869	0.000943008597832049	0.03220510561566
P-0029548-T01-IM6	0	0	0
P-0029723-T01-IM6	0.296624898375524	0.000943008597832049	0.297567906973356
P-0029946-T01-IM6	0.192887535972834	0.000943008597832049	0.193830544570666
P-0030033-T01-IM6	0.296624898375524	0.000943008597832049	0.297567906973356
P-0030139-T01-IM6	0.296624898375524	0.000943008597832049	0.297567906973356
P-0030258-T01-IM6	0.0306951462059552	0.000943008597832049	0.0316381548037873
P-0030339-T01-IM6	0.296624898375524	0.000943008597832049	0.297567906973356
P-0030380-T01-IM6	0.265975283278522	0.000943008597832049	0.297567906973356
P-0030503-T01-IM6	0.067981321985259	0.000943008597832049	0.115072076294535
P-0030505-T01-IM6	0	0	0
P-0030569-T01-IM6	0.258770436008473	0.000943008597832049	0.259713444606305
P-0030632-T01-IM6	0.296624898375524	0.000943008597832049	0.297567906973356
P-0030669-T01-IM6	0.296624898375524	0.000943008597832049	0.297567906973356
P-0030697-T01-IM6	0	0	0
P-0030779-T01-IM6	0.253191899963269	0.000943008597832049	0.254134908561101
P-0030874-T01-IM6	0.0985778174551472	0.000943008597832049	0.115072076294535
P-0030958-T01-IM6	0.192887535972834	0.000943008597832049	0.193830544570666
P-0030962-T01-IM6	0.0310226325587306	0.000943008597832049	0.0319656411565626
P-0031085-T01-IM6	0.296624898375524	0.000943008597832049	0.297567906973356
P-0031150-T01-IM6	0.0173035915104281	0.000943008597832049	0.0182466001082601
P-0031210-T01-IM6	0.296624898375524	0.000943008597832049	0.297567906973356
P-0031382-T01-IM6	0	0	0
P-0031385-T01-IM6	0	0	0
P-0031395-T01-IM6	0	0	0
P-0031402-T01-IM6	0.214749057005743	0.000943008597832049	0.215692065603575
P-0031498-T01-IM6	0.285558232907504	0.000943008597832049	0.297567906973356
P-0031648-T01-IM6	0	0	0
P-0031656-T01-IM6	0.26667634434922	0.000943008597832049	0.297567906973356
P-0031687-T01-IM6	0	0	0
P-0031749-T01-IM6	0.296624898375524	0.000943008597832049	0.297567906973356
P-0031946-T01-IM6	0.296624898375524	0.000943008597832049	0.297567906973356
P-0032093-T01-IM6	0.268245618763714	0.000943008597832049	0.297567906973356
P-0032171-T03-IM6	0.296624898375524	0.000943008597832049	0.297567906973356
P-0032375-T01-IM6	0.218678491686791	0.000943008597832049	0.224186354534798
P-0032525-T01-IM6	0.296624898375524	0.000943008597832049	0.297567906973356
P-0032813-T02-IM6	0	0	0
P-0032819-T01-IM6	0.258770436008473	0.000943008597832049	0.259713444606305
P-0032956-T01-IM6	0	0	0
P-0033193-T01-IM6	0.258770436008473	0.000943008597832049	0.259713444606305
P-0033318-T02-IM6	0.296624898375524	0.000943008597832049	0.297567906973356
P-0033523-T01-IM6	0.284199642308723	0.000943008597832049	0.297567906973356
P-0033690-T01-IM6	0.0312620970178279	0.000943008597832049	0.03220510561566
P-0033715-T01-IM6	0.114129067696703	0.000943008597832049	0.115072076294535
P-0033718-T01-IM6	0.296624898375524	0.000943008597832049	0.297567906973356
P-0033783-T01-IM6	0	0	0
P-0033787-T01-IM6	0	0	0
P-0033879-T01-IM6	0	0	0
P-0034038-T01-IM6	0.296624898375524	0.000943008597832049	0.297567906973356
P-0034086-T01-IM6	0	0	0
P-0034239-T01-IM6	0.296624898375524	0.000943008597832049	0.297567906973356
P-0034383-T01-IM6	0	0	0
P-0034415-T01-IM6	0.223243345936966	0.000943008597832049	0.224186354534798
P-0034418-T01-IM6	0	0	0
P-0034484-T01-IM6	0.296624898375524	0.000943008597832049	0.297567906973356
P-0034561-T01-IM6	0	0	0
P-0034814-T01-IM6	0	0	0
P-0034907-T01-IM6	0.114129067696703	0.000943008597832049	0.115072076294535
P-0034976-T01-IM6	0.296624898375524	0.000943008597832049	0.297567906973356
P-0035120-T01-IM6	0.291604061050399	0.000943008597832049	0.297567906973356
P-0035374-T01-IM6	0.223243345936966	0.000943008597832049	0.224186354534798
P-0035378-T01-IM6	0	0	0
P-0035382-T01-IM6	0.296624898375524	0.000943008597832049	0.297567906973356
P-0035584-T01-IM6	0.067754223696682	0.000943008597832049	0.0686972322945141
P-0035594-T01-IM6	0.258770436008473	0.000943008597832049	0.259713444606305
P-0035753-T01-IM6	0.223243345936966	0.000943008597832049	0.224186354534798
P-0035898-T01-IM6	0.296624898375524	0.000943008597832049	0.297567906973356
P-0035993-T01-IM6	0.245440974403756	0.000943008597832049	0.297567906973356
P-0036013-T01-IM6	0.258770436008473	0.000943008597832049	0.259713444606305
P-0036015-T01-IM6	0.296624898375524	0.000943008597832049	0.297567906973356
P-0036236-T01-IM6	0	0	0
P-0036257-T01-IM6	0.296624898375524	0.000943008597832049	0.297567906973356
P-0036292-T01-IM6	0.00230699966472026	0.000943008597832049	0.0032500082625523
P-0036321-T01-IM6	0.258770436008473	0.000943008597832049	0.259713444606305
P-0036326-T01-IM6	0.0920922322264551	0.000943008597832049	0.0930352408242871
P-0036348-T01-IM6	0	0	0
P-0036409-T01-IM6	0.0799355408649529	0.000943008597832049	0.082212596204238
P-0036457-T01-IM6	0.0312620970178279	0.000943008597832049	0.03220510561566
P-0036582-T01-IM6	0.296624898375524	0.000943008597832049	0.297567906973356
P-0036627-T01-IM6	0.173968073596235	0.000943008597832049	0.297567906973356
P-0036673-T01-IM6	0.0566875582286625	0.000943008597832049	0.0576305668264946
P-0036717-T01-IM6	0.223243345936966	0.000943008597832049	0.224186354534798
P-0036727-T01-IM6	0.258770436008473	0.000943008597832049	0.259713444606305
P-0036779-T01-IM6	0.192887535972834	0.000943008597832049	0.193830544570666
P-0036784-T01-IM6	0.214723226542204	0.000943008597832049	0.215692065603575
P-0036814-T01-IM6	0.00230699966472026	0.000943008597832049	0.0032500082625523
P-0036869-T01-IM6	0.192887535972834	0.000943008597832049	0.193830544570666
P-0036886-T01-IM6	0	0	0
P-0036895-T01-IM6	0.223243345936966	0.000943008597832049	0.224186354534798
P-0036961-T01-IM6	0	0	0
P-0036963-T01-IM6	0.26667634434922	0.000943008597832049	0.297567906973356
P-0036971-T01-IM6	0	0	0
P-0037025-T01-IM6	0	0	0
P-0037027-T01-IM6	0.296624898375524	0.000943008597832049	0.297567906973356
P-0037049-T01-IM6	0.177969386131249	0.000943008597832049	0.19380568111052
P-0037072-T01-IM6	0.296624898375524	0.000943008597832049	0.297567906973356
P-0037085-T01-IM6	0.230741998339885	0.000943008597832049	0.297567906973356
P-0037087-T01-IM6	0.296624898375524	0.000943008597832049	0.297567906973356
P-0037096-T01-IM6	0.296624898375524	0.000943008597832049	0.297567906973356
P-0037128-T01-IM6	0	0	0
P-0037160-T01-IM6	0.0312493211001067	0.000943008597832049	0.03220510561566
P-0037196-T01-IM6	0.0290398166843471	0.000943008597832049	0.0299828252821792
P-0037263-T01-IM6	0.296624898375524	0.000943008597832049	0.297567906973356
P-0037308-T01-IM6	0	0	0
P-0037342-T01-IM6	0.0711645988186873	0.000943008597832049	0.0841953629089573
P-0037373-T01-IM6	0.296458967149084	0.000943008597832049	0.297567906973356
P-0037375-T01-IM6	0.246007089331339	0.000943008597832049	0.246950097929171
P-0037462-T01-IM6	0	0	0
P-0037478-T01-IM6	0.296624898375524	0.000943008597832049	0.297567906973356
P-0037794-T01-IM6	0.26667634434922	0.000943008597832049	0.297567906973356
P-0037810-T01-IM6	0.0310226325587306	0.000943008597832049	0.0319656411565626
P-0037891-T01-IM6	0	0	0
P-0037899-T01-IM6	0.296624898375524	0.000943008597832049	0.297567906973356
P-0037905-T01-IM6	0	0	0
P-0037974-T01-IM6	0.296624898375524	0.000943008597832049	0.297567906973356
P-0038047-T01-IM6	0.258770436008473	0.000943008597832049	0.259713444606305
P-0038069-T01-IM6	0.0312620970178279	0.000943008597832049	0.03220510561566
P-0038086-T01-IM6	0.296624898375524	0.000943008597832049	0.297567906973356
P-0038144-T01-IM6	0	0	0
P-0038147-T01-IM6	0.296624898375524	0.000943008597832049	0.297567906973356
P-0038155-T01-IM6	0.296624898375524	0.000943008597832049	0.297567906973356
P-0038345-T02-IM6	0.0312620970178279	0.000943008597832049	0.03220510561566
P-0038427-T01-IM6	0.249314273718293	0.000943008597832049	0.297567906973356
P-0038481-T01-IM6	0.114129067696703	0.000943008597832049	0.115072076294535
P-0038526-T01-IM6	0	0	0
P-0038534-T01-IM6	0	0	0
P-0038543-T01-IM6	0.0310226325587306	0.000943008597832049	0.0319656411565626
P-0038634-T01-IM6	0.296624898375524	0.000943008597832049	0.297567906973356
P-0038646-T01-IM6	0.0018283985442862	0.000943008597832049	0.00277140714211825
P-0038660-T01-IM6	0.225253868917068	0.000943008597832049	0.297567906973356
P-0038663-T01-IM6	0.296624898375524	0.000943008597832049	0.297567906973356
P-0038744-T01-IM6	0	0	0
P-0038745-T01-IM6	0.26667634434922	0.000943008597832049	0.297567906973356
P-0038779-T01-IM6	0	0	0
P-0038809-T01-IM6	0.0153408204691083	0.000943008597832049	0.0162838290669403
P-0038996-T01-IM6	0.24599717344908	0.000943008597832049	0.246940182046912
P-0039001-T01-IM6	0.0812695876064059	0.000943008597832049	0.082212596204238
P-0039070-T01-IM6	0.067754223696682	0.000943008597832049	0.0686972322945141
P-0039094-T01-IM6	0.225842249507543	0.000943008597832049	0.259713444606305
P-0039104-T02-IM6	0.296582128962703	0.000943008597832049	0.297567906973356
P-0039120-T01-IM6	0	0	0
P-0039132-T01-IM6	0	0	0
P-0039148-T01-IM6	0.296624898375524	0.000943008597832049	0.297567906973356
P-0039241-T01-IM6	0	0	0
P-0039242-T01-IM6	0.296624898375524	0.000943008597832049	0.297567906973356
P-0039273-T01-IM6	0.067754223696682	0.000943008597832049	0.0686972322945141
P-0039297-T01-IM6	0	0	0
P-0039422-T01-IM6	0.0312620970178279	0.000943008597832049	0.03220510561566
P-0039468-T01-IM6	0.0173035915104281	0.000943008597832049	0.0182466001082601
P-0039500-T01-IM6	0.00230699966472026	0.000943008597832049	0.0032500082625523
P-0039511-T02-IM6	0.296624898375524	0.000943008597832049	0.297567906973356
P-0039514-T01-IM6	0.296624898375524	0.000943008597832049	0.297567906973356
P-0039583-T01-IM6	0.296624898375524	0.000943008597832049	0.297567906973356
P-0039605-T01-IM6	0	0	0
P-0039685-T01-IM6	0.296624898375524	0.000943008597832049	0.297567906973356
P-0039726-T01-IM6	0.296624898375524	0.000943008597832049	0.297567906973356
P-0039734-T01-IM6	0	0	0
P-0039774-T01-IM6	0	0	0
P-0039798-T01-IM6	0.0309346106650526	0.000943008597832049	0.03220510561566
P-0039804-T01-IM6	0.0312620970178279	0.000943008597832049	0.03220510561566
P-0039810-T01-IM6	0	0	0
P-0039811-T01-IM6	0.180319851779031	0.000943008597832049	0.259713444606305
P-0039814-T01-IM6	0.291588105494399	0.000943008597832049	0.297567906973356
P-0039927-T01-IM6	0.296624898375524	0.000943008597832049	0.297567906973356
P-0039935-T01-IM6	0.00230699966472026	0.000943008597832049	0.0032500082625523
P-0039948-T01-IM6	0.296624898375524	0.000943008597832049	0.297567906973356
P-0039993-T01-IM6	0	0	0
P-0040043-T01-IM6	0	0	0
P-0040118-T01-IM6	0	0	0
P-0040143-T01-IM6	0.114129067696703	0.000943008597832049	0.115072076294535
P-0040154-T01-IM6	0.114129067696703	0.000943008597832049	0.115072076294535
P-0040160-T02-IM6	0.0832523543111253	0.000943008597832049	0.0841953629089573
P-0040177-T01-IM6	0.296624898375524	0.000943008597832049	0.297567906973356
P-0040212-T01-IM6	0.0312620970178279	0.000943008597832049	0.03220510561566
P-0040343-T01-IM6	0	0	0
P-0040365-T01-IM6	0.296624898375524	0.000943008597832049	0.297567906973356
P-0040386-T01-IM6	0.13394500777901	0.000943008597832049	0.259713444606305
P-0040504-T01-IM6	0.296624898375524	0.000943008597832049	0.297567906973356
P-0040518-T01-IM6	0	0	0
P-0040521-T01-IM6	0.26667634434922	0.000943008597832049	0.297567906973356
P-0040523-T01-IM6	0	0	0
P-0040555-T02-IM6	0	0	0
P-0040593-T01-IM6	0.258770436008473	0.000943008597832049	0.259713444606305
P-0040605-T01-IM6	0	0	0
P-0040702-T01-IM6	0.0121794487210352	0.000943008597832049	0.0131224573188672
P-0040748-T01-IM6	0	0	0
P-0040803-T01-IM6	0.164797488715132	0.000943008597832049	0.297567906973356
P-0040812-T01-IM6	0	0	0
P-0040860-T01-IM6	0	0	0
P-0041026-T01-IM6	0.296624898375524	0.000943008597832049	0.297567906973356
P-0041176-T01-IM6	0	0	0
P-0041191-T01-IM6	0.296624898375524	0.000943008597832049	0.297567906973356
P-0041234-T01-IM6	0	0	0
P-0041235-T01-IM6	0	0	0
P-0041236-T01-IM6	0.285653572886189	0.000943008597832049	0.297567906973356
P-0041269-T01-IM6	0	0	0
P-0041285-T01-IM6	0.296624898375524	0.000943008597832049	0.297567906973356
P-0041289-T01-IM6	0.0153408204691083	0.000943008597832049	0.0162838290669403
P-0041464-T01-IM6	0	0	0
P-0041535-T01-IM6	0.114129067696703	0.000943008597832049	0.115072076294535
P-0041544-T01-IM6	0.0312620970178279	0.000943008597832049	0.03220510561566
P-0041614-T01-IM6	0.113917146444444	0.000943008597832049	0.114860155042277
P-0041658-T01-IM6	0.296624898375524	0.000943008597832049	0.297567906973356
P-0041702-T01-IM6	0	0	0
P-0041886-T01-IM6	0.258770436008473	0.000943008597832049	0.259713444606305
P-0041952-T01-IM6	0.0153408204691083	0.000943008597832049	0.0162838290669403
P-0041954-T01-IM6	0.296624898375524	0.000943008597832049	0.297567906973356
P-0041958-T01-IM6	0	0	0
P-0042116-T01-IM6	0	0	0
P-0042152-T01-IM6	0.296624898375524	0.000943008597832049	0.297567906973356
P-0042164-T01-IM6	0.296624898375524	0.000943008597832049	0.297567906973356
P-0042200-T01-IM6	0.296624898375524	0.000943008597832049	0.297567906973356
P-0042216-T01-IM6	0.176810940650175	0.000943008597832049	0.193830544570666
P-0042407-T01-IM6	0.296624898375524	0.000943008597832049	0.297567906973356
P-0042422-T01-IM6	0	0	0
P-0042516-T01-IM6	0.192887535972834	0.000943008597832049	0.193830544570666
P-0042548-T01-IM6	0	0	0
P-0042632-T01-IM6	0.296624898375524	0.000943008597832049	0.297567906973356
P-0042757-T01-IM6	0.246007089331339	0.000943008597832049	0.246950097929171
P-0042764-T02-IM6	0.296624898375524	0.000943008597832049	0.297567906973356
P-0042788-T01-IM6	0.270632486352816	0.000943008597832049	0.297567906973356
P-0042805-T01-IM6	0	0	0
P-0042815-T01-IM6	0.214749057005743	0.000943008597832049	0.215692065603575
P-0042866-T01-IM6	0	0	0
P-0043037-T01-IM6	0.223243345936966	0.000943008597832049	0.224186354534798
P-0043133-T01-IM6	0.29253433470523	0.000943008597832049	0.297567906973356
P-0043201-T01-IM6	0.296624898375524	0.000943008597832049	0.297567906973356
P-0043240-T01-IM6	0.258770436008473	0.000943008597832049	0.259713444606305
P-0043295-T01-IM6	0.296624898375524	0.000943008597832049	0.297567906973356
P-0043550-T02-IM6	0.296624898375524	0.000943008597832049	0.297567906973356
P-0043617-T01-IM6	0	0	0
P-0043634-T01-IM6	0	0	0
P-0043706-T01-IM6	0	0	0
P-0043789-T01-IM6	0.296624898375524	0.000943008597832049	0.297567906973356
P-0043833-T01-IM6	0.0711645988186873	0.000943008597832049	0.0841953629089573
P-0043838-T01-IM6	0.296624898375524	0.000943008597832049	0.297567906973356
P-0043933-T01-IM6	0.296624898375524	0.000943008597832049	0.297567906973356
P-0043942-T01-IM6	0.0225738501516298	0.000943008597832049	0.03220510561566
P-0043950-T01-IM6	0.296624898375524	0.000943008597832049	0.297567906973356
P-0043955-T01-IM6	0	0	0
P-0044023-T01-IM6	0.296624898375524	0.000943008597832049	0.297567906973356
P-0044056-T01-IM6	0.275752990587066	0.000943008597832049	0.297567906973356
P-0044065-T01-IM6	0	0	0
P-0044084-T01-IM6	0.296624898375524	0.000943008597832049	0.297567906973356
P-0044131-T01-IM6	0.217866430099393	0.000943008597832049	0.297567906973356
P-0044185-T01-IM6	0.27204286899778	0.000943008597832049	0.297567906973356
P-0044224-T01-IM6	0.0309876975123895	0.000943008597832049	0.0319656411565626
P-0044338-T01-IM6	0.114129067696703	0.000943008597832049	0.115072076294535
P-0044402-T01-IM6	0	0	0
P-0044451-T01-IM6	0	0	0
P-0044555-T01-IM6	0.114129067696703	0.000943008597832049	0.115072076294535
P-0044704-T01-IM6	0.296624898375524	0.000943008597832049	0.297567906973356
P-0044796-T01-IM6	0.021854039049023	0.000943008597832049	0.022797047646855
P-0044817-T01-IM6	0.067754223696682	0.000943008597832049	0.0686972322945141
P-0044905-T01-IM6	0.296624898375524	0.000943008597832049	0.297567906973356
P-0044919-T01-IM6	0.0301129773830444	0.000943008597832049	0.0310559859808765
P-0044963-T01-IM6	0.296624898375524	0.000943008597832049	0.297567906973356
P-0045031-T01-IM6	0	0	0
P-0045161-T01-IM6	0	0	0
P-0045231-T02-IM6	0	0	0
P-0045312-T01-IM6	0	0	0
P-0045432-T01-IM6	0	0	0
P-0045534-T01-IM6	0	0	0
P-0045623-T01-IM6	0.0832523543111253	0.000943008597832049	0.0841953629089573
P-0045641-T01-IM6	0.114129067696703	0.000943008597832049	0.115072076294535
P-0045841-T01-IM6	0.296624898375524	0.000943008597832049	0.297567906973356
P-0045902-T01-IM6	0.0121794487210352	0.000943008597832049	0.0131224573188672
P-0045944-T01-IM6	0.187297600760504	0.000943008597832049	0.297567906973356
P-0045947-T01-IM6	0	0	0
P-0045987-T01-IM6	0.114129067696703	0.000943008597832049	0.115072076294535
P-0045993-T01-IM6	0.295290851634071	0.000943008597832049	0.297567906973356
P-0046054-T01-IM6	0.296624898375524	0.000943008597832049	0.297567906973356
P-0046098-T01-IM6	0	0	0
P-0046280-T01-IM6	0.296624898375524	0.000943008597832049	0.297567906973356
P-0046282-T01-IM6	0	0	0
P-0046298-T01-IM6	0.273903653960818	0.000943008597832049	0.297567906973356
P-0046443-T01-IM6	0	0	0
P-0046478-T01-IM6	0.258770436008473	0.000943008597832049	0.259713444606305
P-0046480-T01-IM6	0.00230699966472026	0.000943008597832049	0.0032500082625523
P-0046489-T01-IM6	0	0	0
P-0046496-T01-IM6	0.148716820505297	0.000943008597832049	0.297567906973356
P-0046745-T01-IM6	0	0	0
P-0046749-T02-IM6	0.296624898375524	0.000943008597832049	0.297567906973356
P-0046802-T01-IM6	0.0708270982443242	0.000943008597832049	0.0841953629089573
P-0046884-T01-IM6	0	0	0
P-0046940-T01-IM6	0.161450583434532	0.000943008597832049	0.259713444606305
P-0046996-T01-IM6	0	0	0
P-0047075-T01-IM6	0	0	0
P-0047214-T01-IM6	0.0920922322264551	0.000943008597832049	0.0930352408242871
P-0047362-T01-IM6	0	0	0
P-0047432-T01-IM6	0	0	0
P-0047466-T01-IM6	0.258770436008473	0.000943008597832049	0.259713444606305
P-0047575-T01-IM6	0.00230699966472026	0.000943008597832049	0.0032500082625523
P-0047577-T01-IM6	0.244893117811441	0.000943008597832049	0.259713444606305
P-0047695-T01-IM6	0.296624898375524	0.000943008597832049	0.297567906973356
P-0047853-T01-IM6	0	0	0
P-0047883-T01-IM6	0.296624898375524	0.000943008597832049	0.297567906973356
P-0047947-T01-IM6	0	0	0
P-0048171-T01-IM6	0	0	0
P-0048214-T01-IM6	0	0	0
P-0048239-T01-IM6	0.296624898375524	0.000943008597832049	0.297567906973356
P-0048254-T01-IM6	0.0482071843123793	0.000943008597832049	0.0686972322945141
P-0048463-T01-IM6	0	0	0
P-0048525-T01-IM6	0	0	0
P-0048556-T01-IM6	0.296624898375524	0.000943008597832049	0.297567906973356
P-0048559-T01-IM6	0.00230699966472026	0.000943008597832049	0.0032500082625523
P-0048588-T01-IM6	0.282905857327221	0.000943008597832049	0.297567906973356
P-0048593-T01-IM6	0.054536721417115	0.000943008597832049	0.0841953629089573
P-0048670-T01-IM6	0	0	0
P-0048755-T01-IM6	0.0566875582286625	0.000943008597832049	0.0576305668264946
P-0048851-T01-IM6	0.296624898375524	0.000943008597832049	0.297567906973356
P-0048902-T01-IM6	0.296624898375524	0.000943008597832049	0.297567906973356
P-0049040-T01-IM6	0.0312620970178279	0.000943008597832049	0.03220510561566
P-0049292-T01-IM6	0	0	0
P-0049444-T01-IM6	0	0	0
P-0049519-T01-IM6	0.296624898375524	0.000943008597832049	0.297567906973356
P-0049532-T01-IM6	0.192887535972834	0.000943008597832049	0.193830544570666
P-0049541-T01-IM6	0.0163385794879125	0.000943008597832049	0.0172815880857446
P-0049560-T01-IM6	0.265975283278522	0.000943008597832049	0.297567906973356
P-0049686-T01-IM6	0.192887535972834	0.000943008597832049	0.193830544570666
P-0049759-T01-IM6	0	0	0
P-0049921-T01-IM6	0	0	0
P-0000067-T01-IM3	0.0300448118387177	0.000943008597832049	0.0309878204365497
P-0000141-T01-IM3	0	0	0
P-0000267-T01-IM3	0.296624898375524	0.000943008597832049	0.297567906973356
P-0000376-T01-IM3	0	0	0
P-0000376-T02-IM3	0.0172511684535565	0.000943008597832049	0.0182466001082601
P-0001265-T01-IM3	0.296624898375524	0.000943008597832049	0.297567906973356
P-0001700-T01-IM3	0	0	0
P-0001966-T01-IM3	0	0	0
P-0002110-T01-IM3	0	0	0
P-0002136-T01-IM3	0	0	0
P-0002257-T01-IM3	0.258770436008473	0.000943008597832049	0.259713444606305
P-0002373-T01-IM3	0.0812695876064059	0.000943008597832049	0.082212596204238
P-0002660-T01-IM3	0.0832523543111253	0.000943008597832049	0.0841953629089573
P-0002664-T01-IM3	0.29589136074169	0.000943008597832049	0.297567906973356
P-0003708-T01-IM5	0.296624898375524	0.000943008597832049	0.297567906973356
P-0004262-T01-IM5	0	0	0
P-0004524-T01-IM5	0.258182055417997	0.000943008597832049	0.297567906973356
P-0004722-T01-IM5	0.258770436008473	0.000943008597832049	0.259713444606305
P-0005339-T01-IM5	0	0	0
P-0006537-T01-IM5	0	0	0
P-0007150-T01-IM5	0	0	0
P-0007221-T01-IM5	0.21839390586594	0.000943008597832049	0.297567906973356
P-0007370-T01-IM5	0	0	0
P-0009061-T01-IM5	0	0	0
P-0010250-T01-IM5	0	0	0
P-0010348-T01-IM5	0	0	0
TCGA-72-4233-01	0	0	0
TCGA-72-4234-01	0	0	0
TCGA-72-4238-01	0	0	0
TCGA-72-4232-01	0	0	0
TCGA-72-4237-01	0	0	0
TCGA-72-4236-01	0	0	0
TCGA-72-4235-01	0	0	0
TCGA-72-4241-01	0	0	0
TCGA-72-4240-01	0	0	0
TCGA-72-4231-01	0	0	0
TCGA-09-1669-01	0	0	0
TCGA-25-1635-01	0	0	0
TCGA-09-1667-01	0	0	0
TCGA-09-1665-01	0	0	0
TCGA-24-1557-01	0	0	0
TCGA-36-1577-01	0	0	0
TCGA-36-1580-01	0	0	0
TCGA-57-1585-01	0	0	0
TCGA-24-1567-01	0	0	0
TCGA-24-1558-01	0	0	0
TCGA-04-1525-01	0	0	0
TCGA-04-1536-01	0	0	0
TCGA-24-1560-01	0	0	0
TCGA-09-1662-01	0	0	0
TCGA-25-1628-01	0	0	0
TCGA-24-1544-01	0	0	0
TCGA-09-1666-01	0	0	0
TCGA-36-1574-01	0	0	0
TCGA-57-1583-01	0	0	0
TCGA-25-1630-01	0	0	0
TCGA-36-1571-01	0	0	0
TCGA-25-1623-01	0	0	0
TCGA-09-1659-01	0	0	0
TCGA-25-1627-01	0	0	0
TCGA-36-1576-01	0	0	0
TCGA-36-1570-01	0	0	0
TCGA-04-1517-01	0	0	0
TCGA-36-1569-01	0	0	0
TCGA-09-1661-01	0	0	0
TCGA-36-1568-01	0	0	0
TCGA-24-1545-01	0	0	0
TCGA-25-1626-01	0	0	0
TCGA-57-1584-01	0	0	0
TCGA-24-1556-01	0	0	0
TCGA-24-1548-01	0	0	0
TCGA-29-1775-01	0	0	0
TCGA-61-1907-01	0	0	0
TCGA-24-1846-01	0	0	0
TCGA-23-1029-01	0	0	0
TCGA-24-1842-01	0	0	0
TCGA-24-1849-01	0	0	0
TCGA-24-1843-01	0	0	0
TCGA-61-1722-01	0	0	0
TCGA-61-1737-01	0	0	0
TCGA-04-1648-01	0	0	0
TCGA-30-1855-01	0	0	0
TCGA-04-1649-01	0	0	0
TCGA-61-1900-01	0	0	0
TCGA-61-1906-01	0	0	0
TCGA-61-1895-01	0	0	0
TCGA-61-1904-01	0	0	0
TCGA-61-1899-01	0	0	0
TCGA-24-1844-01	0	0	0
TCGA-61-1727-01	0	0	0
TCGA-30-1856-01	0	0	0
TCGA-61-1725-01	0	0	0
TCGA-61-1903-01	0	0	0
TCGA-29-1776-01	0	0	0
TCGA-61-1913-01	0	0	0
TCGA-29-1777-01	0	0	0
TCGA-23-1111-01	0	0	0
TCGA-29-1769-01	0	0	0
TCGA-61-1914-01	0	0	0
TCGA-61-1741-01	0	0	0
TCGA-04-1652-01	0	0	0
TCGA-61-1911-01	0	0	0
TCGA-30-1857-01	0	0	0
TCGA-24-1850-01	0	0	0
TCGA-61-1910-01	0	0	0
TCGA-13-1494-01	0	0	0
TCGA-24-1418-01	0	0	0
TCGA-13-1482-01	0	0	0
TCGA-13-1511-01	0	0	0
TCGA-24-1426-01	0	0	0
TCGA-13-1507-01	0	0	0
TCGA-13-1492-01	0	0	0
TCGA-24-1419-01	0	0	0
TCGA-24-1435-01	0	0	0
TCGA-24-1422-01	0	0	0
TCGA-13-1512-01	0	0	0
TCGA-24-1436-01	0	0	0
TCGA-13-1489-02	0	0	0
TCGA-13-1501-01	0	0	0
TCGA-13-1510-01	0	0	0
TCGA-24-1417-01	0	0	0
TCGA-13-1487-01	0	0	0
TCGA-24-1416-01	0	0	0
TCGA-13-1484-01	0	0	0
TCGA-13-1509-01	0	0	0
TCGA-24-1434-01	0	0	0
TCGA-24-1427-01	0	0	0
TCGA-13-1491-01	0	0	0
TCGA-24-1428-01	0	0	0
TCGA-13-1483-01	0	0	0
TCGA-13-1481-01	0	0	0
TCGA-13-1495-01	0	0	0
TCGA-13-1499-01	0	0	0
TCGA-13-1497-01	0	0	0
TCGA-13-1488-01	0	0	0
TCGA-13-1498-01	0	0	0
TCGA-24-1423-01	0	0	0
TCGA-24-1431-01	0	0	0
TCGA-24-1466-01	0	0	0
TCGA-24-1463-01	0	0	0
TCGA-24-1424-01	0	0	0
TCGA-13-1500-01	0	0	0
TCGA-13-1489-01	0	0	0
TCGA-13-0723-01	0	0	0
TCGA-13-0800-01	0	0	0
TCGA-13-0727-01	0	0	0
TCGA-13-0761-01	0	0	0
TCGA-13-0791-01	0	0	0
TCGA-13-0792-01	0	0	0
TCGA-13-0805-01	0	0	0
TCGA-13-0714-01	0	0	0
TCGA-13-0804-01	0	0	0
TCGA-13-0793-01	0	0	0
TCGA-09-0367-01	0	0	0
TCGA-13-0751-01	0	0	0
TCGA-13-0797-01	0	0	0
TCGA-13-0795-01	0	0	0
TCGA-13-0764-01	0	0	0
TCGA-13-0720-01	0	0	0
TCGA-09-0366-01	0	0	0
TCGA-13-0724-01	0	0	0
TCGA-13-0801-01	0	0	0
TCGA-13-0717-01	0	0	0
TCGA-13-0760-01	0	0	0
TCGA-13-0791-02	0	0	0
TCGA-09-0369-01	0	0	0
TCGA-13-0758-01	0	0	0
TCGA-13-0803-01	0	0	0
TCGA-13-0757-01	0	0	0
TCGA-13-0799-01	0	0	0
TCGA-13-0794-01	0	0	0
TCGA-13-0730-01	0	0	0
TCGA-13-0766-01	0	0	0
TCGA-13-1407-01	0	0	0
TCGA-04-1350-01	0	0	0
TCGA-13-1403-01	0	0	0
TCGA-04-1356-01	0	0	0
TCGA-25-1320-01	0	0	0
TCGA-25-1312-01	0	0	0
TCGA-13-0900-01	0	0	0
TCGA-13-0905-01	0	0	0
TCGA-25-1315-01	0	0	0
TCGA-04-1362-01	0	0	0
TCGA-04-1365-01	0	0	0
TCGA-25-1318-01	0	0	0
TCGA-13-1405-01	0	0	0
TCGA-25-1319-01	0	0	0
TCGA-04-1348-01	0	0	0
TCGA-13-1408-01	0	0	0
TCGA-13-1412-01	0	0	0
TCGA-13-0908-01	0	0	0
TCGA-04-1349-01	0	0	0
TCGA-25-1323-01	0	0	0
TCGA-13-0884-01	0	0	0
TCGA-25-1322-01	0	0	0
TCGA-04-1364-01	0	0	0
TCGA-13-1410-01	0	0	0
TCGA-13-0893-01	0	0	0
TCGA-04-1360-01	0	0	0
TCGA-25-1313-01	0	0	0
TCGA-13-1404-01	0	0	0
TCGA-25-1316-01	0	0	0
TCGA-04-1371-01	0	0	0
TCGA-25-1314-01	0	0	0
TCGA-24-2267-01	0	0	0
TCGA-24-2295-01	0	0	0
TCGA-09-2050-01	0	0	0
TCGA-24-2293-01	0	0	0
TCGA-09-2044-01	0	0	0
TCGA-24-2297-01	0	0	0
TCGA-59-2352-01	0	0	0
TCGA-59-2351-01	0	0	0
TCGA-09-2045-01	0	0	0
TCGA-24-2280-01	0	0	0
TCGA-09-2043-01	0	0	0
TCGA-59-2349-01	0	0	0
TCGA-25-2397-01	0	0	0
TCGA-25-2391-01	0	0	0
TCGA-25-2409-01	0	0	0
TCGA-29-2414-01	0	0	0
TCGA-09-2055-01	0	0	0
TCGA-25-2042-01	0	0	0
TCGA-09-2051-01	0	0	0
TCGA-25-2399-01	0	0	0
TCGA-24-2298-01	0	0	0
TCGA-25-2404-01	0	0	0
TCGA-29-2428-01	0	0	0
TCGA-24-2289-01	0	0	0
TCGA-13-2060-01	0	0	0
TCGA-59-2355-01	0	0	0
TCGA-59-2363-01	0	0	0
TCGA-24-2290-01	0	0	0
TCGA-24-2288-01	0	0	0
TCGA-25-2398-01	0	0	0
TCGA-09-2049-01	0	0	0
TCGA-59-2348-01	0	0	0
TCGA-24-2281-01	0	0	0
TCGA-24-2262-01	0	0	0
TCGA-09-2048-01	0	0	0
TCGA-59-2354-01	0	0	0
TCGA-25-2401-01	0	0	0
TCGA-25-2400-01	0	0	0
TCGA-59-2350-01	0	0	0
TCGA-25-2393-01	0	0	0
TCGA-29-1707-02	0	0	0
TCGA-13-1819-01	0	0	0
TCGA-13-1817-02	0	0	0
TCGA-61-1916-02	0	0	0
TCGA-24-1852-02	0	0	0
TCGA-61-2095-02	0	0	0
TCGA-29-1710-02	0	0	0
TCGA-13-1817-01	0	0	0
TCGA-29-1692-01	0	0	0
TCGA-29-1704-01	0	0	0
TCGA-13-1819-02	0	0	0
TCGA-29-1704-02	0	0	0
TCGA-29-1692-02	0	0	0
TCGA-13-0913-02	0	0	0
TCGA-29-1705-02	0	0	0
TCGA-29-2414-02	0	0	0
TCGA-23-2643-01	0	0	0
TCGA-36-2543-01	0	0	0
TCGA-04-1353-01	0	0	0
TCGA-23-2641-01	0	0	0
TCGA-13-2057-01	0	0	0
TCGA-13-2071-01	0	0	0
TCGA-04-1369-01	0	0	0
TCGA-36-2547-01	0	0	0
TCGA-36-2530-01	0	0	0
TCGA-13-2065-01	0	0	0
TCGA-04-1644-01	0	0	0
TCGA-29-2429-01	0	0	0
TCGA-36-2552-01	0	0	0
TCGA-29-2431-01	0	0	0
TCGA-36-2537-01	0	0	0
TCGA-04-1516-01	0	0	0
TCGA-61-2613-01	0	0	0
TCGA-13-2066-01	0	0	0
TCGA-36-2544-01	0	0	0
TCGA-36-2548-01	0	0	0
TCGA-13-2061-01	0	0	0
TCGA-36-2532-01	0	0	0
TCGA-42-2590-01	0	0	0
TCGA-29-2434-01	0	0	0
TCGA-42-2589-01	0	0	0
TCGA-36-2539-01	0	0	0
TCGA-23-2649-01	0	0	0
TCGA-61-2612-01	0	0	0
TCGA-42-2582-01	0	0	0
TCGA-36-2551-01	0	0	0
TCGA-42-2588-01	0	0	0
TCGA-42-2591-01	0	0	0
TCGA-42-2587-01	0	0	0
TCGA-61-2614-01	0	0	0
TCGA-42-2593-01	0	0	0
TCGA-23-2645-01	0	0	0
TCGA-29-2432-01	0	0	0
TCGA-36-2545-01	0	0	0
TCGA-29-A5NZ-01	0	0	0
TCGA-3P-A9WA-01	0	0	0
TCGA-13-A5FT-01	0	0	0
TCGA-WR-A838-01	0	0	0
TCGA-OY-A56P-01	0	0	0
TCGA-5X-AA5U-01	0	0	0
TCGA-13-A5FU-01	0	0	0
TCGA-VG-A8LO-01	0	0	0
TCGA-59-A5PD-01	0	0	0
TCGA-13-0910-01	0	0	0
TCGA-24-0980-01	0	0	0
TCGA-13-0897-01	0	0	0
TCGA-10-0937-01	0	0	0
TCGA-13-0903-01	0	0	0
TCGA-13-0924-01	0	0	0
TCGA-13-0891-01	0	0	0
TCGA-13-0886-01	0	0	0
TCGA-13-0807-01	0	0	0
TCGA-10-0935-01	0	0	0
TCGA-10-0928-01	0	0	0
TCGA-13-0888-01	0	0	0
TCGA-13-0904-01	0	0	0
TCGA-13-0916-01	0	0	0
TCGA-13-0923-01	0	0	0
TCGA-10-0933-01	0	0	0
TCGA-13-0921-01	0	0	0
TCGA-13-0887-01	0	0	0
TCGA-10-0938-01	0	0	0
TCGA-10-0927-01	0	0	0
TCGA-13-0899-01	0	0	0
TCGA-13-0906-01	0	0	0
TCGA-13-0889-01	0	0	0
TCGA-13-0885-01	0	0	0
TCGA-10-0930-01	0	0	0
TCGA-13-0920-01	0	0	0
TCGA-13-0912-01	0	0	0
TCGA-13-0913-01	0	0	0
TCGA-13-0911-01	0	0	0
TCGA-30-1860-01	0	0	0
TCGA-31-1944-01	0	0	0
TCGA-24-1930-01	0	0	0
TCGA-30-1862-01	0	0	0
TCGA-30-1859-01	0	0	0
TCGA-04-1654-01	0	0	0
TCGA-57-1993-01	0	0	0
TCGA-24-1924-01	0	0	0
TCGA-31-1950-01	0	0	0
TCGA-24-1923-01	0	0	0
TCGA-31-1959-01	0	0	0
TCGA-24-2020-01	0	0	0
TCGA-30-1861-01	0	0	0
TCGA-25-1877-01	0	0	0
TCGA-24-2023-01	0	0	0
TCGA-30-1887-01	0	0	0
TCGA-25-1870-01	0	0	0
TCGA-61-1917-01	0	0	0
TCGA-30-1853-01	0	0	0
TCGA-61-1724-01	0	0	0
TCGA-24-2026-01	0	0	0
TCGA-31-1953-01	0	0	0
TCGA-10-0925-01	0	0	0
TCGA-57-1992-01	0	0	0
TCGA-30-1866-01	0	0	0
TCGA-31-1951-01	0	0	0
TCGA-24-1927-01	0	0	0
TCGA-61-1919-01	0	0	0
TCGA-24-2027-01	0	0	0
TCGA-24-2029-01	0	0	0
TCGA-31-1955-01	0	0	0
TCGA-29-1784-01	0	0	0
TCGA-30-1714-01	0	0	0
TCGA-09-1673-01	0	0	0
TCGA-29-1688-01	0	0	0
TCGA-24-1847-01	0	0	0
TCGA-29-1711-01	0	0	0
TCGA-29-1697-01	0	0	0
TCGA-29-1701-01	0	0	0
TCGA-20-1682-01	0	0	0
TCGA-29-1690-01	0	0	0
TCGA-29-1699-01	0	0	0
TCGA-29-1695-01	0	0	0
TCGA-29-1764-01	0	0	0
TCGA-20-1683-01	0	0	0
TCGA-29-1763-01	0	0	0
TCGA-30-1718-01	0	0	0
TCGA-29-1766-01	0	0	0
TCGA-57-1586-01	0	0	0
TCGA-29-1703-01	0	0	0
TCGA-29-1698-01	0	0	0
TCGA-29-1691-01	0	0	0
TCGA-29-1707-01	0	0	0
TCGA-29-1761-01	0	0	0
TCGA-09-1672-01	0	0	0
TCGA-29-1705-01	0	0	0
TCGA-09-1674-01	0	0	0
TCGA-29-1781-01	0	0	0
TCGA-29-1783-01	0	0	0
TCGA-29-1762-01	0	0	0
TCGA-23-1809-01	0	0	0
TCGA-29-1785-01	0	0	0
TCGA-29-1694-01	0	0	0
TCGA-23-1114-01	0	0	0
TCGA-09-1670-01	0	0	0
TCGA-29-1693-01	0	0	0
TCGA-24-1425-01	0	0	0
TCGA-24-1471-01	0	0	0
TCGA-24-1474-01	0	0	0
TCGA-24-1562-01	0	0	0
TCGA-24-1552-01	0	0	0
TCGA-24-1563-01	0	0	0
TCGA-24-1603-01	0	0	0
TCGA-04-1514-01	0	0	0
TCGA-24-1549-01	0	0	0
TCGA-24-1550-01	0	0	0
TCGA-04-1530-01	0	0	0
TCGA-24-1469-01	0	0	0
TCGA-24-1564-01	0	0	0
TCGA-04-1337-01	0	0	0
TCGA-24-0982-01	0	0	0
TCGA-23-1120-01	0	0	0
TCGA-04-1332-01	0	0	0
TCGA-23-1027-01	0	0	0
TCGA-23-1028-01	0	0	0
TCGA-23-1031-01	0	0	0
TCGA-23-1116-01	0	0	0
TCGA-24-0979-01	0	0	0
TCGA-23-1032-01	0	0	0
TCGA-04-1342-01	0	0	0
TCGA-23-1022-01	0	0	0
TCGA-04-1336-01	0	0	0
TCGA-24-0970-01	0	0	0
TCGA-04-1335-01	0	0	0
TCGA-24-0981-01	0	0	0
TCGA-24-1104-01	0	0	0
TCGA-23-1119-01	0	0	0
TCGA-24-0975-01	0	0	0
TCGA-23-1023-01	0	0	0
TCGA-23-1122-01	0	0	0
TCGA-20-0990-01	0	0	0
TCGA-04-1347-01	0	0	0
TCGA-04-1346-01	0	0	0
TCGA-23-1121-01	0	0	0
TCGA-23-1026-01	0	0	0
TCGA-23-1110-01	0	0	0
TCGA-23-1030-01	0	0	0
TCGA-04-1341-01	0	0	0
TCGA-04-1338-01	0	0	0
TCGA-23-1109-01	0	0	0
TCGA-23-1123-01	0	0	0
TCGA-04-1331-01	0	0	0
TCGA-23-1024-01	0	0	0
TCGA-04-1343-01	0	0	0
TCGA-23-1118-01	0	0	0
TCGA-23-1113-01	0	0	0
TCGA-23-1117-01	0	0	0
TCGA-61-2098-01	0	0	0
TCGA-09-2053-01	0	0	0
TCGA-24-2019-01	0	0	0
TCGA-61-2109-01	0	0	0
TCGA-23-2078-01	0	0	0
TCGA-61-2102-01	0	0	0
TCGA-61-2092-01	0	0	0
TCGA-24-2024-01	0	0	0
TCGA-61-1995-01	0	0	0
TCGA-61-2088-01	0	0	0
TCGA-61-1734-01	0	0	0
TCGA-23-2072-01	0	0	0
TCGA-61-2096-01	0	0	0
TCGA-09-2054-01	0	0	0
TCGA-61-2008-02	0	0	0
TCGA-61-1998-01	0	0	0
TCGA-61-2113-01	0	0	0
TCGA-61-2110-01	0	0	0
TCGA-61-2000-01	0	0	0
TCGA-61-2094-01	0	0	0
TCGA-24-2261-01	0	0	0
TCGA-61-2003-01	0	0	0
TCGA-61-2008-01	0	0	0
TCGA-61-1736-01	0	0	0
TCGA-61-2097-01	0	0	0
TCGA-61-2016-01	0	0	0
TCGA-61-2087-01	0	0	0
TCGA-24-2030-01	0	0	0
X103	0	0	0
X1097	0.00234703196623939	9.6700339391148e-05	0.00244373230563054
X1172	0.297358444204302	9.6700339391148e-05	0.297567906973356
X1196	0.296768801592448	9.50613505879082e-05	0.297567906973356
X119	0	0	0
X120	0.292033574456176	9.50613505879082e-05	0.297567906973356
X1230	0	0	0
X1265	0.297315527282489	0.000140953037078622	0.297567906973356
X1269	4.91696640971939e-05	9.6700339391148e-05	0.000145870003488342
X1283	0.234081577340534	9.6700339391148e-05	0.240459325300917
X1419	0.297007069589719	9.6700339391148e-05	0.297567906973356
X1471	0.179344317448399	9.6700339391148e-05	0.18509592251628
X1499	0	0	0
X1530	0	0	0
X1548	0.1281427005925	9.50613505879082e-05	0.133335017121164
X1582	0.116301186777861	9.5880844989528e-05	0.117263092916594
X1593	0	0	0
X1605	0	0	0
X1652	0	0	0
X1928	0.297411588416247	9.6700339391148e-05	0.297567906973356
X2212	0	0	0
X2316	0	0	0
X2374	0	0	0
X2556	0	0	0
X2700	0	0	0
X2704	0	0	0
X2716	0	0	0
X2763	0.00124071452405253	0.00301328091475636	0.00425399543880889
X2816	0	0	0
X2890	0.270066822147154	9.6700339391148e-05	0.275531800853125
X2949	0.000292559501378304	9.6700339391148e-05	0.000389259840769451
X2991	0	0	0
X2998	0	0	0
X300	0.0213978183206972	9.6700339391148e-05	0.0214945186600883
X301	0	0	0
X3059	0	0	0
X3107	0	0	0
X3144	0	0	0
X3225	0.286325673024733	9.6700339391148e-05	0.297567906973356
X3297	0	0	0
X3349	0	0	0
X356	0	0	0
X451	0.0913334705549392	9.6700339391148e-05	0.0914301708943304
X603	0	0	0
X655	0.0206545368984279	9.5880844989528e-05	0.0207504177434174
X860	0.102874647866329	9.50613505879082e-05	0.103000030509777
X88	0	0	0
X93	0.000145870003488342	9.6700339391148e-05	0.00024257034287949
X970	0.0879742810532591	9.6700339391148e-05	0.0880709813926503
OVCA10-02	0	0	0
OVCA100	0	0	0
OVCA104	0.297382938891966	0.000183566745962857	0.297567906973356
OVCA105	0	0	0
OVCA106	0	0	0
OVCA108	0	0	0
OVCA109	0	0	0
OVCA11	0.00209053021853236	0.000182747251561237	0.0022732774700936
OVCA115	0	0	0
OVCA116	0	0	0
OVCA117	0	0	0
OVCA118	0.297384340227393	0.000183566745962857	0.297567906973356
OVCA121	0.296683246376919	0.000182747251561237	0.297567906973356
OVCA122	0	0	0
OVCA123	0	0	0
OVCA125	0	0	0
OVCA126	0.194900509241197	0.000183566745962857	0.297567906973356
OVCA127	0	0	0
OVCA128	0.261037657414938	0.000184386240364477	0.297567906973356
OVCA129	0	0	0
OVCA13	0.246542432244141	0.000182747251561237	0.246745666855743
OVCA131	0.297358116406541	0.000186025229167717	0.297567906973356
OVCA132	0.222943779758454	0.000184386240364477	0.297567906973356
OVCA133	0.297367188209567	0.000183566745962857	0.297567906973356
OVCA134	0	0	0
OVCA136	0.17175870029958	0.000183566745962857	0.249290319896933
OVCA137	0.194438609416668	0.000184386240364477	0.256984634783183
OVCA138	0.146284356247689	0.000184386240364477	0.207663667434618
OVCA139	0	0	0
OVCA14	0	0	0
OVCA140	0.0796982890407399	0.000182747251561237	0.0798810362923012
OVCA142	0	0	0
OVCA144	0.0142157693849004	0.000184386240364477	0.0144001556252648
OVCA145	0.0186189128048041	0.000184386240364477	0.0188032990451686
OVCA147	0	0	0
OVCA148	0.065054743578194	0.000184386240364477	0.0652391298185585
OVCA149	0	0	0
OVCA15	0	0	0
OVCA150	0.214523622290802	0.000184386240364477	0.297567906973356
OVCA151	0.11666895947542	0.000184386240364477	0.116853345715784
OVCA153	0	0	0
OVCA154	0.22492990639022	0.000183566745962857	0.279878645007637
OVCA155	0.240973148290733	0.000184386240364477	0.296829067210743
OVCA156	0	0	0
OVCA158	0.255669141394982	0.000182747251561237	0.255851888646543
OVCA159	0.150230189011713	0.000182747251561237	0.150412936263274
OVCA16-02	0	0	0
OVCA161	0.113366749419485	0.000182747251561237	0.113749100922448
OVCA162	0.0560886553300707	0.000183566745962857	0.0562722220760335
OVCA164	0.112822703476137	0.000184386240364477	0.113007089716502
OVCA165	0.297384340227393	0.000183566745962857	0.297567906973356
OVCA166	0.0373279699937863	0.000182747251561237	0.0375107172453476
OVCA168	0.0318898051446367	0.000183566745962857	0.0320733718905996
OVCA169	0	0	0
OVCA17	0	0	0
OVCA171	0.0285069322547498	0.000182747251561237	0.028689679506311
OVCA172	0.24235809382947	0.000183566745962857	0.242541660575433
OVCA173	0.284979522350968	0.000186844723569337	0.297567906973356
OVCA174	0.297383520732991	0.000184386240364477	0.297567906973356
OVCA176	0	0	0
OVCA177	0.135378024859346	0.000184386240364477	0.207268990735853
OVCA178	0.297326156124878	0.000184386240364477	0.297567906973356
OVCA179	0.297385159721794	0.000182747251561237	0.297567906973356
OVCA18	0	0	0
OVCA180	0.108924622650896	0.000182747251561237	0.131939418155205
OVCA181	0	0	0
OVCA182	0.172260181703707	0.000182747251561237	0.172442928955269
OVCA183	0.297384340227393	0.000183566745962857	0.297567906973356
OVCA184	0	0	0
OVCA185	0.0211724573602517	0.000184386240364477	0.0213568436006162
OVCA186	0.162446277327444	0.000182747251561237	0.277951194175027
OVCA189	0.187385671823846	0.000183566745962857	0.189404906029437
OVCA19	0	0	0
OVCA190	0.297354018934533	0.000183566745962857	0.297567906973356
OVCA191	0.000585119002756607	0.000183566745962857	0.000768685748719464
OVCA193	0.297089838524283	0.000183566745962857	0.297567906973356
OVCA194	0.121645781756234	0.000183566745962857	0.296826608727538
OVCA195	0.0158449242553207	0.000182747251561237	0.016027671506882
OVCA196	0	0	0
OVCA197	0	0	0
OVCA198	0	0	0
OVCA199	0.133913457244547	0.000184386240364477	0.191958303075893
OVCA2	0	0	0
OVCA20-02	0	0	0
OVCA200	0.29678973967441	0.000183566745962857	0.297567906973356
OVCA201	0	0	0
OVCA202	0.281338164536922	0.000182747251561237	0.296343926524984
OVCA203	0.27795462785657	0.000182747251561237	0.295935818312977
OVCA204	0.236320091858111	0.000184386240364477	0.248638551414493
OVCA205	0	0	0
OVCA206	0	0	0
OVCA207	0	0	0
OVCA208	0.220986343625689	0.000184386240364477	0.279922078210923
OVCA209	0	0	0
OVCA210	0	0	0
OVCA211	0	0	0
OVCA212	0.0165292020806733	0.000183566745962857	0.0167127688266362
OVCA213	0.0136642496526102	0.00293051198019275	0.0165947616328029
OVCA214	0	0	0
OVCA215	0.265527273884101	0.00373935295459159	0.275627927546435
OVCA216	0.28619874973181	0.000184386240364477	0.297567906973356
OVCA217	0	0	0
OVCA218	0.24101248402201	0.000183566745962857	0.241196050767973
OVCA219	0.296642222487174	0.000184386240364477	0.296826608727538
OVCA22	0	0	0
OVCA221	0	0	0
OVCA222	0.0958092293737705	0.000183566745962857	0.0959927961197333
OVCA223	0	0	0
OVCA224	0.228199615298187	0.000183566745962857	0.297567906973356
OVCA225	0	0	0
OVCA226	0	0	0
OVCA227	0.0804089873656008	0.000182747251561237	0.106296192697028
OVCA228	0.16146559657197	0.000182747251561237	0.235930799237565
OVCA229	0.0636304623081786	0.000182747251561237	0.0638132095597398
OVCA230	0.19069510162546	0.000184386240364477	0.220749329454852
OVCA231	0.296778733864596	0.000184386240364477	0.297567906973356
OVCA233	0	0	0
OVCA234	0	0	0
OVCA235	0	0	0
OVCA236	0.237557356310733	0.000184386240364477	0.265954615629714
OVCA237	0.0468972061215019	0.000182747251561237	0.0470799533730631
OVCA239	0.297384340227393	0.000183566745962857	0.297567906973356
OVCA24	0.0417343913912965	0.000182747251561237	0.0419171386428578
OVCA240	0.16201707532954	0.000184386240364477	0.289510818305397
OVCA241	0.288708926643524	0.000184386240364477	0.294051948192646
OVCA242	0.292024732111582	0.000182747251561237	0.296343926524984
OVCA243	0.295338062706548	0.000182747251561237	0.297567906973356
OVCA244	0	0	0
OVCA245R	0	0	0
OVCA246	0.238055256524325	0.000184386240364477	0.241196870262375
OVCA247	0.220574621443371	0.000183566745962857	0.261690269976612
OVCA248	0	0	0
OVCA249	0.143917213888834	0.000184386240364477	0.201772633589245
OVCA250	0.21938057712549	0.000184386240364477	0.297567906973356
OVCA252	0.0962256964286737	0.000182747251561237	0.096411000502768
OVCA253	0	0	0
OVCA254	0	0	0
OVCA255	0	0	0
OVCA256	0.00381228795633577	0.000182747251561237	0.003995035207897
OVCA257	0.290495260540175	0.000182747251561237	0.297567906973356
OVCA259	0	0	0
OVCA26-02	0	0	0
OVCA260	0	0	0
OVCA261	0	0	0
OVCA262	0	0	0
OVCA263	0	0	0
OVCA264	0	0	0
OVCA265	0.2938406251713	0.000183566745962857	0.295936637807379
OVCA266	0.261558060944799	0.000184386240364477	0.264450327121268
OVCA267	0.0163415378627024	0.000182747251561237	0.0165242851142636
OVCA268	0	0	0
OVCA269R	0	0	0
OVCA27	0	0	0
OVCA270R	0.0158441047609191	0.000182747251561237	0.0160268520124803
OVCA272	0.294498277623544	0.000183566745962857	0.297567906973356
OVCA273	0	0	0
OVCA274	0	0	0
OVCA275	0	0	0
OVCA276	0.000199137139593635	0.000184386240364477	0.000383523379958112
OVCA277	0	0	0
OVCA278	0.277143516882679	0.000184386240364477	0.280262987881997
OVCA279	0.270954760721197	0.000184386240364477	0.276418739643998
OVCA28-02	0.289745062585156	0.000183566745962857	0.297567906973356
OVCA280	0.29738270123859	0.000182747251561237	0.297567906973356
OVCA281	0.258050821584522	0.000182747251561237	0.276073117880115
OVCA282	0	0	0
OVCA285	0.21060829930335	0.000184386240364477	0.226715125774485
OVCA286	0	0	0
OVCA288	0.296977871004189	0.000183566745962857	0.297567906973356
OVCA289	0.261064323762767	0.000184386240364477	0.297567906973356
OVCA291	0.273101663959617	0.0025863243315124	0.295937457301781
OVCA292	0.272613130567035	0.000182747251561237	0.295936637807379
OVCA293	0.268764989730629	0.000182747251561237	0.283320521494441
OVCA294	0.292020888682839	0.000183566745962857	0.295935818312977
OVCA295	0	0	0
OVCA296	0	0	0
OVCA297	0.291126508882799	0.000183566745962857	0.296343926524984
OVCA298	0.293808033878947	0.000184386240364477	0.296343926524984
OVCA299	0	0	0
OVCA30	0.000199956633995255	0.000184386240364477	0.000384342874359732
OVCA300	0	0	0
OVCA301	0.244072787525532	0.000182747251561237	0.247284074677607
OVCA302	0	0	0
OVCA303	0.267607511252949	0.000183566745962857	0.279930273154939
OVCA304	0	0	0
OVCA305	0.292874867408879	0.000184386240364477	0.296344746019386
OVCA306	0.281623299419022	0.000183566745962857	0.295936637807379
OVCA308	0.244327912522644	0.000182747251561237	0.248598986224783
OVCA309	0.245646618328899	0.000183566745962857	0.276072093512113
OVCA31	0	0	0
OVCA310	0	0	0
OVCA311	0.288154178103292	0.000184386240364477	0.295936637807379
OVCA312	0.260722586402347	0.000184386240364477	0.297567906973356
OVCA313	0	0	0
OVCA314	0	0	0
OVCA315	0	0	0
OVCA316	0	0	0
OVCA317	0.0163415378627024	0.000182747251561237	0.0165242851142636
OVCA318	0.241582630862049	0.000183566745962857	0.247296473627904
OVCA319	0.287556373327198	0.000183566745962857	0.297567906973356
OVCA32	0.255885643620946	0.000183566745962857	0.285484806209119
OVCA321	0.235301222663521	0.000182747251561237	0.262416038803519
OVCA322	0	0	0
OVCA324	0	0	0
OVCA325	0.258210385339462	0.000182747251561237	0.267371521450114
OVCA326	0.296161998767825	0.000182747251561237	0.296344746019386
OVCA328	0	0	0
OVCA329	0	0	0
OVCA330	0	0	0
OVCA331	0.209301615479967	0.000182747251561237	0.209728350799723
OVCA334	0.293868250327579	0.000184386240364477	0.297567906973356
OVCA335	0	0	0
OVCA336	0	0	0
OVCA337	0.297385159721794	0.000182747251561237	0.297567906973356
OVCA338	0.261590463753439	0.000183566745962857	0.297567906973356
OVCA339	0	0	0
OVCA34	0	0	0
OVCA340	0.289377109598829	0.000183566745962857	0.295935818312977
OVCA341	0.230195231675124	0.000184386240364477	0.24828221885878
OVCA342	0	0	0
OVCA343	0	0	0
OVCA344	0.181593526367917	0.000182747251561237	0.280262987881997
OVCA345	0.28452515367999	0.000183566745962857	0.296341468041779
OVCA346	0.135360028762287	0.00328863103370065	0.248465785604743
OVCA347	0	0	0
OVCA348	0.273368204513744	0.000182747251561237	0.279930273154939
OVCA349	0	0	0
OVCA35	0	0	0
OVCA350	0.000210610061216314	0.000184386240364477	0.000394996301580791
OVCA351	0	0	0
OVCA352	0.266932149526686	0.000183566745962857	0.29274470711307
OVCA353	0	0	0
OVCA354	0	0	0
OVCA355	0.0150295273257089	0.000184386240364477	0.0152139135660734
OVCA357	0	0	0
OVCA358	0.190077555229231	0.000183566745962857	0.209567664337453
OVCA359	0.221120560418786	0.000184386240364477	0.233946786901356
OVCA36	0	0	0
OVCA360	0.156301945957475	0.000184386240364477	0.209667642654451
OVCA361	0	0	0
OVCA363	0.200131677999441	0.000183566745962857	0.252915640205539
OVCA364	0	0	0
OVCA365	0	0	0
OVCA366	0.214173526087486	0.000182747251561237	0.296343107030583
OVCA367	0	0	0
OVCA368	0	0	0
OVCA369	0.284411309517717	0.000183566745962857	0.294051948192646
OVCA37	0	0	0
OVCA371	0	0	0
OVCA372	0	0	0
OVCA373	0	0	0
OVCA375	0.277566482528187	0.000182747251561237	0.296344746019386
OVCA376	0.275978802269432	0.000183566745962857	0.297567906973356
OVCA377	0	0	0
OVCA378	0	0	0
OVCA379	0.171550499551905	0.000183566745962857	0.171734066297867
OVCA38	0.00103092395723783	0.000184386240364477	0.00121531019760231
OVCA380	0	0	0
OVCA383	0.00924963331108379	0.000184386240364477	0.00943401955144826
OVCA384	0.289023464984754	0.000184386240364477	0.297567906973356
OVCA385	0	0	0
OVCA386	0.290345604472551	0.000182747251561237	0.297567906973356
OVCA387	0.276016236773698	0.000183566745962857	0.278939504423381
OVCA388	0	0	0
OVCA389	0	0	0
OVCA39	0	0	0
OVCA390	0	0	0
OVCA391	0	0	0
OVCA392	0	0	0
OVCA394	0	0	0
OVCA395	0	0	0
OVCA396	0	0	0
OVCA397	0	0	0
OVCA398	0	0	0
OVCA399	0.270389506262736	0.000183566745962857	0.280262987881997
OVCA4	0	0	0
OVCA400	0	0	0
OVCA401	0	0	0
OVCA402	0	0	0
OVCA403	0.280110889721056	0.000182747251561237	0.296826608727538
OVCA405	0	0	0
OVCA406	0	0	0
OVCA407	0.0163415378627024	0.000182747251561237	0.0165242851142636
OVCA408	0	0	0
OVCA409	0	0	0
OVCA41	0	0	0
OVCA410	0.292194047849901	0.000183566745962857	0.297567906973356
OVCA411	0.236947914714136	0.000183566745962857	0.248283857847584
OVCA412	0.231473184024786	0.000182747251561237	0.276747356899048
OVCA414	0	0	0
OVCA415	0.260939572130008	0.000182747251561237	0.261145002986606
OVCA416	0.164929296194688	0.000182747251561237	0.249164814329325
OVCA417	0	0	0
OVCA418	0	0	0
OVCA419	0.27647936583983	0.000182747251561237	0.297567906973356
OVCA42	0	0	0
OVCA420	0	0	0
OVCA421	0	0	0
OVCA422	0	0	0
OVCA423	0	0	0
OVCA424	0	0	0
OVCA425	0.276780054725672	0.000182747251561237	0.280260750662281
OVCA426	0	0	0
OVCA427	0	0	0
OVCA44	0	0	0
OVCA46	0	0	0
OVCA48	0.0217944536110812	0.000184386240364477	0.0219788398514457
OVCA5	0.24400112274011	0.000184386240364477	0.297567906973356
OVCA52	0.297384340227393	0.000183566745962857	0.297567906973356
OVCA57	0	0	0
OVCA58	0	0	0
OVCA59	0	0	0
OVCA60	0.0909441697394497	0.000184386240364477	0.0911285559798142
OVCA62	0	0	0
OVCA63	0	0	0
OVCA65	0	0	0
OVCA67	0.297384340227393	0.000183566745962857	0.297567906973356
OVCA68	0	0	0
OVCA69	0	0	0
OVCA70	0	0	0
OVCA71	0	0	0
OVCA73	0	0	0
OVCA74	0	0	0
OVCA76	0.280040798364886	0.000184386240364477	0.28022518460525
OVCA78	0	0	0
OVCA79	0.297383520732991	0.000184386240364477	0.297567906973356
OVCA8	0.297330614174423	0.000184386240364477	0.297567906973356
OVCA80	0	0	0
OVCA81	0.0334476640021161	0.000182747251561237	0.0336304112536774
OVCA84	0	0	0
OVCA85	0	0	0
OVCA87	0.020484082062891	0.000184386240364477	0.0206684683032554
OVCA88	0	0	0
OVCA89	0.297376145283377	0.000183566745962857	0.297567906973356
OVCA9	0	0	0
OVCA91	0.297383520732991	0.000184386240364477	0.297567906973356
OVCA93	0.297360574889746	0.000186844723569337	0.297567906973356
OVCA94	0.297383520732991	0.000184386240364477	0.297567906973356
OVCA95	0	0	0
OVCA97	0	0	0
GSM692776_JB0175	0.0557100325266342	0.00104846933237651	0.0567585018590108
GSM692781_JB0715	0	0	0
GSM692785_JB0721	0	0	0
