Sample	Percent	Start	End
P-0000067-T02-IM5	0	0	0
P-0000148-T01-IM3	0	0	0
P-0000199-T01-IM3	0	0	0
P-0000236-T01-IM3	0	0	0
P-0000269-T01-IM3	0	0	0
P-0000334-T01-IM3	0	0	0
P-0000366-T01-IM3	0	0	0
P-0000403-T01-IM3	0	0	0
P-0000633-T01-IM3	0	0	0
P-0000666-T01-IM3	0	0	0
P-0000667-T01-IM3	0	0	0
P-0001080-T01-IM3	0	0	0
P-0001140-T01-IM3	0	0	0
P-0001285-T01-IM3	0	0	0
P-0001561-T01-IM3	0	0	0
P-0001796-T01-IM3	0	0	0
P-0001907-T01-IM3	0	0	0
P-0001911-T01-IM3	0	0	0
P-0002010-T02-IM5	0	0	0
P-0002116-T01-IM3	0	0	0
P-0002205-T01-IM3	0	0	0
P-0002242-T02-IM3	0	0	0
P-0002302-T01-IM3	0	0	0
P-0002497-T01-IM3	0	0	0
P-0002587-T01-IM3	0	0	0
P-0002771-T01-IM3	0	0	0
P-0003050-T01-IM5	0	0	0
P-0003191-T01-IM5	0	0	0
P-0003631-T01-IM5	0	0	0
P-0003748-T01-IM5	0	0	0
P-0003810-T01-IM5	0	0	0
P-0003813-T01-IM5	0	0	0
P-0003818-T01-IM5	0	0	0
P-0003829-T01-IM5	0	0	0
P-0003889-T01-IM5	0	0	0
P-0004340-T01-IM5	0	0	0
P-0004360-T01-IM5	0	0	0
P-0004821-T01-IM5	0	0	0
P-0004822-T01-IM5	0	0	0
P-0005946-T01-IM5	0	0	0
P-0006217-T01-IM5	0	0	0
P-0006340-T01-IM5	0	0	0
P-0006656-T01-IM5	0	0	0
P-0006892-T01-IM5	0	0	0
P-0007003-T01-IM5	0	0	0
P-0007064-T01-IM5	0	0	0
P-0007297-T01-IM5	0	0	0
P-0007535-T01-IM5	0	0	0
P-0008052-T01-IM5	0	0	0
P-0009372-T01-IM5	0	0	0
P-0009394-T02-IM6	0	0	0
P-0009524-T01-IM5	0	0	0
P-0009750-T01-IM5	0	0	0
P-0009840-T01-IM5	0	0	0
P-0010011-T01-IM5	0	0	0
P-0010225-T01-IM5	0	0	0
P-0010357-T01-IM5	0	0	0
P-0010510-T01-IM5	0	0	0
P-0010536-T01-IM5	0	0	0
P-0010594-T01-IM5	0	0	0
P-0010598-T01-IM5	0	0	0
P-0010690-T01-IM5	0	0	0
P-0012367-T01-IM5	0	0	0
P-0012808-T01-IM5	0	0	0
P-0013054-T01-IM5	0	0	0
P-0013101-T01-IM5	0	0	0
P-0013279-T01-IM5	0	0	0
P-0013630-T01-IM5	0	0	0
P-0013898-T01-IM5	0	0	0
P-0014409-T02-IM6	0	0	0
P-0014561-T01-IM6	0	0	0
P-0014631-T01-IM6	0	0	0
P-0014697-T01-IM6	0	0	0
P-0014861-T01-IM6	0	0	0
P-0015076-T01-IM6	0	0	0
P-0015457-T01-IM6	0	0	0
P-0015651-T03-IM6	0	0	0
P-0016322-T01-IM6	0	0	0
P-0016553-T01-IM6	0	0	0
P-0017327-T01-IM6	0	0	0
P-0017516-T01-IM6	0	0	0
P-0017563-T01-IM5	0	0	0
P-0018024-T01-IM6	0	0	0
P-0018026-T01-IM6	0	0	0
P-0018381-T01-IM6	0	0	0
P-0018612-T01-IM6	0	0	0
P-0018647-T01-IM6	0	0	0
P-0018755-T01-IM6	0	0	0
P-0018944-T01-IM6	0	0	0
P-0018996-T01-IM6	0	0	0
P-0019373-T01-IM6	0	0	0
P-0019423-T01-IM6	0	0	0
P-0019454-T01-IM6	0	0	0
P-0019841-T01-IM6	0	0	0
P-0019934-T01-IM6	0	0	0
P-0019940-T01-IM6	0	0	0
P-0019953-T01-IM6	0	0	0
P-0019991-T01-IM6	0	0	0
P-0020012-T01-IM6	0	0	0
P-0020058-T01-IM6	0	0	0
P-0020067-T01-IM6	0	0	0
P-0020298-T01-IM6	0	0	0
P-0020315-T01-IM6	0	0	0
P-0020323-T01-IM6	0	0	0
P-0020385-T01-IM6	0	0	0
P-0020434-T01-IM6	0	0	0
P-0020525-T01-IM6	0	0	0
P-0020549-T01-IM6	0	0	0
P-0020682-T01-IM6	0	0	0
P-0020687-T01-IM6	0	0	0
P-0020688-T01-IM6	0	0	0
P-0020698-T01-IM6	0	0	0
P-0020767-T01-IM6	0	0	0
P-0020831-T01-IM6	0	0	0
P-0021045-T02-IM6	0	0	0
P-0021272-T01-IM6	0	0	0
P-0021499-T01-IM6	0	0	0
P-0021534-T01-IM6	0	0	0
P-0021602-T01-IM6	0	0	0
P-0021649-T01-IM6	0	0	0
P-0021759-T01-IM6	0	0	0
P-0021891-T01-IM6	0	0	0
P-0021912-T01-IM6	0	0	0
P-0021920-T01-IM6	0	0	0
P-0021924-T01-IM6	0	0	0
P-0021932-T02-IM6	0	0	0
P-0022003-T01-IM6	0	0	0
P-0022016-T01-IM6	0	0	0
P-0022046-T01-IM6	0	0	0
P-0022059-T01-IM6	0	0	0
P-0022098-T01-IM6	0	0	0
P-0022130-T01-IM6	0	0	0
P-0022358-T01-IM6	0	0	0
P-0022522-T01-IM6	0	0	0
P-0022610-T01-IM6	0	0	0
P-0023069-T01-IM6	0	0	0
P-0023091-T01-IM6	0	0	0
P-0023372-T01-IM6	0	0	0
P-0023632-T01-IM6	0	0	0
P-0023661-T01-IM6	0	0	0
P-0023747-T01-IM6	0	0	0
P-0023834-T01-IM6	0	0	0
P-0023856-T01-IM6	0	0	0
P-0023920-T01-IM6	0	0	0
P-0023995-T01-IM6	0	0	0
P-0023996-T01-IM6	0	0	0
P-0024019-T01-IM6	0	0	0
P-0024048-T01-IM6	0	0	0
P-0024118-T01-IM6	0	0	0
P-0024181-T01-IM6	0	0	0
P-0024405-T01-IM6	0	0	0
P-0024444-T01-IM6	0	0	0
P-0024448-T01-IM6	0	0	0
P-0024740-T01-IM6	0	0	0
P-0024926-T01-IM6	0	0	0
P-0024935-T01-IM6	0	0	0
P-0025000-T01-IM6	0	0	0
P-0025144-T01-IM6	0	0	0
P-0025149-T01-IM6	0	0	0
P-0025198-T01-IM6	0	0	0
P-0025279-T01-IM6	0	0	0
P-0025454-T01-IM6	0	0	0
P-0025545-T01-IM6	0	0	0
P-0025645-T01-IM6	0	0	0
P-0025802-T02-IM6	0	0	0
P-0025859-T01-IM6	0	0	0
P-0026490-T01-IM6	0	0	0
P-0026493-T01-IM6	0	0	0
P-0026495-T01-IM6	0	0	0
P-0026514-T01-IM6	0	0	0
P-0026533-T01-IM6	0	0	0
P-0026539-T01-IM6	0	0	0
P-0026707-T01-IM6	0	0	0
P-0026882-T01-IM6	0	0	0
P-0026969-T01-IM6	0	0	0
P-0027019-T01-IM6	0	0	0
P-0027108-T01-IM6	0	0	0
P-0027163-T01-IM6	0	0	0
P-0027714-T01-IM6	0	0	0
P-0027886-T01-IM6	0	0	0
P-0027958-T01-IM6	0	0	0
P-0027978-T01-IM6	0	0	0
P-0028308-T01-IM6	0	0	0
P-0028326-T01-IM6	0	0	0
P-0028328-T01-IM6	0	0	0
P-0028329-T01-IM6	0	0	0
P-0028702-T01-IM6	0	0	0
P-0028704-T01-IM6	0	0	0
P-0028778-T01-IM6	0	0	0
P-0029084-T01-IM6	0	0	0
P-0029223-T01-IM6	0	0	0
P-0029267-T03-IM6	0	0	0
P-0029393-T01-IM6	0	0	0
P-0029461-T01-IM6	0	0	0
P-0029474-T01-IM6	0	0	0
P-0029537-T01-IM6	0	0	0
P-0029643-T01-IM6	0	0	0
P-0029768-T01-IM6	0	0	0
P-0030026-T01-IM6	0	0	0
P-0030123-T01-IM6	0	0	0
P-0030346-T01-IM6	0	0	0
P-0030380-T01-IM6	0	0	0
P-0030411-T01-IM6	0	0	0
P-0030503-T01-IM6	0	0	0
P-0030505-T01-IM6	0	0	0
P-0030697-T01-IM6	0	0	0
P-0030779-T01-IM6	0	0	0
P-0030836-T01-IM6	0	0	0
P-0030874-T01-IM6	0	0	0
P-0030962-T01-IM6	0	0	0
P-0031150-T01-IM6	0	0	0
P-0031382-T01-IM6	0	0	0
P-0031395-T01-IM6	0	0	0
P-0031648-T01-IM6	0	0	0
P-0031687-T01-IM6	0	0	0
P-0032093-T01-IM6	0	0	0
P-0032339-T01-IM6	0	0	0
P-0033217-T01-IM6	0	0	0
P-0033345-T01-IM6	0	0	0
P-0033548-T01-IM6	0	0	0
P-0033555-T01-IM6	0	0	0
P-0033693-T01-IM6	0	0	0
P-0033715-T01-IM6	0	0	0
P-0033726-T01-IM6	0	0	0
P-0033783-T01-IM6	0	0	0
P-0033787-T01-IM6	0	0	0
P-0034011-T01-IM6	0	0	0
P-0034250-T01-IM6	0	0	0
P-0034418-T01-IM6	0	0	0
P-0034814-T01-IM6	0	0	0
P-0035082-T01-IM6	0	0	0
P-0035120-T01-IM6	0	0	0
P-0035378-T01-IM6	0	0	0
P-0036063-T01-IM6	0	0	0
P-0036236-T01-IM6	0	0	0
P-0036409-T01-IM6	0	0	0
P-0036488-T01-IM6	0	0	0
P-0036515-T01-IM6	0	0	0
P-0036627-T01-IM6	0	0	0
P-0036717-T01-IM6	0	0	0
P-0036766-T01-IM6	0	0	0
P-0036814-T01-IM6	0	0	0
P-0036869-T01-IM6	0	0	0
P-0036872-T01-IM6	0	0	0
P-0036886-T01-IM6	0	0	0
P-0036895-T01-IM6	0	0	0
P-0036961-T01-IM6	0	0	0
P-0036963-T01-IM6	0	0	0
P-0036971-T01-IM6	0	0	0
P-0037025-T01-IM6	0	0	0
P-0037049-T01-IM6	0	0	0
P-0037070-T01-IM6	0	0	0
P-0037128-T01-IM6	0	0	0
P-0037160-T01-IM6	0	0	0
P-0037167-T01-IM6	0	0	0
P-0037342-T01-IM6	0	0	0
P-0037425-T01-IM6	0	0	0
P-0037460-T01-IM6	0	0	0
P-0037553-T01-IM6	0	0	0
P-0037702-T01-IM6	0	0	0
P-0037794-T01-IM6	0	0	0
P-0037810-T01-IM6	0	0	0
P-0037891-T01-IM6	0	0	0
P-0037909-T01-IM6	0	0	0
P-0038069-T01-IM6	0	0	0
P-0038093-T01-IM6	0	0	0
P-0038097-T01-IM6	0	0	0
P-0038154-T01-IM6	0	0	0
P-0038238-T01-IM6	0	0	0
P-0038295-T01-IM6	0	0	0
P-0038427-T01-IM6	0	0	0
P-0038481-T01-IM6	0	0	0
P-0038483-T01-IM6	0	0	0
P-0038534-T01-IM6	0	0	0
P-0038554-T01-IM6	0	0	0
P-0038649-T01-IM6	0	0	0
P-0038744-T01-IM6	0	0	0
P-0038779-T01-IM6	0	0	0
P-0038809-T01-IM6	0	0	0
P-0038970-T01-IM6	0	0	0
P-0038997-T01-IM6	0	0	0
P-0039012-T01-IM6	0	0	0
P-0039070-T01-IM6	0	0	0
P-0039120-T01-IM6	0	0	0
P-0039224-T01-IM6	0	0	0
P-0039227-T01-IM6	0	0	0
P-0039241-T01-IM6	0	0	0
P-0039289-T01-IM6	0	0	0
P-0039297-T01-IM6	0	0	0
P-0039301-T01-IM6	0	0	0
P-0039377-T01-IM6	0	0	0
P-0039468-T01-IM6	0	0	0
P-0039500-T01-IM6	0	0	0
P-0039563-T01-IM6	0	0	0
P-0039605-T01-IM6	0	0	0
P-0039615-T01-IM6	0	0	0
P-0039782-T01-IM6	0	0	0
P-0039799-T01-IM6	0	0	0
P-0039804-T01-IM6	0	0	0
P-0039810-T01-IM6	0	0	0
P-0039814-T01-IM6	0	0	0
P-0039932-T01-IM6	0	0	0
P-0039993-T01-IM6	0	0	0
P-0040043-T01-IM6	0	0	0
P-0040118-T01-IM6	0	0	0
P-0040143-T01-IM6	0	0	0
P-0040212-T01-IM6	0	0	0
P-0040343-T01-IM6	0	0	0
P-0040386-T01-IM6	0	0	0
P-0040410-T01-IM6	0	0	0
P-0040518-T01-IM6	0	0	0
P-0040521-T01-IM6	0	0	0
P-0040523-T01-IM6	0	0	0
P-0040555-T02-IM6	0	0	0
P-0040605-T01-IM6	0	0	0
P-0040702-T01-IM6	0	0	0
P-0040748-T01-IM6	0	0	0
P-0040812-T01-IM6	0	0	0
P-0040860-T01-IM6	0	0	0
P-0040931-T01-IM6	0	0	0
P-0041163-T01-IM6	0	0	0
P-0041176-T01-IM6	0	0	0
P-0041225-T01-IM6	0	0	0
P-0041269-T01-IM6	0	0	0
P-0041289-T01-IM6	0	0	0
P-0041338-T01-IM6	0	0	0
P-0041387-T01-IM6	0	0	0
P-0041413-T01-IM6	0	0	0
P-0041454-T01-IM6	0	0	0
P-0041464-T01-IM6	0	0	0
P-0041468-T01-IM6	0	0	0
P-0041541-T01-IM6	0	0	0
P-0041614-T01-IM6	0	0	0
P-0041702-T01-IM6	0	0	0
P-0041836-T01-IM6	0	0	0
P-0041837-T01-IM6	0	0	0
P-0041952-T01-IM6	0	0	0
P-0041958-T01-IM6	0	0	0
P-0041985-T01-IM6	0	0	0
P-0042216-T01-IM6	0	0	0
P-0042351-T01-IM6	0	0	0
P-0042422-T01-IM6	0	0	0
P-0042500-T01-IM6	0	0	0
P-0042511-T01-IM6	0	0	0
P-0042638-T01-IM6	0	0	0
P-0042701-T02-IM6	0	0	0
P-0042788-T01-IM6	0	0	0
P-0042831-T01-IM6	0	0	0
P-0042935-T01-IM6	0	0	0
P-0043037-T01-IM6	0	0	0
P-0043571-T01-IM6	0	0	0
P-0043587-T01-IM6	0	0	0
P-0043633-T01-IM6	0	0	0
P-0043634-T01-IM6	0	0	0
P-0043955-T01-IM6	0	0	0
P-0044065-T01-IM6	0	0	0
P-0044136-T01-IM6	0	0	0
P-0044224-T01-IM6	0	0	0
P-0044338-T01-IM6	0	0	0
P-0044344-T01-IM6	0	0	0
P-0044345-T01-IM6	0	0	0
P-0044349-T01-IM6	0	0	0
P-0044451-T01-IM6	0	0	0
P-0044555-T01-IM6	0	0	0
P-0044700-T01-IM6	0	0	0
P-0045031-T01-IM6	0	0	0
P-0045473-T01-IM6	0	0	0
P-0045494-T01-IM6	0	0	0
P-0045545-T01-IM6	0	0	0
P-0045578-T01-IM6	0	0	0
P-0045623-T01-IM6	0	0	0
P-0045890-T01-IM6	0	0	0
P-0045902-T01-IM6	0	0	0
P-0046249-T01-IM6	0	0	0
P-0046401-T01-IM6	0	0	0
P-0046480-T01-IM6	0	0	0
P-0046489-T01-IM6	0	0	0
P-0046496-T01-IM6	0	0	0
P-0046676-T01-IM6	0	0	0
P-0046745-T01-IM6	0	0	0
P-0046802-T01-IM6	0	0	0
P-0046884-T01-IM6	0	0	0
P-0046903-T01-IM6	0	0	0
P-0046940-T01-IM6	0	0	0
P-0047149-T01-IM6	0	0	0
P-0047214-T01-IM6	0	0	0
P-0047352-T01-IM6	0	0	0
P-0047432-T01-IM6	0	0	0
P-0047853-T01-IM6	0	0	0
P-0047903-T01-IM6	0	0	0
P-0047947-T01-IM6	0	0	0
P-0048171-T01-IM6	0	0	0
P-0048374-T01-IM6	0	0	0
P-0048455-T01-IM6	0	0	0
P-0048525-T01-IM6	0	0	0
P-0048588-T01-IM6	0	0	0
P-0048593-T01-IM6	0	0	0
P-0048670-T01-IM6	0	0	0
P-0048755-T01-IM6	0	0	0
P-0049008-T01-IM6	0	0	0
P-0049040-T01-IM6	0	0	0
P-0049075-T01-IM6	0	0	0
P-0049099-T01-IM6	0	0	0
P-0049127-T01-IM6	0	0	0
P-0049292-T01-IM6	0	0	0
P-0049417-T01-IM6	0	0	0
P-0049444-T01-IM6	0	0	0
P-0049532-T01-IM6	0	0	0
P-0049541-T01-IM6	0	0	0
P-0049560-T01-IM6	0	0	0
P-0049687-T01-IM6	0	0	0
P-0049759-T01-IM6	0	0	0
P-0049921-T01-IM6	0	0	0
P-0049943-T01-IM6	0	0	0
P-0050148-T01-IM6	0	0	0
P-0050316-T01-IM6	0	0	0
P-0050400-T01-IM6	0	0	0
P-0050452-T01-IM6	0	0	0
P-0050454-T01-IM6	0	0	0
P-0050523-T01-IM6	0	0	0
P-0000067-T01-IM3	0	0	0
P-0000376-T01-IM3	0	0	0
P-0000376-T02-IM3	0	0	0
P-0001681-T01-IM3	0	0	0
P-0001700-T01-IM3	0	0	0
P-0002010-T01-IM3	0	0	0
P-0002110-T01-IM3	0	0	0
P-0002136-T01-IM3	0	0	0
P-0002242-T01-IM3	0	0	0
P-0002373-T01-IM3	0	0	0
P-0002660-T01-IM3	0	0	0
P-0003050-T01-IM3	0	0	0
P-0005599-T01-IM5	0	0	0
P-0006531-T01-IM5	0	0	0
P-0006537-T01-IM5	0	0	0
P-0007150-T01-IM5	0	0	0
P-0007204-T01-IM5	0	0	0
P-0007221-T01-IM5	0	0	0
P-0007370-T01-IM5	0	0	0
P-0007571-T01-IM5	0	0	0
P-0008873-T01-IM5	0	0	0
P-0009061-T01-IM5	0	0	0
P-0009075-T01-IM5	0	0	0
P-0009394-T01-IM5	0	0	0
P-0010348-T01-IM5	0	0	0
P-0010524-T01-IM5	0	0	0
TCGA-72-4233-01	0	0	0
TCGA-72-4238-01	0	0	0
TCGA-72-4232-01	0	0	0
TCGA-72-4237-01	0	0	0
TCGA-72-4236-01	0	0	0
TCGA-72-4235-01	0	0	0
TCGA-72-4241-01	0	0	0
TCGA-72-4240-01	0	0	0
TCGA-72-4231-01	0	0	0
TCGA-09-1669-01	0	0	0
TCGA-04-1519-01	0	0	0
TCGA-25-1632-01	0	0	0
TCGA-09-1665-01	0	0	0
TCGA-24-1557-01	0	0	0
TCGA-36-1577-01	0	0	0
TCGA-36-1580-01	0	0	0
TCGA-57-1585-01	0	0	0
TCGA-24-1567-01	0	0	0
TCGA-36-1575-01	0	0	0
TCGA-24-1558-01	0	0	0
TCGA-04-1525-01	0	0	0
TCGA-04-1536-01	0	0	0
TCGA-24-1560-01	0	0	0
TCGA-09-1662-01	0	0	0
TCGA-09-1666-01	0	0	0
TCGA-36-1581-01	0	0	0
TCGA-57-1582-01	0	0	0
TCGA-57-1583-01	0	0	0
TCGA-25-1630-01	0	0	0
TCGA-24-1546-01	0	0	0
TCGA-09-1659-01	0	0	0
TCGA-25-1633-01	0	0	0
TCGA-09-1668-01	0	0	0
TCGA-04-1517-01	0	0	0
TCGA-09-1661-01	0	0	0
TCGA-36-1578-01	0	0	0
TCGA-36-1568-01	0	0	0
TCGA-24-1545-01	0	0	0
TCGA-57-1584-01	0	0	0
TCGA-61-1740-01	0	0	0
TCGA-61-1738-01	0	0	0
TCGA-29-1775-01	0	0	0
TCGA-04-1651-01	0	0	0
TCGA-24-1842-01	0	0	0
TCGA-61-1733-01	0	0	0
TCGA-29-1774-01	0	0	0
TCGA-24-1843-01	0	0	0
TCGA-04-1648-01	0	0	0
TCGA-61-1895-01	0	0	0
TCGA-61-1904-01	0	0	0
TCGA-61-1915-01	0	0	0
TCGA-24-1844-01	0	0	0
TCGA-24-1845-01	0	0	0
TCGA-61-1727-01	0	0	0
TCGA-04-1646-01	0	0	0
TCGA-30-1856-01	0	0	0
TCGA-61-1903-01	0	0	0
TCGA-61-1901-01	0	0	0
TCGA-29-1776-01	0	0	0
TCGA-61-1913-01	0	0	0
TCGA-29-1777-01	0	0	0
TCGA-61-1914-01	0	0	0
TCGA-61-1910-01	0	0	0
TCGA-13-1494-01	0	0	0
TCGA-24-1418-01	0	0	0
TCGA-13-1482-01	0	0	0
TCGA-13-1511-01	0	0	0
TCGA-13-1492-01	0	0	0
TCGA-24-1435-01	0	0	0
TCGA-24-1422-01	0	0	0
TCGA-13-1512-01	0	0	0
TCGA-24-1467-01	0	0	0
TCGA-13-1504-01	0	0	0
TCGA-24-1464-01	0	0	0
TCGA-24-1430-01	0	0	0
TCGA-24-1436-01	0	0	0
TCGA-13-1489-02	0	0	0
TCGA-13-1510-01	0	0	0
TCGA-13-1487-01	0	0	0
TCGA-13-1509-01	0	0	0
TCGA-24-1428-01	0	0	0
TCGA-13-1505-01	0	0	0
TCGA-13-1483-01	0	0	0
TCGA-13-1481-01	0	0	0
TCGA-13-1499-01	0	0	0
TCGA-13-1497-01	0	0	0
TCGA-13-1488-01	0	0	0
TCGA-13-1498-01	0	0	0
TCGA-24-1466-01	0	0	0
TCGA-13-1506-01	0	0	0
TCGA-13-1489-01	0	0	0
TCGA-13-0723-01	0	0	0
TCGA-13-0755-01	0	0	0
TCGA-13-0761-01	0	0	0
TCGA-13-0791-01	0	0	0
TCGA-13-0792-01	0	0	0
TCGA-13-0805-01	0	0	0
TCGA-09-0364-01	0	0	0
TCGA-09-0365-01	0	0	0
TCGA-13-0804-01	0	0	0
TCGA-13-0768-01	0	0	0
TCGA-13-0793-01	0	0	0
TCGA-09-0367-01	0	0	0
TCGA-13-0751-01	0	0	0
TCGA-13-0797-01	0	0	0
TCGA-13-0725-01	0	0	0
TCGA-13-0795-01	0	0	0
TCGA-13-0764-01	0	0	0
TCGA-13-0724-01	0	0	0
TCGA-13-0760-01	0	0	0
TCGA-13-0762-01	0	0	0
TCGA-13-0791-02	0	0	0
TCGA-09-0369-01	0	0	0
TCGA-13-0794-01	0	0	0
TCGA-04-1351-01	0	0	0
TCGA-04-1356-01	0	0	0
TCGA-25-1320-01	0	0	0
TCGA-25-1312-01	0	0	0
TCGA-13-0900-01	0	0	0
TCGA-13-0905-01	0	0	0
TCGA-25-1317-01	0	0	0
TCGA-04-1365-01	0	0	0
TCGA-25-1321-01	0	0	0
TCGA-13-1405-01	0	0	0
TCGA-04-1348-01	0	0	0
TCGA-25-1329-01	0	0	0
TCGA-13-0901-01	0	0	0
TCGA-13-0908-01	0	0	0
TCGA-24-1413-01	0	0	0
TCGA-13-1409-01	0	0	0
TCGA-25-1322-01	0	0	0
TCGA-13-0893-01	0	0	0
TCGA-13-1404-01	0	0	0
TCGA-04-1371-01	0	0	0
TCGA-25-1314-01	0	0	0
TCGA-24-2267-01	0	0	0
TCGA-24-2295-01	0	0	0
TCGA-09-2050-01	0	0	0
TCGA-24-2293-01	0	0	0
TCGA-09-2044-01	0	0	0
TCGA-24-2297-01	0	0	0
TCGA-59-2352-01	0	0	0
TCGA-25-2392-01	0	0	0
TCGA-09-2045-01	0	0	0
TCGA-24-2280-01	0	0	0
TCGA-09-2043-01	0	0	0
TCGA-25-2397-01	0	0	0
TCGA-25-2391-01	0	0	0
TCGA-29-2427-01	0	0	0
TCGA-29-2414-01	0	0	0
TCGA-24-2271-01	0	0	0
TCGA-09-2051-01	0	0	0
TCGA-25-2399-01	0	0	0
TCGA-24-2298-01	0	0	0
TCGA-24-2289-01	0	0	0
TCGA-59-2355-01	0	0	0
TCGA-24-2290-01	0	0	0
TCGA-25-2396-01	0	0	0
TCGA-24-2288-01	0	0	0
TCGA-24-2262-01	0	0	0
TCGA-25-2401-01	0	0	0
TCGA-25-2400-01	0	0	0
TCGA-25-2393-01	0	0	0
TCGA-29-1707-02	0	0	0
TCGA-61-1916-02	0	0	0
TCGA-24-1852-02	0	0	0
TCGA-61-2095-02	0	0	0
TCGA-29-1692-01	0	0	0
TCGA-13-1819-01	0	0	0
TCGA-29-1704-01	0	0	0
TCGA-29-1704-02	0	0	0
TCGA-29-1692-02	0	0	0
TCGA-29-1705-02	0	0	0
TCGA-29-2414-02	0	0	0
TCGA-23-2643-01	0	0	0
TCGA-36-2538-01	0	0	0
TCGA-36-2534-01	0	0	0
TCGA-13-2059-01	0	0	0
TCGA-36-2542-01	0	0	0
TCGA-23-2641-01	0	0	0
TCGA-13-2071-01	0	0	0
TCGA-36-2547-01	0	0	0
TCGA-36-2530-01	0	0	0
TCGA-13-2065-01	0	0	0
TCGA-29-2429-01	0	0	0
TCGA-36-2552-01	0	0	0
TCGA-36-2537-01	0	0	0
TCGA-61-2613-01	0	0	0
TCGA-23-2647-01	0	0	0
TCGA-36-2549-01	0	0	0
TCGA-36-2544-01	0	0	0
TCGA-36-2548-01	0	0	0
TCGA-13-2061-01	0	0	0
TCGA-36-2540-01	0	0	0
TCGA-29-2434-01	0	0	0
TCGA-42-2589-01	0	0	0
TCGA-36-2539-01	0	0	0
TCGA-23-2649-01	0	0	0
TCGA-61-2612-01	0	0	0
TCGA-42-2582-01	0	0	0
TCGA-36-2551-01	0	0	0
TCGA-42-2588-01	0	0	0
TCGA-42-2591-01	0	0	0
TCGA-42-2593-01	0	0	0
TCGA-23-2645-01	0	0	0
TCGA-61-2610-02	0	0	0
TCGA-29-2432-01	0	0	0
TCGA-36-2533-01	0	0	0
TCGA-59-2372-01	0	0	0
TCGA-36-2545-01	0	0	0
TCGA-29-A5NZ-01	0	0	0
TCGA-3P-A9WA-01	0	0	0
TCGA-OY-A56Q-01	0	0	0
TCGA-VG-A8LO-01	0	0	0
TCGA-59-A5PD-01	0	0	0
TCGA-13-0910-01	0	0	0
TCGA-13-0897-01	0	0	0
TCGA-10-0937-01	0	0	0
TCGA-13-0903-01	0	0	0
TCGA-13-0924-01	0	0	0
TCGA-13-0891-01	0	0	0
TCGA-13-0886-01	0	0	0
TCGA-13-0807-01	0	0	0
TCGA-10-0928-01	0	0	0
TCGA-24-0966-01	0	0	0
TCGA-13-0888-01	0	0	0
TCGA-13-0904-01	0	0	0
TCGA-13-0916-01	0	0	0
TCGA-13-0921-01	0	0	0
TCGA-13-0887-01	0	0	0
TCGA-10-0927-01	0	0	0
TCGA-13-0906-01	0	0	0
TCGA-13-0889-01	0	0	0
TCGA-13-0883-01	0	0	0
TCGA-10-0936-01	0	0	0
TCGA-13-0912-01	0	0	0
TCGA-13-0913-01	0	0	0
TCGA-10-0934-01	0	0	0
TCGA-10-0926-01	0	0	0
TCGA-13-0919-01	0	0	0
TCGA-61-1728-01	0	0	0
TCGA-30-1860-01	0	0	0
TCGA-31-1956-01	0	0	0
TCGA-31-1944-01	0	0	0
TCGA-30-1862-01	0	0	0
TCGA-24-1920-01	0	0	0
TCGA-30-1859-01	0	0	0
TCGA-04-1654-01	0	0	0
TCGA-57-1993-01	0	0	0
TCGA-24-1924-01	0	0	0
TCGA-25-1871-01	0	0	0
TCGA-31-1950-01	0	0	0
TCGA-31-1959-01	0	0	0
TCGA-24-2020-01	0	0	0
TCGA-30-1891-01	0	0	0
TCGA-30-1861-01	0	0	0
TCGA-31-1946-01	0	0	0
TCGA-30-1867-01	0	0	0
TCGA-25-1877-01	0	0	0
TCGA-24-2023-01	0	0	0
TCGA-61-1917-01	0	0	0
TCGA-61-1918-01	0	0	0
TCGA-30-1853-01	0	0	0
TCGA-61-1724-01	0	0	0
TCGA-24-2026-01	0	0	0
TCGA-31-1953-01	0	0	0
TCGA-10-0925-01	0	0	0
TCGA-31-1951-01	0	0	0
TCGA-24-1927-01	0	0	0
TCGA-30-1880-01	0	0	0
TCGA-24-2029-01	0	0	0
TCGA-29-1784-01	0	0	0
TCGA-30-1714-01	0	0	0
TCGA-09-1673-01	0	0	0
TCGA-20-1684-01	0	0	0
TCGA-29-1711-01	0	0	0
TCGA-29-1768-01	0	0	0
TCGA-29-1697-01	0	0	0
TCGA-29-1701-01	0	0	0
TCGA-20-1682-01	0	0	0
TCGA-29-1699-01	0	0	0
TCGA-29-1695-01	0	0	0
TCGA-29-1764-01	0	0	0
TCGA-29-1763-01	0	0	0
TCGA-09-1675-01	0	0	0
TCGA-30-1718-01	0	0	0
TCGA-57-1586-01	0	0	0
TCGA-29-1703-01	0	0	0
TCGA-29-1698-01	0	0	0
TCGA-20-1687-01	0	0	0
TCGA-29-1691-01	0	0	0
TCGA-29-1707-01	0	0	0
TCGA-29-1761-01	0	0	0
TCGA-09-1672-01	0	0	0
TCGA-29-1705-01	0	0	0
TCGA-29-1781-01	0	0	0
TCGA-04-1655-01	0	0	0
TCGA-23-1809-01	0	0	0
TCGA-29-1785-01	0	0	0
TCGA-29-1696-01	0	0	0
TCGA-29-1694-01	0	0	0
TCGA-24-1425-01	0	0	0
TCGA-24-1604-01	0	0	0
TCGA-24-1552-01	0	0	0
TCGA-24-1563-01	0	0	0
TCGA-24-1603-01	0	0	0
TCGA-04-1514-01	0	0	0
TCGA-24-1551-01	0	0	0
TCGA-24-1614-01	0	0	0
TCGA-24-1549-01	0	0	0
TCGA-24-1550-01	0	0	0
TCGA-04-1542-01	0	0	0
TCGA-24-1470-01	0	0	0
TCGA-24-1616-01	0	0	0
TCGA-04-1530-01	0	0	0
TCGA-24-0968-01	0	0	0
TCGA-04-1337-01	0	0	0
TCGA-23-1120-01	0	0	0
TCGA-20-0991-01	0	0	0
TCGA-20-0987-01	0	0	0
TCGA-23-1027-01	0	0	0
TCGA-23-1028-01	0	0	0
TCGA-23-1031-01	0	0	0
TCGA-23-1021-01	0	0	0
TCGA-24-0979-01	0	0	0
TCGA-23-1022-01	0	0	0
TCGA-04-1336-01	0	0	0
TCGA-24-0970-01	0	0	0
TCGA-04-1335-01	0	0	0
TCGA-23-1119-01	0	0	0
TCGA-04-1346-01	0	0	0
TCGA-23-1124-01	0	0	0
TCGA-23-1121-01	0	0	0
TCGA-23-1110-01	0	0	0
TCGA-24-1103-01	0	0	0
TCGA-04-1338-01	0	0	0
TCGA-24-1105-01	0	0	0
TCGA-23-1118-01	0	0	0
TCGA-23-1117-01	0	0	0
TCGA-61-2098-01	0	0	0
TCGA-61-2101-01	0	0	0
TCGA-24-2019-01	0	0	0
TCGA-61-2109-01	0	0	0
TCGA-23-2078-01	0	0	0
TCGA-23-2081-01	0	0	0
TCGA-61-2102-01	0	0	0
TCGA-61-2012-01	0	0	0
TCGA-61-2092-01	0	0	0
TCGA-24-2024-01	0	0	0
TCGA-61-1734-01	0	0	0
TCGA-24-2260-01	0	0	0
TCGA-61-2096-01	0	0	0
TCGA-09-2054-01	0	0	0
TCGA-23-2079-01	0	0	0
TCGA-61-2111-01	0	0	0
TCGA-61-2008-02	0	0	0
TCGA-61-2009-01	0	0	0
TCGA-61-1998-01	0	0	0
TCGA-23-2084-01	0	0	0
TCGA-24-2254-01	0	0	0
TCGA-61-2110-01	0	0	0
TCGA-61-2000-01	0	0	0
TCGA-24-2036-01	0	0	0
TCGA-24-2261-01	0	0	0
TCGA-24-2033-01	0	0	0
TCGA-61-2016-01	0	0	0
TCGA-09-2056-01	0	0	0
TCGA-61-2087-01	0	0	0
TCGA-24-2030-01	0	0	0
TCGA-61-2002-01	0	0	0
X106	0	0	0
X1097	0	0	0
X1098	0	0	0
X1177	0	0	0
X1192	0	0	0
X119	0	0	0
X1230	0	0	0
X1237	0	0	0
X1269	0	0	0
X1283	0	0	0
X128	0	0	0
X1326	0	0	0
X1341	0	0	0
X1364	0	0	0
X137	0	0	0
X1410	0	0	0
X1471	0	0	0
X1499	0	0	0
X1530	0	0	0
X1548	0	0	0
X1552	0	0	0
X1568	0	0	0
X1580	0	0	0
X1582	0	0	0
X1593	0	0	0
X1605	0	0	0
X1634	0	0	0
X1652	0	0	0
X1689	0	0	0
X1718	0	0	0
X1751	0	0	0
X1851	0	0	0
X1922	0	0	0
X1979	0	0	0
X2090	0	0	0
X2120	0	0	0
X2152	0	0	0
X2176	0	0	0
X2212	0	0	0
X2354	0	0	0
X2357	0	0	0
X2360	0	0	0
X2362	0	0	0
X2374	0	0	0
X23	0	0	0
X2401	0	0	0
X2412	0	0	0
X2415	0	0	0
X2429	0	0	0
X2443	0	0	0
X2503	0	0	0
X2529	0	0	0
X2554	0	0	0
X2556	0	0	0
X2587	0	0	0
X2593	0	0	0
X2638	0	0	0
X2665	0	0	0
X2700	0	0	0
X2704	0	0	0
X2716	0	0	0
X2763	0	0	0
X2797	0	0	0
X2816	0	0	0
X2825	0	0	0
X2902	0	0	0
X2949	0	0	0
X2991	0	0	0
X2998	0	0	0
X300	0	0	0
X301	0	0	0
X3080	0	0	0
X3107	0	0	0
X3151	0	0	0
X3238	0	0	0
X3297	0	0	0
X3349	0	0	0
X342	0	0	0
X429	0	0	0
X451	0	0	0
X472	0	0	0
X544	0	0	0
X592	0	0	0
X603	0	0	0
X80	0	0	0
X88	0	0	0
X935	0	0	0
X93	0	0	0
X94	0	0	0
X970	0	0	0
X987	0	0	0
X991	0	0	0
OVCA10-02	0	0	0
OVCA100	0	0	0
OVCA102	0	0	0
OVCA105	0	0	0
OVCA106	0	0	0
OVCA107	0	0	0
OVCA11	0	0	0
OVCA110	0	0	0
OVCA113	0	0	0
OVCA114	0	0	0
OVCA116	0	0	0
OVCA123	0	0	0
OVCA125	0	0	0
OVCA127	0	0	0
OVCA130	0	0	0
OVCA135	0	0	0
OVCA136	0	0	0
OVCA137	0	0	0
OVCA138	0	0	0
OVCA14	0	0	0
OVCA140	0	0	0
OVCA141	0	0	0
OVCA142	0	0	0
OVCA146	0	0	0
OVCA149	0	0	0
OVCA15	0	0	0
OVCA151	0	0	0
OVCA152	0	0	0
OVCA153	0	0	0
OVCA154	0	0	0
OVCA155	0	0	0
OVCA156	0	0	0
OVCA157	0	0	0
OVCA158	0	0	0
OVCA16-02	0	0	0
OVCA160	0	0	0
OVCA161	0	0	0
OVCA162	0	0	0
OVCA163	0	0	0
OVCA166	0	0	0
OVCA168	0	0	0
OVCA17	0	0	0
OVCA170	0	0	0
OVCA173	0	0	0
OVCA175	0	0	0
OVCA176	0	0	0
OVCA177	0	0	0
OVCA18	0	0	0
OVCA180	0	0	0
OVCA181	0	0	0
OVCA182	0	0	0
OVCA185	0	0	0
OVCA186	0	0	0
OVCA187	0	0	0
OVCA188	0	0	0
OVCA189	0	0	0
OVCA19	0	0	0
OVCA191	0	0	0
OVCA194	0	0	0
OVCA195	0	0	0
OVCA196	0	0	0
OVCA197	0	0	0
OVCA198	0	0	0
OVCA199	0	0	0
OVCA20-02	0	0	0
OVCA200	0	0	0
OVCA201	0	0	0
OVCA202	0	0	0
OVCA203	0	0	0
OVCA204	0	0	0
OVCA205	0	0	0
OVCA206	0	0	0
OVCA207	0	0	0
OVCA208	0	0	0
OVCA209	0	0	0
OVCA210	0	0	0
OVCA211	0	0	0
OVCA213	0	0	0
OVCA214	0	0	0
OVCA215	0	0	0
OVCA216	0	0	0
OVCA217	0	0	0
OVCA219	0	0	0
OVCA221	0	0	0
OVCA222	0	0	0
OVCA223	0	0	0
OVCA224	0	0	0
OVCA225	0	0	0
OVCA226	0	0	0
OVCA227	0	0	0
OVCA228	0	0	0
OVCA229	0	0	0
OVCA23	0	0	0
OVCA230	0	0	0
OVCA232	0	0	0
OVCA233	0	0	0
OVCA235	0	0	0
OVCA236	0	0	0
OVCA237	0	0	0
OVCA24	0	0	0
OVCA240	0	0	0
OVCA241	0	0	0
OVCA242	0	0	0
OVCA243	0	0	0
OVCA244	0	0	0
OVCA245R	0	0	0
OVCA246	0	0	0
OVCA247	0	0	0
OVCA248	0	0	0
OVCA249	0	0	0
OVCA25-02	0	0	0
OVCA250	0	0	0
OVCA252	0	0	0
OVCA253	0	0	0
OVCA255	0	0	0
OVCA256	0	0	0
OVCA258	0	0	0
OVCA259	0	0	0
OVCA260	0	0	0
OVCA261	0	0	0
OVCA262	0	0	0
OVCA264	0	0	0
OVCA265	0	0	0
OVCA266	0	0	0
OVCA267	0	0	0
OVCA268	0	0	0
OVCA269R	0	0	0
OVCA27	0	0	0
OVCA270R	0	0	0
OVCA272	0	0	0
OVCA273	0	0	0
OVCA274	0	0	0
OVCA275	0	0	0
OVCA276	0	0	0
OVCA277	0	0	0
OVCA278	0	0	0
OVCA279	0	0	0
OVCA281	0	0	0
OVCA282	0	0	0
OVCA285	0	0	0
OVCA286	0	0	0
OVCA289	0	0	0
OVCA291	0	0	0
OVCA292	0	0	0
OVCA293	0	0	0
OVCA294	0	0	0
OVCA295	0	0	0
OVCA296	0	0	0
OVCA297	0	0	0
OVCA298	0	0	0
OVCA299	0	0	0
OVCA300	0	0	0
OVCA301	0	0	0
OVCA302	0	0	0
OVCA303	0	0	0
OVCA304	0	0	0
OVCA305	0	0	0
OVCA306	0	0	0
OVCA308	0	0	0
OVCA309	0	0	0
OVCA310	0	0	0
OVCA311	0	0	0
OVCA312	0	0	0
OVCA313	0	0	0
OVCA314	0	0	0
OVCA315	0	0	0
OVCA316	0	0	0
OVCA317	0	0	0
OVCA318	0	0	0
OVCA319	0	0	0
OVCA32	0	0	0
OVCA321	0	0	0
OVCA322	0	0	0
OVCA324	0	0	0
OVCA325	0	0	0
OVCA326	0	0	0
OVCA328	0	0	0
OVCA329	0	0	0
OVCA33	0	0	0
OVCA330	0	0	0
OVCA331	0	0	0
OVCA334	0	0	0
OVCA335	0	0	0
OVCA336	0	0	0
OVCA338	0	0	0
OVCA339	0	0	0
OVCA34	0	0	0
OVCA340	0	0	0
OVCA341	0	0	0
OVCA342	0	0	0
OVCA343	0	0	0
OVCA344	0	0	0
OVCA345	0	0	0
OVCA346	0	0	0
OVCA347	0	0	0
OVCA348	0	0	0
OVCA349	0	0	0
OVCA350	0	0	0
OVCA351	0	0	0
OVCA352	0	0	0
OVCA353	0	0	0
OVCA354	0	0	0
OVCA355	0	0	0
OVCA356	0	0	0
OVCA358	0	0	0
OVCA359	0	0	0
OVCA360	0	0	0
OVCA361	0	0	0
OVCA363	0	0	0
OVCA364	0	0	0
OVCA365	0	0	0
OVCA366	0	0	0
OVCA367	0	0	0
OVCA368	0	0	0
OVCA369	0	0	0
OVCA371	0	0	0
OVCA372	0	0	0
OVCA373	0	0	0
OVCA375	0	0	0
OVCA376	0	0	0
OVCA377	0	0	0
OVCA379	0	0	0
OVCA380	0	0	0
OVCA381	0	0	0
OVCA383	0	0	0
OVCA384	0	0	0
OVCA385	0	0	0
OVCA386	0	0	0
OVCA387	0	0	0
OVCA388	0	0	0
OVCA389	0	0	0
OVCA390	0	0	0
OVCA391	0	0	0
OVCA392	0	0	0
OVCA394	0	0	0
OVCA395	0	0	0
OVCA396	0	0	0
OVCA397	0	0	0
OVCA398	0	0	0
OVCA399	0	0	0
OVCA40	0	0	0
OVCA400	0	0	0
OVCA401	0	0	0
OVCA402	0	0	0
OVCA403	0	0	0
OVCA405	0	0	0
OVCA406	0	0	0
OVCA407	0	0	0
OVCA408	0	0	0
OVCA409	0	0	0
OVCA41	0	0	0
OVCA410	0	0	0
OVCA411	0	0	0
OVCA412	0	0	0
OVCA414	0	0	0
OVCA415	0	0	0
OVCA416	0	0	0
OVCA417	0	0	0
OVCA418	0	0	0
OVCA419	0	0	0
OVCA42	0	0	0
OVCA420	0	0	0
OVCA421	0	0	0
OVCA422	0	0	0
OVCA423	0	0	0
OVCA424	0	0	0
OVCA425	0	0	0
OVCA426	0	0	0
OVCA427	0	0	0
OVCA46	0	0	0
OVCA48	0	0	0
OVCA5	0	0	0
OVCA50	0	0	0
OVCA53	0	0	0
OVCA56	0	0	0
OVCA57	0	0	0
OVCA58	0	0	0
OVCA59	0	0	0
OVCA60	0	0	0
OVCA61	0	0	0
OVCA62	0	0	0
OVCA63	0	0	0
OVCA68	0	0	0
OVCA69	0	0	0
OVCA71	0	0	0
OVCA72	0	0	0
OVCA73	0	0	0
OVCA75	0	0	0
OVCA78	0	0	0
OVCA80	0	0	0
OVCA81	0	0	0
OVCA82	0	0	0
OVCA85	0	0	0
OVCA86	0	0	0
OVCA87	0	0	0
OVCA88	0	0	0
OVCA96	0	0	0
OVCA98	0	0	0
GSM692781_JB0715	0	0	0
GSM692785_JB0721	0	0	0
GSM692803_JB0783	0	0	0
GSM692812_JB0793	0	0	0
GSM692814_JB0795	0	0	0
