Sample	Percent	Start	End
P-0000199-T01-IM3	0	0	0
P-0000366-T01-IM3	0	0	0
P-0001392-T01-IM3	0	0	0
P-0001478-T01-IM3	0	0	0
P-0001747-T01-IM3	0	0	0
P-0001796-T01-IM3	0	0	0
P-0001848-T01-IM3	0	0	0
P-0001992-T01-IM3	0	0	0
P-0002526-T01-IM3	0	0	0
P-0002536-T01-IM3	0	0	0
P-0003813-T01-IM5	0	0	0
P-0003818-T01-IM5	0	0	0
P-0003829-T01-IM5	0	0	0
P-0003873-T01-IM5	0	0	0
P-0004829-T01-IM5	0	0	0
P-0005516-T01-IM5	0	0	0
P-0005531-T01-IM5	0	0	0
P-0006217-T01-IM5	0	0	0
P-0009750-T01-IM5	0	0	0
P-0009840-T01-IM5	0	0	0
P-0009979-T02-IM6	0	0	0
P-0010225-T01-IM5	0	0	0
P-0010357-T01-IM5	0	0	0
P-0011086-T01-IM5	0	0	0
P-0011589-T01-IM5	0	0	0
P-0013699-T01-IM5	0	0	0
P-0015095-T01-IM6	0	0	0
P-0015457-T01-IM6	0	0	0
P-0015651-T03-IM6	0	0	0
P-0016322-T01-IM6	0	0	0
P-0017005-T01-IM6	0	0	0
P-0017434-T01-IM6	0	0	0
P-0017470-T01-IM6	0	0	0
P-0017563-T01-IM5	0	0	0
P-0018026-T01-IM6	0	0	0
P-0018184-T01-IM6	0	0	0
P-0018647-T01-IM6	0	0	0
P-0019008-T01-IM6	0	0	0
P-0019423-T01-IM6	0	0	0
P-0019454-T01-IM6	0	0	0
P-0019908-T01-IM6	0	0	0
P-0020115-T01-IM6	0	0	0
P-0020161-T01-IM6	0	0	0
P-0020298-T01-IM6	0	0	0
P-0020549-T01-IM6	0	0	0
P-0020552-T01-IM6	0	0	0
P-0020682-T01-IM6	0	0	0
P-0020687-T01-IM6	0	0	0
P-0020699-T01-IM6	0	0	0
P-0020970-T01-IM6	0	0	0
P-0021045-T02-IM6	0	0	0
P-0021409-T01-IM6	0	0	0
P-0021499-T01-IM6	0	0	0
P-0021742-T01-IM6	0	0	0
P-0021882-T01-IM6	0	0	0
P-0021912-T01-IM6	0	0	0
P-0021920-T01-IM6	0	0	0
P-0021924-T01-IM6	0	0	0
P-0022059-T01-IM6	0	0	0
P-0022079-T01-IM6	0	0	0
P-0022126-T01-IM6	0	0	0
P-0022131-T01-IM6	0	0	0
P-0022185-T01-IM6	0	0	0
P-0022191-T01-IM6	0	0	0
P-0022358-T01-IM6	0	0	0
P-0022522-T01-IM6	0	0	0
P-0022610-T01-IM6	0	0	0
P-0022640-T01-IM6	0	0	0
P-0023037-T01-IM6	0	0	0
P-0023069-T01-IM6	0	0	0
P-0023547-T01-IM6	0	0	0
P-0023632-T01-IM6	0	0	0
P-0023661-T01-IM6	0	0	0
P-0023747-T01-IM6	0	0	0
P-0023920-T01-IM6	0	0	0
P-0023996-T01-IM6	0	0	0
P-0024048-T01-IM6	0	0	0
P-0024149-T01-IM6	0	0	0
P-0024318-T01-IM6	0	0	0
P-0024405-T01-IM6	0	0	0
P-0024661-T01-IM6	0	0	0
P-0024740-T01-IM6	0	0	0
P-0025279-T01-IM6	0	0	0
P-0025454-T01-IM6	0	0	0
P-0025545-T01-IM6	0	0	0
P-0025645-T01-IM6	0	0	0
P-0025761-T01-IM6	0	0	0
P-0025946-T01-IM6	0	0	0
P-0025949-T01-IM6	0	0	0
P-0026495-T01-IM6	0	0	0
P-0026504-T01-IM6	0	0	0
P-0026514-T01-IM6	0	0	0
P-0026707-T01-IM6	0	0	0
P-0027035-T01-IM6	0	0	0
P-0027075-T01-IM6	0	0	0
P-0027103-T01-IM6	0	0	0
P-0027262-T01-IM6	0	0	0
P-0027714-T01-IM6	0	0	0
P-0028328-T01-IM6	0	0	0
P-0028329-T01-IM6	0	0	0
P-0028702-T01-IM6	0	0	0
P-0029223-T01-IM6	0	0	0
P-0029267-T03-IM6	0	0	0
P-0029354-T01-IM6	0	0	0
P-0029393-T01-IM6	0	0	0
P-0029463-T01-IM6	0	0	0
P-0029474-T01-IM6	0	0	0
P-0029537-T01-IM6	0	0	0
P-0029723-T01-IM6	0	0	0
P-0029946-T01-IM6	0	0	0
P-0030023-T01-IM6	0	0	0
P-0030697-T01-IM6	0	0	0
P-0030836-T01-IM6	0	0	0
P-0030874-T01-IM6	0	0	0
P-0030958-T01-IM6	0	0	0
P-0030962-T01-IM6	0	0	0
P-0031498-T01-IM6	0	0	0
P-0031648-T01-IM6	0	0	0
P-0031656-T01-IM6	0	0	0
P-0032335-T01-IM6	0	0	0
P-0032339-T01-IM6	0	0	0
P-0032819-T01-IM6	0	0	0
P-0033218-T02-IM6	0	0	0
P-0033335-T01-IM6	0	0	0
P-0033345-T01-IM6	0	0	0
P-0033555-T01-IM6	0	0	0
P-0033692-T01-IM6	0	0	0
P-0033715-T01-IM6	0	0	0
P-0034011-T01-IM6	0	0	0
P-0034239-T01-IM6	0	0	0
P-0034383-T01-IM6	0	0	0
P-0034484-T01-IM6	0	0	0
P-0034561-T01-IM6	0	0	0
P-0034814-T01-IM6	0	0	0
P-0034907-T01-IM6	0	0	0
P-0035101-T01-IM6	0	0	0
P-0035753-T01-IM6	0	0	0
P-0035898-T01-IM6	0	0	0
P-0036061-T01-IM6	0	0	0
P-0036063-T01-IM6	0	0	0
P-0036325-T01-IM6	0	0	0
P-0036457-T01-IM6	0	0	0
P-0036488-T01-IM6	0	0	0
P-0036627-T01-IM6	0	0	0
P-0036673-T01-IM6	0	0	0
P-0036717-T01-IM6	0	0	0
P-0036750-T01-IM6	0	0	0
P-0036828-T01-IM6	0	0	0
P-0036895-T01-IM6	0	0	0
P-0037025-T01-IM6	0	0	0
P-0037049-T01-IM6	0	0	0
P-0037070-T01-IM6	0	0	0
P-0037128-T01-IM6	0	0	0
P-0037160-T01-IM6	0	0	0
P-0037263-T01-IM6	0	0	0
P-0037342-T01-IM6	0	0	0
P-0037373-T01-IM6	0	0	0
P-0037553-T01-IM6	0	0	0
P-0037702-T01-IM6	0	0	0
P-0037794-T01-IM6	0	0	0
P-0038047-T01-IM6	0	0	0
P-0038086-T01-IM6	0	0	0
P-0038093-T01-IM6	0	0	0
P-0038097-T01-IM6	0	0	0
P-0038154-T01-IM6	0	0	0
P-0038306-T01-IM6	0	0	0
P-0038387-T01-IM6	0	0	0
P-0038419-T01-IM6	0	0	0
P-0038427-T01-IM6	0	0	0
P-0038499-T01-IM6	0	0	0
P-0038534-T01-IM6	0	0	0
P-0038583-T01-IM6	0	0	0
P-0038634-T01-IM6	0	0	0
P-0038779-T01-IM6	0	0	0
P-0038791-T01-IM6	0	0	0
P-0038960-T01-IM6	0	0	0
P-0039001-T01-IM6	0	0	0
P-0039012-T01-IM6	0	0	0
P-0039120-T01-IM6	0	0	0
P-0039132-T01-IM6	0	0	0
P-0039227-T01-IM6	0	0	0
P-0039273-T01-IM6	0	0	0
P-0039289-T01-IM6	0	0	0
P-0039297-T01-IM6	0	0	0
P-0039500-T01-IM6	0	0	0
P-0039563-T01-IM6	0	0	0
P-0039583-T01-IM6	0	0	0
P-0039605-T01-IM6	0	0	0
P-0039734-T01-IM6	0	0	0
P-0039798-T01-IM6	0	0	0
P-0039804-T01-IM6	0	0	0
P-0039810-T01-IM6	0	0	0
P-0039811-T01-IM6	0	0	0
P-0039927-T01-IM6	0	0	0
P-0040038-T01-IM6	0	0	0
P-0040043-T01-IM6	0	0	0
P-0040110-T01-IM6	0	0	0
P-0040118-T01-IM6	0	0	0
P-0040143-T01-IM6	0	0	0
P-0040154-T01-IM6	0	0	0
P-0040212-T01-IM6	0	0	0
P-0040386-T01-IM6	0	0	0
P-0040410-T01-IM6	0	0	0
P-0040518-T01-IM6	0	0	0
P-0040605-T01-IM6	0	0	0
P-0040702-T01-IM6	0	0	0
P-0040748-T01-IM6	0	0	0
P-0040800-T01-IM6	0	0	0
P-0040812-T01-IM6	0	0	0
P-0040860-T01-IM6	0	0	0
P-0041163-T01-IM6	0	0	0
P-0041269-T01-IM6	0	0	0
P-0041387-T01-IM6	0	0	0
P-0041468-T01-IM6	0	0	0
P-0041472-T01-IM6	0	0	0
P-0041544-T01-IM6	0	0	0
P-0041614-T01-IM6	0	0	0
P-0041618-T01-IM6	0	0	0
P-0041721-T01-IM6	0	0	0
P-0041733-T01-IM6	0	0	0
P-0041886-T01-IM6	0	0	0
P-0041962-T02-IM6	0	0	0
P-0041985-T01-IM6	0	0	0
P-0042216-T01-IM6	0	0	0
P-0042351-T01-IM6	0	0	0
P-0042511-T01-IM6	0	0	0
P-0042788-T01-IM6	0	0	0
P-0043295-T01-IM6	0	0	0
P-0043550-T02-IM6	0	0	0
P-0043571-T01-IM6	0	0	0
P-0043838-T01-IM6	0	0	0
P-0043933-T01-IM6	0	0	0
P-0044056-T01-IM6	0	0	0
P-0044136-T01-IM6	0	0	0
P-0044146-T01-IM6	0	0	0
P-0044224-T01-IM6	0	0	0
P-0044345-T01-IM6	0	0	0
P-0044402-T01-IM6	0	0	0
P-0044451-T01-IM6	0	0	0
P-0044555-T01-IM6	0	0	0
P-0044700-T01-IM6	0	0	0
P-0044817-T01-IM6	0	0	0
P-0044821-T01-IM6	0	0	0
P-0045161-T01-IM6	0	0	0
P-0045312-T01-IM6	0	0	0
P-0045432-T01-IM6	0	0	0
P-0045578-T01-IM6	0	0	0
P-0045623-T01-IM6	0	0	0
P-0045641-T01-IM6	0	0	0
P-0045749-T01-IM6	0	0	0
P-0045841-T01-IM6	0	0	0
P-0045890-T01-IM6	0	0	0
P-0045902-T01-IM6	0	0	0
P-0045947-T01-IM6	0	0	0
P-0045987-T01-IM6	0	0	0
P-0046098-T01-IM6	0	0	0
P-0046249-T01-IM6	0	0	0
P-0046282-T01-IM6	0	0	0
P-0046298-T01-IM6	0	0	0
P-0046401-T01-IM6	0	0	0
P-0046443-T01-IM6	0	0	0
P-0046496-T01-IM6	0	0	0
P-0046676-T01-IM6	0	0	0
P-0046745-T01-IM6	0	0	0
P-0046802-T01-IM6	0	0	0
P-0047352-T01-IM6	0	0	0
P-0047362-T01-IM6	0	0	0
P-0047432-T01-IM6	0	0	0
P-0047853-T01-IM6	0	0	0
P-0047883-T01-IM6	0	0	0
P-0048171-T01-IM6	0	0	0
P-0048254-T01-IM6	0	0	0
P-0048463-T01-IM6	0	0	0
P-0048554-T01-IM6	0	0	0
P-0048593-T01-IM6	0	0	0
P-0048670-T01-IM6	0	0	0
P-0048851-T01-IM6	0	0	0
P-0049127-T01-IM6	0	0	0
P-0049483-T01-IM6	0	0	0
P-0049532-T01-IM6	0	0	0
P-0049541-T01-IM6	0	0	0
P-0049560-T01-IM6	0	0	0
P-0049687-T01-IM6	0	0	0
P-0049782-T01-IM6	0	0	0
P-0049848-T01-IM6	0	0	0
P-0049921-T01-IM6	0	0	0
P-0050454-T01-IM6	0	0	0
P-0050523-T01-IM6	0	0	0
P-0000067-T01-IM3	0	0	0
P-0000185-T01-IM3	0	0	0
P-0000376-T02-IM3	0	0	0
P-0001265-T01-IM3	0	0	0
P-0002664-T01-IM3	0	0	0
P-0004262-T01-IM5	0	0	0
P-0006537-T01-IM5	0	0	0
P-0009061-T01-IM5	0	0	0
P-0010348-T01-IM5	0	0	0
TCGA-72-4233-01	0	0	0
TCGA-72-4234-01	0	0	0
TCGA-72-4238-01	0	0	0
TCGA-72-4232-01	0	0	0
TCGA-72-4237-01	0	0	0
TCGA-72-4236-01	0	0	0
TCGA-72-4235-01	0	0	0
TCGA-72-4241-01	0	0	0
TCGA-72-4240-01	0	0	0
TCGA-09-1669-01	0	0	0
TCGA-25-1635-01	0	0	0
TCGA-04-1519-01	0	0	0
TCGA-25-1632-01	0	0	0
TCGA-09-1667-01	0	0	0
TCGA-09-1665-01	0	0	0
TCGA-24-1557-01	0	0	0
TCGA-36-1580-01	0	0	0
TCGA-24-1567-01	0	0	0
TCGA-36-1575-01	0	0	0
TCGA-24-1558-01	0	0	0
TCGA-04-1525-01	0	0	0
TCGA-09-1662-01	0	0	0
TCGA-24-1544-01	0	0	0
TCGA-09-1666-01	0.206549146853471	0.00809022082661597	0.214689250304313
TCGA-36-1574-01	0	0	0
TCGA-57-1582-01	0	0	0
TCGA-57-1583-01	0	0	0
TCGA-36-1571-01	0	0	0
TCGA-25-1623-01	0	0	0
TCGA-09-1659-01	0	0	0
TCGA-36-1570-01	0	0	0
TCGA-09-1668-01	0	0	0
TCGA-04-1517-01	0	0	0
TCGA-36-1569-01	0	0	0
TCGA-36-1568-01	0	0	0
TCGA-24-1545-01	0	0	0
TCGA-25-1631-01	0	0	0
TCGA-57-1584-01	0	0	0
TCGA-24-1556-01	0	0	0
TCGA-61-1738-01	0	0	0
TCGA-29-1775-01	0	0	0
TCGA-61-1907-01	0	0	0
TCGA-09-1664-01	0	0	0
TCGA-04-1638-01	0	0	0
TCGA-24-1846-01	0	0	0
TCGA-23-1029-01	0	0	0
TCGA-04-1651-01	0	0	0
TCGA-29-1778-01	0	0	0
TCGA-24-1842-01	0	0	0
TCGA-24-1849-01	0	0	0
TCGA-29-1774-01	0	0	0
TCGA-61-1722-01	0	0	0
TCGA-61-1737-01	0	0	0
TCGA-04-1648-01	0	0	0
TCGA-61-1900-01	0	0	0
TCGA-61-1906-01	0	0	0
TCGA-61-1899-01	0	0	0
TCGA-24-1845-01	0	0	0
TCGA-61-1727-01	0	0	0
TCGA-04-1646-01	0	0	0
TCGA-30-1856-01	0	0	0
TCGA-61-1725-01	0	0	0
TCGA-61-1903-01	0	0	0
TCGA-61-1901-01	0	0	0
TCGA-29-1776-01	0	0	0
TCGA-61-1913-01	0	0	0
TCGA-23-1111-01	0	0	0
TCGA-29-1769-01	0	0	0
TCGA-61-1914-01	0	0	0
TCGA-30-1857-01	0.202447077481778	0.00809022082661597	0.211207710288471
TCGA-24-1850-01	0	0	0
TCGA-61-1910-01	0	0	0
TCGA-24-1418-01	0	0	0
TCGA-13-1482-01	0	0	0
TCGA-13-1511-01	0	0	0
TCGA-24-1426-01	0.208131795416599	0.00809022082661597	0.217845877179801
TCGA-13-1492-01	0	0	0
TCGA-24-1419-01	0	0	0
TCGA-24-1435-01	0.20571716335717	0.00809022082661597	0.213912902282938
TCGA-13-1512-01	0	0	0
TCGA-24-1467-01	0	0	0
TCGA-24-1464-01	0	0	0
TCGA-24-1430-01	0	0	0
TCGA-24-1436-01	0	0	0
TCGA-13-1489-02	0	0	0
TCGA-13-1510-01	0	0	0
TCGA-24-1417-01	0	0	0
TCGA-13-1477-01	0	0	0
TCGA-24-1416-01	0	0	0
TCGA-24-1434-01	0	0	0
TCGA-24-1427-01	0	0	0
TCGA-24-1428-01	0	0	0
TCGA-13-1495-01	0	0	0
TCGA-13-1497-01	0	0	0
TCGA-13-1488-01	0	0	0
TCGA-13-1498-01	0	0	0
TCGA-24-1423-01	0	0	0
TCGA-24-1431-01	0	0	0
TCGA-24-1466-01	0	0	0
TCGA-13-1506-01	0.107968452972974	0.0103562375763112	0.216867687687307
TCGA-24-1424-01	0	0	0
TCGA-13-1489-01	0	0	0
TCGA-13-0723-01	0	0	0
TCGA-13-0800-01	0	0	0
TCGA-13-0802-01	0	0	0
TCGA-13-0727-01	0	0	0
TCGA-13-0755-01	0	0	0
TCGA-13-0761-01	0	0	0
TCGA-13-0791-01	0	0	0
TCGA-13-0714-01	0	0	0
TCGA-13-0804-01	0	0	0
TCGA-13-0797-01	0	0	0
TCGA-13-0725-01	0	0	0
TCGA-13-0795-01	0	0	0
TCGA-13-0764-01	0	0	0
TCGA-13-0720-01	0	0	0
TCGA-13-0724-01	0	0	0
TCGA-13-0801-01	0	0	0
TCGA-13-0717-01	0	0	0
TCGA-13-0760-01	0	0	0
TCGA-13-0762-01	0	0	0
TCGA-13-0758-01	0	0	0
TCGA-13-0803-01	0	0	0
TCGA-13-0799-01	0	0	0
TCGA-13-0794-01	0	0	0
TCGA-13-0730-01	0	0	0
TCGA-13-0726-01	0	0	0
TCGA-13-1407-01	0	0	0
TCGA-04-1350-01	0	0	0
TCGA-13-1403-01	0	0	0
TCGA-04-1356-01	0	0	0
TCGA-25-1320-01	0	0	0
TCGA-25-1312-01	0	0	0
TCGA-13-0900-01	0	0	0
TCGA-13-0905-01	0	0	0
TCGA-25-1315-01	0	0	0
TCGA-04-1357-01	0	0	0
TCGA-04-1362-01	0	0	0
TCGA-04-1367-01	0	0	0
TCGA-04-1365-01	0	0	0
TCGA-25-1319-01	0	0	0
TCGA-04-1348-01	0	0	0
TCGA-25-1329-01	0	0	0
TCGA-13-1408-01	0	0	0
TCGA-13-1412-01	0	0	0
TCGA-13-0908-01	0	0	0
TCGA-04-1349-01	0	0	0
TCGA-24-1413-01	0	0	0
TCGA-13-1409-01	0	0	0
TCGA-25-1323-01	0	0	0
TCGA-13-0884-01	0	0	0
TCGA-25-1322-01	0	0	0
TCGA-04-1364-01	0	0	0
TCGA-13-1410-01	0	0	0
TCGA-25-1313-01	0	0	0
TCGA-13-1404-01	0	0	0
TCGA-25-1316-01	0	0	0
TCGA-25-1314-01	0	0	0
TCGA-24-2267-01	0	0	0
TCGA-24-2295-01	0	0	0
TCGA-09-2050-01	0	0	0
TCGA-24-2293-01	0	0	0
TCGA-09-2044-01	0	0	0
TCGA-24-2297-01	0	0	0
TCGA-59-2352-01	0	0	0
TCGA-59-2351-01	0	0	0
TCGA-25-2392-01	0	0	0
TCGA-09-2045-01	0	0	0
TCGA-24-2280-01	0	0	0
TCGA-59-2349-01	0	0	0
TCGA-25-2397-01	0	0	0
TCGA-25-2391-01	0	0	0
TCGA-25-2409-01	0	0	0
TCGA-29-2427-01	0	0	0
TCGA-09-2055-01	0	0	0
TCGA-09-2051-01	0	0	0
TCGA-25-2399-01	0	0	0
TCGA-24-2298-01	0	0	0
TCGA-25-2404-01	0	0	0
TCGA-29-2428-01	0	0	0
TCGA-13-2060-01	0	0	0
TCGA-59-2355-01	0	0	0
TCGA-59-2363-01	0	0	0
TCGA-24-2290-01	0	0	0
TCGA-25-2396-01	0	0	0
TCGA-25-2398-01	0	0	0
TCGA-59-2348-01	0	0	0
TCGA-24-2281-01	0	0	0
TCGA-29-2425-01	0	0	0
TCGA-25-2400-01	2.62238208518367e-07	0.0763738870764086	0.0763741493146171
TCGA-59-2350-01	0	0	0
TCGA-25-2393-01	0	0	0
TCGA-29-1707-02	0	0	0
TCGA-13-1819-01	0	0	0
TCGA-24-1852-02	0	0	0
TCGA-61-2095-02	0	0	0
TCGA-29-1704-01	0.209177634171946	0.00809022082661597	0.217267854998562
TCGA-13-0791-02	0.199006618720289	0.00809022082661597	0.207096839546905
TCGA-13-1819-02	0	0	0
TCGA-29-1704-02	0.41584699265919	0.00809022082661597	0.217280008100538
TCGA-13-0913-02	0	0	0
TCGA-24-1852-01	0	0	0
TCGA-29-1705-02	0	0	0
TCGA-29-2414-02	0	0	0
TCGA-04-1353-01	0	0	0
TCGA-36-2534-01	0	0	0
TCGA-13-2059-01	0	0	0
TCGA-36-2542-01	0	0	0
TCGA-36-2529-01	0	0	0
TCGA-23-2641-01	0	0	0
TCGA-13-2057-01	0	0	0
TCGA-13-2071-01	0	0	0
TCGA-04-1369-01	0	0	0
TCGA-36-2547-01	0	0	0
TCGA-36-2530-01	0	0	0
TCGA-13-2065-01	0	0	0
TCGA-04-1644-01	0	0	0
TCGA-29-2431-01	0	0	0
TCGA-36-2537-01	0	0	0
TCGA-61-2613-01	0	0	0
TCGA-23-2647-01	0	0	0
TCGA-36-2549-01	0	0	0
TCGA-36-2544-01	0.206765337671562	0.00809022082661597	0.216722260210796
TCGA-36-2532-01	0.208394205718942	0.00809022082661597	0.216500701704374
TCGA-42-2590-01	0	0	0
TCGA-29-2434-01	0	0	0
TCGA-42-2589-01	0	0	0
TCGA-23-2649-01	0	0	0
TCGA-61-2612-01	0	0	0
TCGA-42-2582-01	0	0	0
TCGA-42-2588-01	0	0	0
TCGA-42-2591-01	0	0	0
TCGA-42-2587-01	0	0	0
TCGA-61-2614-01	0	0	0
TCGA-42-2593-01	0	0	0
TCGA-23-2645-01	0	0	0
TCGA-61-2610-02	0	0	0
TCGA-29-2432-01	0	0	0
TCGA-36-2533-01	0	0	0
TCGA-59-2372-01	0	0	0
TCGA-36-2545-01	0	0	0
TCGA-3P-A9WA-01	0	0	0
TCGA-13-A5FT-01	0	0	0
TCGA-WR-A838-01	0	0	0
TCGA-OY-A56Q-01	0	0	0
TCGA-5X-AA5U-01	0	0	0
TCGA-VG-A8LO-01	0	0	0
TCGA-59-A5PD-01	0	0	0
TCGA-13-0910-01	0	0	0
TCGA-24-0980-01	0	0	0
TCGA-13-0897-01	0	0	0
TCGA-10-0937-01	0	0	0
TCGA-13-0903-01	0	0	0
TCGA-13-0891-01	0	0	0
TCGA-13-0886-01	0	0	0
TCGA-13-0807-01	0	0	0
TCGA-10-0935-01	0	0	0
TCGA-10-0928-01	0	0	0
TCGA-24-0966-01	0	0	0
TCGA-13-0888-01	0	0	0
TCGA-13-0923-01	0	0	0
TCGA-10-0933-01	0	0	0
TCGA-13-0887-01	0	0	0
TCGA-10-0938-01	0	0	0
TCGA-10-0927-01	0	0	0
TCGA-13-0906-01	0	0	0
TCGA-13-0889-01	0.133876956963899	0.073219882583006	0.207096839546905
TCGA-13-0885-01	0	0	0
TCGA-13-0883-01	0	0	0
TCGA-10-0936-01	0.199047863873523	0.00809022082661597	0.207138084700139
TCGA-10-0930-01	0	0	0
TCGA-13-0912-01	0	0	0
TCGA-13-0913-01	0	0	0
TCGA-10-0934-01	0	0	0
TCGA-10-0931-01	0	0	0
TCGA-13-0911-01	0	0	0
TCGA-61-1728-01	0.19943318194622	0.00809022082661597	0.20754424251547
TCGA-30-1860-01	6.4494209407486e-05	0.0184162354493954	0.0184807296588029
TCGA-31-1956-01	0	0	0
TCGA-31-1944-01	0	0	0
TCGA-24-1930-01	0	0	0
TCGA-30-1862-01	0	0	0
TCGA-24-1920-01	0.148805252146176	0.0393923747307951	0.21249430830407
TCGA-30-1859-01	0	0	0
TCGA-04-1654-01	0	0	0
TCGA-57-1993-01	0	0	0
TCGA-24-1924-01	0	0	0
TCGA-25-1871-01	0	0	0
TCGA-31-1950-01	0	0	0
TCGA-24-2020-01	0	0	0
TCGA-30-1891-01	0	0	0
TCGA-30-1861-01	0	0	0
TCGA-31-1946-01	0	0	0
TCGA-24-1928-01	0	0	0
TCGA-25-1877-01	0	0	0
TCGA-24-2023-01	0	0	0
TCGA-61-1743-01	0.204254152781734	0.00809022082661597	0.21234437360835
TCGA-30-1887-01	0	0	0
TCGA-61-1917-01	0	0	0
TCGA-61-1918-01	0	0	0
TCGA-30-1853-01	0	0	0
TCGA-61-1724-01	0	0	0
TCGA-30-1892-01	0	0	0
TCGA-31-1953-01	0.179596418511169	0.00809022082661597	0.213310983644949
TCGA-57-1992-01	0	0	0
TCGA-30-1866-01	0	0	0
TCGA-31-1951-01	0.207743494384279	0.00809022082661597	0.217280008100538
TCGA-24-1927-01	0	0	0
TCGA-61-1919-01	0.199505871099644	0.00809022082661597	0.20759609192626
TCGA-24-2027-01	0	0	0
TCGA-30-1880-01	0	0	0
TCGA-31-1955-01	0	0	0
TCGA-29-1784-01	0	0	0
TCGA-30-1714-01	0	0	0
TCGA-09-1673-01	0	0	0
TCGA-20-1686-01	0	0	0
TCGA-29-1688-01	0	0	0
TCGA-29-1711-01	0.20952858264944	0.00809022082661597	0.217618803476056
TCGA-29-1697-01	0	0	0
TCGA-29-1701-01	0	0	0
TCGA-20-1682-01	0	0	0
TCGA-29-1699-01	0.198985213526519	0.00809022082661597	0.207092791244561
TCGA-20-1683-01	0	0	0
TCGA-29-1763-01	0	0	0
TCGA-29-1702-01	0	0	0
TCGA-09-1675-01	0	0	0
TCGA-30-1718-01	0	0	0
TCGA-29-1766-01	0	0	0
TCGA-57-1586-01	0	0	0
TCGA-29-1703-01	0	0	0
TCGA-29-1698-01	0	0	0
TCGA-20-1687-01	0	0	0
TCGA-29-1691-01	0	0	0
TCGA-29-1707-01	0	0	0
TCGA-09-1672-01	0	0	0
TCGA-29-1705-01	0	0	0
TCGA-29-1781-01	0	0	0
TCGA-04-1655-01	0	0	0
TCGA-29-1771-01	0	0	0
TCGA-29-1762-01	0	0	0
TCGA-29-1785-01	0.206226028405856	0.00809022082661597	0.214330770673269
TCGA-29-1696-01	0	0	0
TCGA-29-1694-01	0	0	0
TCGA-09-1670-01	0	0	0
TCGA-29-1693-01	0	0	0
TCGA-24-1565-01	0	0	0
TCGA-24-1474-01	0	0	0
TCGA-24-1562-01	0	0	0
TCGA-24-1563-01	0	0	0
TCGA-24-1603-01	0	0	0
TCGA-24-1551-01	0.160978062962558	0.0152048581529355	0.211020537767141
TCGA-24-1555-01	0	0	0
TCGA-24-1614-01	0	0	0
TCGA-24-1549-01	0	0	0
TCGA-24-1550-01	0	0	0
TCGA-24-1470-01	0	0	0
TCGA-24-1553-01	0	0	0
TCGA-24-1469-01	0	0	0
TCGA-24-1564-01	0	0	0
TCGA-24-0982-01	0	0	0
TCGA-23-1120-01	0	0	0
TCGA-20-0987-01	0	0	0
TCGA-23-1027-01	0	0	0
TCGA-23-1028-01	0	0	0
TCGA-20-0996-01	0	0	0
TCGA-23-1021-01	0	0	0
TCGA-23-1116-01	0	0	0
TCGA-24-0979-01	0	0	0
TCGA-23-1032-01	0	0	0
TCGA-23-1022-01	0	0	0
TCGA-04-1336-01	0	0	0
TCGA-24-0970-01	0	0	0
TCGA-04-1335-01	0	0	0
TCGA-24-0981-01	0	0	0
TCGA-24-1104-01	0	0	0
TCGA-23-1023-01	0	0	0
TCGA-23-1122-01	0	0	0
TCGA-04-1346-01	0	0	0
TCGA-23-1124-01	0	0	0
TCGA-23-1121-01	0	0	0
TCGA-23-1026-01	0	0	0
TCGA-23-1110-01	0	0	0
TCGA-24-1103-01	0.202295790620295	0.00809022082661597	0.210386011446911
TCGA-04-1338-01	0	0	0
TCGA-04-1331-01	0	0	0
TCGA-24-1105-01	0	0	0
TCGA-23-1024-01	0	0	0
TCGA-04-1343-01	0	0	0
TCGA-23-1118-01	0	0	0
TCGA-23-1113-01	0	0	0
TCGA-09-2053-01	0	0	0
TCGA-61-2101-01	0	0	0
TCGA-61-2109-01	0	0	0
TCGA-23-2081-01	0	0	0
TCGA-61-2102-01	0	0	0
TCGA-61-2012-01	0	0	0
TCGA-61-2104-01	0	0	0
TCGA-24-2024-01	0	0	0
TCGA-61-1995-01	0	0	0
TCGA-61-1734-01	0	0	0
TCGA-24-2260-01	0	0	0
TCGA-61-2096-01	0	0	0
TCGA-09-2054-01	0	0	0
TCGA-61-2018-01	0	0	0
TCGA-23-2079-01	0	0	0
TCGA-61-2095-01	0	0	0
TCGA-61-2111-01	0	0	0
TCGA-61-1998-01	0	0	0
TCGA-23-2084-01	0	0	0
TCGA-61-2113-01	0	0	0
TCGA-61-2110-01	0	0	0
TCGA-61-2000-01	0.206893875368456	0.00809022082661597	0.217792142931887
TCGA-24-2036-01	0	0	0
TCGA-24-2261-01	0	0	0
TCGA-24-2033-01	0	0	0
TCGA-61-2008-01	0	0	0
TCGA-23-2077-01	0	0	0
TCGA-61-1736-01	0	0	0
TCGA-61-2097-01	0	0	0
TCGA-61-2016-01	0	0	0
TCGA-09-2056-01	0	0	0
TCGA-61-2087-01	0	0	0
TCGA-24-2030-01	0	0	0
TCGA-61-2002-01	0	0	0
X103	0	0	0
X1172	0	0	0
X1177	0	0	0
X1196	0	0	0
X120	0	0	0
X1237	0	0	0
X1265	0	0	0
X1283	0	0	0
X128	0	0	0
X1326	0	0	0
X1341	0	0	0
X1419	0	0	0
X1471	0	0	0
X1499	0	0	0
X1548	0	0	0
X1580	0	0	0
X1582	0	0	0
X1605	0	0	0
X1922	0	0	0
X1928	0	0	0
X1979	0	0	0
X2152	0	0	0
X2212	0	0	0
X2360	0	0	0
X2362	0	0	0
X2415	0	0	0
X2429	0	0	0
X2438	0	0	0
X2503	0	0	0
X2529	0	0	0
X2638	0	0	0
X2665	0	0	0
X2700	0	0	0
X2716	0	0	0
X2763	0	0	0
X2890	0	0	0
X2949	0	0	0
X2998	0	0	0
X300	0	0	0
X301	0	0	0
X3056	0	0	0
X3080	0	0	0
X3107	0	0	0
X3225	0	0	0
X3349	0	0	0
X3391	0	0	0
X342	0	0	0
X356	0	0	0
X429	0	0	0
X451	0	0	0
X472	0	0	0
X592	0	0	0
X655	0	0	0
X736	0	0	0
X860	0	0	0
X970	0	0	0
X987	0	0	0
OVCA104	0	0	0
OVCA110	0	0	0
OVCA121	0	0	0
OVCA130	0	0	0
OVCA131	0	0	0
OVCA132	0	0	0
OVCA133	0	0	0
OVCA134	0	0	0
OVCA136	0	0	0
OVCA138	0	0	0
OVCA139	0	0	0
OVCA141	0	0	0
OVCA142	0	0	0
OVCA143	0	0	0
OVCA144	0	0	0
OVCA145	0	0	0
OVCA146	0	0	0
OVCA147	0	0	0
OVCA15	0	0	0
OVCA151	0	0	0
OVCA152	0	0	0
OVCA155	0	0	0
OVCA158	0	0	0
OVCA159	0	0	0
OVCA161	0	0	0
OVCA163	0	0	0
OVCA164	0	0	0
OVCA165	0	0	0
OVCA166	0	0	0
OVCA167	0	0	0
OVCA169	0	0	0
OVCA17	0	0	0
OVCA170	0	0	0
OVCA171	0	0	0
OVCA172	0	0	0
OVCA173	0	0	0
OVCA175	0	0	0
OVCA176	0	0	0
OVCA177	0	0	0
OVCA178	0	0	0
OVCA179	0	0	0
OVCA181	0	0	0
OVCA182	0	0	0
OVCA183	0	0	0
OVCA184	0	0	0
OVCA185	0	0	0
OVCA186	0	0	0
OVCA188	0	0	0
OVCA19	0	0	0
OVCA193	0	0	0
OVCA194	0	0	0
OVCA195	0	0	0
OVCA196	0	0	0
OVCA197	0	0	0
OVCA20-02	0	0	0
OVCA200	0	0	0
OVCA201	0	0	0
OVCA202	0	0	0
OVCA206	0	0	0
OVCA207	0	0	0
OVCA208	0	0	0
OVCA210	0	0	0
OVCA211	0	0	0
OVCA212	0	0	0
OVCA215	0	0	0
OVCA216	0	0	0
OVCA217	0	0	0
OVCA218	0	0	0
OVCA219	0	0	0
OVCA222	0	0	0
OVCA223	0	0	0
OVCA224	0	0	0
OVCA225	0	0	0
OVCA228	0	0	0
OVCA229	0	0	0
OVCA230	0	0	0
OVCA231	0	0	0
OVCA232	0	0	0
OVCA237	0	0	0
OVCA239	0	0	0
OVCA243	0	0	0
OVCA249	0	0	0
OVCA25-02	0	0	0
OVCA250	0	0	0
OVCA252	0	0	0
OVCA257	0	0	0
OVCA259	0	0	0
OVCA26-02	0	0	0
OVCA260	0	0	0
OVCA262	0	0	0
OVCA263	0	0	0
OVCA269R	0	0	0
OVCA27	0	0	0
OVCA272	0	0	0
OVCA273	0	0	0
OVCA274	0	0	0
OVCA275	0	0	0
OVCA277	0	0	0
OVCA278	0	0	0
OVCA279	0	0	0
OVCA280	0	0	0
OVCA282	0	0	0
OVCA286	0	0	0
OVCA289	0	0	0
OVCA293	0	0	0
OVCA295	0	0	0
OVCA297	0	0	0
OVCA298	0	0	0
OVCA299	0	0	0
OVCA300	0	0	0
OVCA302	0	0	0
OVCA303	0	0	0
OVCA304	0	0	0
OVCA305	0	0	0
OVCA306	0	0	0
OVCA308	0	0	0
OVCA309	0	0	0
OVCA311	0	0	0
OVCA313	0	0	0
OVCA314	0	0	0
OVCA315	0	0	0
OVCA316	0	0	0
OVCA317	0	0	0
OVCA319	0	0	0
OVCA32	0	0	0
OVCA322	0	0	0
OVCA325	0	0	0
OVCA326	0	0	0
OVCA331	0	0	0
OVCA334	0	0	0
OVCA335	0	0	0
OVCA337	0.187925636685073	0.000693292263770434	0.188618928948844
OVCA338	0	0	0
OVCA340	0	0	0
OVCA341	0	0	0
OVCA342	0	0	0
OVCA347	0	0	0
OVCA348	0	0	0
OVCA349	0	0	0
OVCA350	0	0	0
OVCA352	0	0	0
OVCA353	0	0	0
OVCA354	0	0	0
OVCA360	0	0	0
OVCA367	0	0	0
OVCA368	0	0	0
OVCA369	0	0	0
OVCA371	0	0	0
OVCA375	0	0	0
OVCA376	0	0	0
OVCA380	0	0	0
OVCA381	0	0	0
OVCA383	0	0	0
OVCA384	0	0	0
OVCA385	0	0	0
OVCA386	0	0	0
OVCA388	0	0	0
OVCA389	0	0	0
OVCA390	0	0	0
OVCA391	0	0	0
OVCA392	0	0	0
OVCA397	0	0	0
OVCA399	0	0	0
OVCA40	0	0	0
OVCA400	0	0	0
OVCA405	0	0	0
OVCA409	0	0	0
OVCA410	0	0	0
OVCA412	0	0	0
OVCA415	0	0	0
OVCA416	0	0	0
OVCA417	0	0	0
OVCA421	0	0	0
OVCA424	0	0	0
OVCA427	0	0	0
OVCA48	0	0	0
OVCA53	0	0	0
OVCA54	0	0	0
OVCA57	0	0	0
OVCA58	0	0	0
OVCA76	0	0	0
OVCA8	0	0	0
OVCA84	0	0	0
OVCA94	0	0	0
OVCA99	0	0	0
GSM692781_JB0715	0	0	0
GSM692784_JB0718	0	0	0
GSM692791_JB0727	0	0	0
