Sample	Percent	Start	End
P-0000334-T01-IM3	0	0	0
P-0000366-T01-IM3	0	0	0
P-0000633-T01-IM3	0	0	0
P-0000666-T01-IM3	0	0	0
P-0001080-T01-IM3	0	0	0
P-0001105-T01-IM3	0	0	0
P-0001140-T01-IM3	0	0	0
P-0001457-T01-IM3	0	0	0
P-0001616-T01-IM3	0	0	0
P-0001796-T01-IM3	0	0	0
P-0001799-T01-IM3	0	0	0
P-0001801-T01-IM3	0	0	0
P-0001907-T01-IM3	0	0	0
P-0001965-T01-IM3	0	0	0
P-0002010-T02-IM5	0	0	0
P-0002310-T01-IM3	0	0	0
P-0002497-T01-IM3	0	0	0
P-0002526-T01-IM3	0	0	0
P-0002536-T01-IM3	0	0	0
P-0002802-T01-IM3	0	0	0
P-0003102-T01-IM5	0	0	0
P-0003763-T01-IM5	0	0	0
P-0003829-T01-IM5	0	0	0
P-0004867-T01-IM5	0	0	0
P-0005224-T01-IM5	0	0	0
P-0005531-T01-IM5	0	0	0
P-0005745-T01-IM5	0	0	0
P-0006656-T01-IM5	0	0	0
P-0007134-T01-IM5	0	0	0
P-0007855-T01-IM5	0	0	0
P-0009840-T01-IM5	0	0	0
P-0010011-T01-IM5	0	0	0
P-0010357-T01-IM5	0	0	0
P-0010510-T01-IM5	0	0	0
P-0010573-T01-IM5	0	0	0
P-0010598-T01-IM5	0	0	0
P-0012808-T01-IM5	0	0	0
P-0013101-T01-IM5	0	0	0
P-0014032-T01-IM5	0	0	0
P-0014409-T02-IM6	0	0	0
P-0014631-T01-IM6	0	0	0
P-0014723-T01-IM6	0	0	0
P-0014861-T01-IM6	0	0	0
P-0016129-T01-IM6	0	0	0
P-0016322-T01-IM6	0	0	0
P-0016488-T01-IM6	0	0	0
P-0017470-T01-IM6	0	0	0
P-0018026-T01-IM6	0	0	0
P-0018184-T01-IM6	0	0	0
P-0018606-T01-IM6	0	0	0
P-0018647-T01-IM6	0	0	0
P-0018944-T01-IM6	0	0	0
P-0019008-T01-IM6	0	0	0
P-0019325-T01-IM6	0	0	0
P-0019337-T01-IM6	0	0	0
P-0019383-T01-IM6	0	0	0
P-0019423-T01-IM6	0	0	0
P-0019652-T02-IM6	0	0	0
P-0019668-T01-IM6	0	0	0
P-0019814-T01-IM6	0	0	0
P-0019841-T01-IM6	0	0	0
P-0020007-T01-IM6	0	0	0
P-0020112-T01-IM6	0	0	0
P-0020434-T01-IM6	0	0	0
P-0020501-T01-IM6	0	0	0
P-0020682-T01-IM6	0	0	0
P-0020687-T01-IM6	0	0	0
P-0020973-T01-IM6	0	0	0
P-0021045-T02-IM6	0	0	0
P-0021076-T01-IM6	0	0	0
P-0021303-T01-IM6	0	0	0
P-0021409-T01-IM6	0	0	0
P-0021632-T01-IM6	0	0	0
P-0021924-T01-IM6	0	0	0
P-0022003-T01-IM6	0	0	0
P-0022046-T01-IM6	0	0	0
P-0022079-T01-IM6	0	0	0
P-0022126-T01-IM6	0	0	0
P-0022131-T01-IM6	0	0	0
P-0022358-T01-IM6	0	0	0
P-0022507-T01-IM6	0	0	0
P-0022535-T01-IM6	0	0	0
P-0023037-T01-IM6	0	0	0
P-0023091-T01-IM6	0	0	0
P-0023507-T01-IM6	0	0	0
P-0023620-T01-IM6	0	0	0
P-0023632-T01-IM6	0	0	0
P-0023834-T01-IM6	0	0	0
P-0023995-T01-IM6	0	0	0
P-0023996-T01-IM6	0	0	0
P-0024048-T01-IM6	0	0	0
P-0024053-T01-IM6	0	0	0
P-0024118-T01-IM6	0	0	0
P-0024149-T01-IM6	0	0	0
P-0024213-T01-IM6	0	0	0
P-0024318-T01-IM6	0	0	0
P-0024723-T01-IM6	0	0	0
P-0024726-T01-IM6	0	0	0
P-0024831-T01-IM6	0	0	0
P-0024935-T01-IM6	0	0	0
P-0025135-T01-IM6	0	0	0
P-0025545-T01-IM6	0	0	0
P-0025761-T01-IM6	0	0	0
P-0025802-T02-IM6	0	0	0
P-0025958-T01-IM6	0	0	0
P-0026217-T02-IM6	0	0	0
P-0026232-T01-IM6	0	0	0
P-0026493-T01-IM6	0	0	0
P-0026495-T01-IM6	0	0	0
P-0026504-T01-IM6	0	0	0
P-0026707-T01-IM6	0	0	0
P-0026882-T01-IM6	0	0	0
P-0026969-T01-IM6	0	0	0
P-0027239-T01-IM6	0	0	0
P-0027872-T01-IM6	0	0	0
P-0028009-T01-IM6	0	0	0
P-0028329-T01-IM6	0	0	0
P-0028432-T01-IM6	0	0	0
P-0028449-T01-IM6	0	0	0
P-0028493-T01-IM6	0	0	0
P-0028695-T01-IM6	0	0	0
P-0028702-T01-IM6	0	0	0
P-0028778-T01-IM6	0	0	0
P-0029084-T01-IM6	0	0	0
P-0029129-T01-IM6	0	0	0
P-0029325-T01-IM6	0	0	0
P-0029393-T01-IM6	0	0	0
P-0029537-T01-IM6	0	0	0
P-0029789-T01-IM6	0	0	0
P-0029946-T01-IM6	0	0	0
P-0030023-T01-IM6	0	0	0
P-0030026-T01-IM6	0	0	0
P-0030346-T01-IM6	0	0	0
P-0030505-T01-IM6	0	0	0
P-0030632-T01-IM6	0	0	0
P-0030669-T01-IM6	0	0	0
P-0030697-T01-IM6	0	0	0
P-0030836-T01-IM6	0	0	0
P-0031210-T01-IM6	0	0	0
P-0031656-T01-IM6	0	0	0
P-0031687-T01-IM6	0	0	0
P-0031751-T01-IM6	0	0	0
P-0032339-T01-IM6	0	0	0
P-0032525-T01-IM6	0	0	0
P-0032956-T01-IM6	0	0	0
P-0033193-T01-IM6	0	0	0
P-0033217-T01-IM6	0	0	0
P-0033283-T03-IM6	0	0	0
P-0033345-T01-IM6	0	0	0
P-0033718-T01-IM6	0	0	0
P-0033726-T01-IM6	0	0	0
P-0033784-T01-IM6	0	0	0
P-0033798-T01-IM6	0	0	0
P-0034038-T01-IM6	0	0	0
P-0034239-T01-IM6	0	0	0
P-0034383-T01-IM6	0	0	0
P-0034484-T01-IM6	0	0	0
P-0034885-T01-IM6	0	0	0
P-0034976-T01-IM6	0	0	0
P-0035075-T01-IM6	0	0	0
P-0035120-T01-IM6	0	0	0
P-0035382-T01-IM6	0	0	0
P-0035530-T01-IM6	0	0	0
P-0035594-T01-IM6	0	0	0
P-0035753-T01-IM6	0	0	0
P-0035898-T01-IM6	0	0	0
P-0036326-T01-IM6	0	0	0
P-0036348-T01-IM6	0	0	0
P-0036409-T01-IM6	0	0	0
P-0036457-T01-IM6	0	0	0
P-0036488-T01-IM6	0	0	0
P-0036627-T01-IM6	0	0	0
P-0036727-T01-IM6	0	0	0
P-0036766-T01-IM6	0	0	0
P-0036779-T01-IM6	0	0	0
P-0036814-T01-IM6	0	0	0
P-0036872-T01-IM6	0	0	0
P-0036895-T01-IM6	0	0	0
P-0037025-T01-IM6	0	0	0
P-0037049-T01-IM6	0	0	0
P-0037128-T01-IM6	0	0	0
P-0037342-T01-IM6	0	0	0
P-0037462-T01-IM6	0	0	0
P-0037794-T01-IM6	0	0	0
P-0037905-T01-IM6	0	0	0
P-0037939-T01-IM6	0	0	0
P-0038047-T01-IM6	0	0	0
P-0038069-T01-IM6	0	0	0
P-0038154-T01-IM6	0	0	0
P-0038323-T01-IM6	0	0	0
P-0038427-T01-IM6	0	0	0
P-0038483-T01-IM6	0	0	0
P-0038634-T01-IM6	0	0	0
P-0038646-T01-IM6	0	0	0
P-0038663-T01-IM6	0	0	0
P-0038745-T01-IM6	0	0	0
P-0038791-T01-IM6	0	0	0
P-0038960-T01-IM6	0	0	0
P-0039012-T01-IM6	0	0	0
P-0039070-T01-IM6	0	0	0
P-0039094-T01-IM6	0	0	0
P-0039132-T01-IM6	0	0	0
P-0039180-T01-IM6	0	0	0
P-0039242-T01-IM6	0	0	0
P-0039422-T01-IM6	0	0	0
P-0039500-T01-IM6	0	0	0
P-0039511-T02-IM6	0	0	0
P-0039563-T01-IM6	0	0	0
P-0039605-T01-IM6	0	0	0
P-0039615-T01-IM6	0	0	0
P-0039726-T01-IM6	0	0	0
P-0039749-T01-IM6	0	0	0
P-0039767-T01-IM6	0	0	0
P-0039772-T01-IM6	0	0	0
P-0039811-T01-IM6	0	0	0
P-0039932-T01-IM6	0	0	0
P-0040007-T01-IM6	0	0	0
P-0040043-T01-IM6	0	0	0
P-0040154-T01-IM6	0	0	0
P-0040160-T02-IM6	0	0	0
P-0040177-T01-IM6	0	0	0
P-0040386-T01-IM6	0	0	0
P-0040521-T01-IM6	0	0	0
P-0040605-T01-IM6	0	0	0
P-0040800-T01-IM6	0	0	0
P-0040803-T01-IM6	0	0	0
P-0040960-T01-IM6	0	0	0
P-0041035-T01-IM6	0	0	0
P-0041225-T01-IM6	0	0	0
P-0041234-T01-IM6	0	0	0
P-0041269-T01-IM6	0	0	0
P-0041413-T01-IM6	0	0	0
P-0041464-T01-IM6	0	0	0
P-0041468-T01-IM6	0	0	0
P-0041544-T01-IM6	0	0	0
P-0041837-T01-IM6	0	0	0
P-0041886-T01-IM6	0	0	0
P-0041962-T02-IM6	0	0	0
P-0042152-T01-IM6	0	0	0
P-0042516-T01-IM6	0	0	0
P-0042757-T01-IM6	0	0	0
P-0043133-T01-IM6	0	0	0
P-0043295-T01-IM6	0	0	0
P-0043571-T01-IM6	0	0	0
P-0043587-T01-IM6	0	0	0
P-0043617-T01-IM6	0	0	0
P-0043950-T01-IM6	0	0	0
P-0044065-T01-IM6	0	0	0
P-0044136-T01-IM6	0	0	0
P-0044146-T01-IM6	0	0	0
P-0044185-T01-IM6	0	0	0
P-0044224-T01-IM6	0	0	0
P-0044338-T01-IM6	0	0	0
P-0044345-T01-IM6	0	0	0
P-0044770-T01-IM6	0	0	0
P-0044784-T01-IM6	0	0	0
P-0044796-T01-IM6	0	0	0
P-0044919-T01-IM6	0	0	0
P-0045161-T01-IM6	0	0	0
P-0045494-T01-IM6	0	0	0
P-0045545-T01-IM6	0	0	0
P-0045578-T01-IM6	0	0	0
P-0045902-T01-IM6	0	0	0
P-0045947-T01-IM6	0	0	0
P-0046249-T01-IM6	0	0	0
P-0046280-T01-IM6	0	0	0
P-0046478-T01-IM6	0	0	0
P-0046480-T01-IM6	0	0	0
P-0046489-T01-IM6	0	0	0
P-0046543-T01-IM6	0	0	0
P-0046676-T01-IM6	0	0	0
P-0047214-T01-IM6	0	0	0
P-0047362-T01-IM6	0	0	0
P-0047432-T01-IM6	0	0	0
P-0047444-T01-IM6	0	0	0
P-0047610-T01-IM6	0	0	0
P-0047622-T01-IM6	0	0	0
P-0047699-T01-IM6	0	0	0
P-0047853-T01-IM6	0	0	0
P-0047883-T01-IM6	0	0	0
P-0048239-T01-IM6	0	0	0
P-0048254-T01-IM6	0	0	0
P-0048556-T01-IM6	0	0	0
P-0048559-T01-IM6	0	0	0
P-0048588-T01-IM6	0	0	0
P-0048851-T01-IM6	0	0	0
P-0049040-T01-IM6	0	0	0
P-0049127-T01-IM6	0	0	0
P-0049483-T01-IM6	0	0	0
P-0049686-T01-IM6	0	0	0
P-0049782-T01-IM6	0	0	0
P-0049921-T01-IM6	0	0	0
P-0050148-T01-IM6	0	0	0
P-0050454-T01-IM6	0	0	0
P-0000067-T01-IM3	0	0	0
P-0001265-T01-IM3	0	0	0
P-0001700-T01-IM3	0	0	0
P-0002257-T01-IM3	0	0	0
P-0002373-T01-IM3	0	0	0
P-0002645-T01-IM3	0	0	0
P-0004722-T01-IM5	0	0	0
P-0005339-T01-IM5	0	0	0
P-0005766-T01-IM5	0	0	0
P-0007150-T01-IM5	0	0	0
P-0007370-T01-IM5	0	0	0
P-0009061-T01-IM5	0	0	0
P-0010250-T01-IM5	0	0	0
P-0010348-T01-IM5	0	0	0
P-0011557-T01-IM5	0	0	0
P-0012038-T01-IM5	0	0	0
P-0012338-T01-IM5	0	0	0
TCGA-72-4233-01	0	0	0
TCGA-72-4232-01	0	0	0
TCGA-72-4237-01	0	0	0
TCGA-72-4235-01	0	0	0
TCGA-72-4240-01	0	0	0
TCGA-72-4231-01	0	0	0
TCGA-09-1669-01	0	0	0
TCGA-25-1635-01	0	0	0
TCGA-25-1632-01	0	0	0
TCGA-09-1665-01	0	0	0
TCGA-24-1557-01	0	0	0
TCGA-36-1577-01	0	0	0
TCGA-57-1585-01	0	0	0
TCGA-24-1567-01	0	0	0
TCGA-24-1558-01	0	0	0
TCGA-04-1525-01	0	0	0
TCGA-04-1536-01	0	0	0
TCGA-09-1662-01	0	0	0
TCGA-25-1628-01	0	0	0
TCGA-24-1544-01	0	0	0
TCGA-36-1574-01	0	0	0
TCGA-36-1581-01	0	0	0
TCGA-57-1583-01	0	0	0
TCGA-36-1571-01	0	0	0
TCGA-24-1546-01	0	0	0
TCGA-25-1623-01	0	0	0
TCGA-09-1659-01	0	0	0
TCGA-25-1633-01	0	0	0
TCGA-25-1627-01	0	0	0
TCGA-36-1570-01	0	0	0
TCGA-09-1668-01	0	0	0
TCGA-09-1661-01	0	0	0
TCGA-24-1545-01	0	0	0
TCGA-25-1631-01	0	0	0
TCGA-57-1584-01	0	0	0
TCGA-24-1556-01	0	0	0
TCGA-25-1625-01	0	0	0
TCGA-61-1730-01	0	0	0
TCGA-61-1740-01	0	0	0
TCGA-61-1738-01	0	0	0
TCGA-29-1775-01	0	0	0
TCGA-61-1907-01	0	0	0
TCGA-04-1638-01	0	0	0
TCGA-24-1846-01	0	0	0
TCGA-04-1651-01	0	0	0
TCGA-29-1778-01	0	0	0
TCGA-24-1842-01	0	0	0
TCGA-61-1733-01	0	0	0
TCGA-24-1843-01	0	0	0
TCGA-61-1722-01	0	0	0
TCGA-61-1737-01	0	0	0
TCGA-04-1648-01	0	0	0
TCGA-61-1904-01	0	0	0
TCGA-61-1899-01	0	0	0
TCGA-61-1915-01	0	0	0
TCGA-24-1844-01	0	0	0
TCGA-24-1845-01	0	0	0
TCGA-61-1727-01	0	0	0
TCGA-04-1646-01	0	0	0
TCGA-61-1725-01	0	0	0
TCGA-61-1901-01	0	0	0
TCGA-29-1776-01	0	0	0
TCGA-61-1913-01	0	0	0
TCGA-29-1777-01	0	0	0
TCGA-29-1769-01	0	0	0
TCGA-61-1914-01	0	0	0
TCGA-61-1741-01	0	0	0
TCGA-04-1652-01	0	0	0
TCGA-30-1857-01	0	0	0
TCGA-24-1850-01	0	0	0
TCGA-61-1910-01	0	0	0
TCGA-13-1494-01	0	0	0
TCGA-24-1418-01	0	0	0
TCGA-13-1482-01	0	0	0
TCGA-13-1511-01	0	0	0
TCGA-24-1426-01	0	0	0
TCGA-13-1507-01	0	0	0
TCGA-13-1492-01	0	0	0
TCGA-24-1419-01	0	0	0
TCGA-24-1435-01	0	0	0
TCGA-24-1422-01	0	0	0
TCGA-13-1512-01	0	0	0
TCGA-13-1504-01	0	0	0
TCGA-24-1430-01	0	0	0
TCGA-13-1489-02	0	0	0
TCGA-13-1501-01	0	0	0
TCGA-13-1510-01	0	0	0
TCGA-13-1484-01	0	0	0
TCGA-13-1509-01	0	0	0
TCGA-24-1434-01	0	0	0
TCGA-13-1491-01	0	0	0
TCGA-24-1428-01	0	0	0
TCGA-13-1483-01	0	0	0
TCGA-13-1481-01	0	0	0
TCGA-13-1495-01	0	0	0
TCGA-13-1499-01	0	0	0
TCGA-13-1497-01	0	0	0
TCGA-13-1496-01	0	0	0
TCGA-13-1488-01	0	0	0
TCGA-13-1498-01	0	0	0
TCGA-24-1423-01	0	0	0
TCGA-24-1431-01	0	0	0
TCGA-24-1466-01	0	0	0
TCGA-24-1463-01	0	0	0
TCGA-24-1424-01	0	0	0
TCGA-13-1500-01	0	0	0
TCGA-13-1489-01	0	0	0
TCGA-13-0723-01	0	0	0
TCGA-13-0802-01	0	0	0
TCGA-13-0791-01	0	0	0
TCGA-13-0792-01	0	0	0
TCGA-13-0805-01	0	0	0
TCGA-13-0768-01	0	0	0
TCGA-13-0793-01	0	0	0
TCGA-13-0797-01	0	0	0
TCGA-13-0795-01	0	0	0
TCGA-13-0764-01	0	0	0
TCGA-13-0724-01	0	0	0
TCGA-13-0801-01	0	0	0
TCGA-13-0760-01	0	0	0
TCGA-13-0762-01	0	0	0
TCGA-13-0791-02	0	0	0
TCGA-09-0369-01	0	0	0
TCGA-13-0803-01	0	0	0
TCGA-13-0799-01	0	0	0
TCGA-13-0794-01	0	0	0
TCGA-13-1407-01	0	0	0
TCGA-25-1312-01	0	0	0
TCGA-13-0900-01	0	0	0
TCGA-13-0905-01	0	0	0
TCGA-25-1315-01	0	0	0
TCGA-04-1367-01	0	0	0
TCGA-04-1365-01	0	0	0
TCGA-25-1318-01	0	0	0
TCGA-25-1321-01	0	0	0
TCGA-25-1319-01	0	0	0
TCGA-04-1348-01	0	0	0
TCGA-13-1408-01	0	0	0
TCGA-13-0901-01	0	0	0
TCGA-04-1349-01	0	0	0
TCGA-13-1410-01	0	0	0
TCGA-13-0893-01	0	0	0
TCGA-04-1360-01	0	0	0
TCGA-13-1404-01	0	0	0
TCGA-04-1361-01	0	0	0
TCGA-04-1371-01	0	0	0
TCGA-25-1314-01	0	0	0
TCGA-09-2050-01	0	0	0
TCGA-09-2044-01	0	0	0
TCGA-24-2297-01	0	0	0
TCGA-59-2352-01	0	0	0
TCGA-25-2392-01	0	0	0
TCGA-25-2391-01	0	0	0
TCGA-09-2055-01	0	0	0
TCGA-25-2399-01	0	0	0
TCGA-24-2298-01	0	0	0
TCGA-24-2289-01	0	0	0
TCGA-13-2060-01	0	0	0
TCGA-59-2355-01	0	0	0
TCGA-24-2290-01	0	0	0
TCGA-24-2288-01	0	0	0
TCGA-59-2348-01	0	0	0
TCGA-24-2262-01	0	0	0
TCGA-29-2414-01	0	0	0
TCGA-29-2425-01	0	0	0
TCGA-59-2354-01	0	0	0
TCGA-25-2401-01	0	0	0
TCGA-25-2400-01	0	0	0
TCGA-25-2393-01	0	0	0
TCGA-29-1707-02	0	0	0
TCGA-13-1819-01	0	0	0
TCGA-13-1817-02	0	0	0
TCGA-24-1852-02	0	0	0
TCGA-61-2095-02	0	0	0
TCGA-13-1817-01	0	0	0
TCGA-29-1692-01	0	0	0
TCGA-13-0913-02	0	0	0
TCGA-24-1852-01	0	0	0
TCGA-29-1705-02	0	0	0
TCGA-29-2414-02	0	0	0
TCGA-36-2543-01	0	0	0
TCGA-36-2538-01	0	0	0
TCGA-36-2534-01	0	0	0
TCGA-13-2059-01	0	0	0
TCGA-36-2529-01	0	0	0
TCGA-13-2057-01	0	0	0
TCGA-04-1369-01	0	0	0
TCGA-36-2547-01	0	0	0
TCGA-36-2530-01	0	0	0
TCGA-04-1644-01	0	0	0
TCGA-29-2429-01	0	0	0
TCGA-36-2552-01	0	0	0
TCGA-36-2537-01	0	0	0
TCGA-04-1516-01	0	0	0
TCGA-61-2613-01	0	0	0
TCGA-13-2066-01	0	0	0
TCGA-23-2647-01	0	0	0
TCGA-36-2549-01	0	0	0
TCGA-36-2544-01	0	0	0
TCGA-61-2611-02	0	0	0
TCGA-42-2590-01	0	0	0
TCGA-29-2434-01	0	0	0
TCGA-42-2589-01	0	0	0
TCGA-23-2649-01	0	0	0
TCGA-61-2612-01	0	0	0
TCGA-42-2587-01	0	0	0
TCGA-23-2645-01	0	0	0
TCGA-61-2610-02	0	0	0
TCGA-29-2432-01	0	0	0
TCGA-36-2533-01	0	0	0
TCGA-59-2372-01	0	0	0
TCGA-36-2545-01	0	0	0
TCGA-3P-A9WA-01	0	0	0
TCGA-13-A5FT-01	0	0	0
TCGA-WR-A838-01	0	0	0
TCGA-OY-A56Q-01	0	0	0
TCGA-OY-A56P-01	0	0	0
TCGA-5X-AA5U-01	0	0	0
TCGA-13-A5FU-01	0	0	0
TCGA-VG-A8LO-01	0	0	0
TCGA-59-A5PD-01	0	0	0
TCGA-10-0937-01	0	0	0
TCGA-13-0891-01	0	0	0
TCGA-10-0928-01	0	0	0
TCGA-24-0966-01	0	0	0
TCGA-13-0888-01	0	0	0
TCGA-13-0904-01	0	0	0
TCGA-13-0916-01	0	0	0
TCGA-10-0933-01	0	0	0
TCGA-13-0887-01	0	0	0
TCGA-10-0938-01	0	0	0
TCGA-13-0899-01	0	0	0
TCGA-13-0906-01	0	0	0
TCGA-13-0889-01	0	0	0
TCGA-13-0885-01	0	0	0
TCGA-13-0890-01	0	0	0
TCGA-10-0936-01	0	0	0
TCGA-10-0930-01	0	0	0
TCGA-13-0920-01	0	0	0
TCGA-13-0912-01	0	0	0
TCGA-13-0913-01	0	0	0
TCGA-13-0919-01	0	0	0
TCGA-61-1728-01	0	0	0
TCGA-57-1994-01	0	0	0
TCGA-31-1956-01	0	0	0
TCGA-31-1944-01	0	0	0
TCGA-04-1654-01	0	0	0
TCGA-57-1993-01	0	0	0
TCGA-24-1924-01	0	0	0
TCGA-25-1871-01	0	0	0
TCGA-31-1959-01	0	0	0
TCGA-24-2020-01	0	0	0
TCGA-25-1877-01	0	0	0
TCGA-24-2023-01	0	0	0
TCGA-61-1917-01	0	0	0
TCGA-61-1918-01	0	0	0
TCGA-30-1853-01	0	0	0
TCGA-61-1724-01	0	0	0
TCGA-24-2026-01	0	0	0
TCGA-31-1953-01	0	0	0
TCGA-10-0925-01	0	0	0
TCGA-57-1992-01	0	0	0
TCGA-30-1866-01	0	0	0
TCGA-24-1927-01	0	0	0
TCGA-29-1784-01	0	0	0
TCGA-09-1673-01	0	0	0
TCGA-20-1686-01	0	0	0
TCGA-29-1688-01	0	0	0
TCGA-20-1684-01	0	0	0
TCGA-24-1847-01	0	0	0
TCGA-29-1711-01	0	0	0
TCGA-29-1697-01	0	0	0
TCGA-29-1701-01	0	0	0
TCGA-20-1682-01	0	0	0
TCGA-29-1699-01	0	0	0
TCGA-29-1695-01	0	0	0
TCGA-29-1702-01	0	0	0
TCGA-09-1675-01	0	0	0
TCGA-57-1586-01	0	0	0
TCGA-29-1703-01	0	0	0
TCGA-29-1698-01	0	0	0
TCGA-29-1761-01	0	0	0
TCGA-29-1705-01	0	0	0
TCGA-29-1781-01	0	0	0
TCGA-04-1655-01	0	0	0
TCGA-29-1771-01	0	0	0
TCGA-23-1809-01	0	0	0
TCGA-29-1696-01	0	0	0
TCGA-23-1114-01	0	0	0
TCGA-29-1693-01	0	0	0
TCGA-24-1425-01	0	0	0
TCGA-24-1552-01	0	0	0
TCGA-04-1514-01	0	0	0
TCGA-24-1550-01	0	0	0
TCGA-04-1542-01	0	0	0
TCGA-24-1616-01	0	0	0
TCGA-04-1530-01	0	0	0
TCGA-24-1553-01	0	0	0
TCGA-23-1120-01	0	0	0
TCGA-20-0987-01	0	0	0
TCGA-04-1332-01	0	0	0
TCGA-23-1027-01	0	0	0
TCGA-23-1028-01	0	0	0
TCGA-20-0996-01	0	0	0
TCGA-24-0979-01	0	0	0
TCGA-23-1032-01	0	0	0
TCGA-23-1022-01	0	0	0
TCGA-04-1336-01	0	0	0
TCGA-04-1335-01	0	0	0
TCGA-23-1023-01	0	0	0
TCGA-23-1122-01	0	0	0
TCGA-04-1347-01	0	0	0
TCGA-04-1346-01	0	0	0
TCGA-23-1124-01	0	0	0
TCGA-23-1121-01	0	0	0
TCGA-23-1026-01	0	0	0
TCGA-23-1110-01	0	0	0
TCGA-24-1103-01	0	0	0
TCGA-23-1030-01	0	0	0
TCGA-23-1123-01	0	0	0
TCGA-04-1331-01	0	0	0
TCGA-24-1105-01	0	0	0
TCGA-04-1343-01	0	0	0
TCGA-23-1118-01	0	0	0
TCGA-09-2053-01	0	0	0
TCGA-61-2101-01	0	0	0
TCGA-24-2019-01	0	0	0
TCGA-23-2078-01	0	0	0
TCGA-23-2081-01	0	0	0
TCGA-24-2024-01	0	0	0
TCGA-61-1734-01	0	0	0
TCGA-24-2260-01	0	0	0
TCGA-23-2072-01	0	0	0
TCGA-61-2096-01	0	0	0
TCGA-09-2054-01	0	0	0
TCGA-61-2018-01	0	0	0
TCGA-61-1998-01	0	0	0
TCGA-24-2254-01	0	0	0
TCGA-24-2036-01	0	0	0
TCGA-24-2261-01	0	0	0
TCGA-61-2017-01	0	0	0
TCGA-61-2008-01	0	0	0
TCGA-23-2077-01	0	0	0
TCGA-61-1736-01	0	0	0
TCGA-61-2016-01	0	0	0
TCGA-09-2056-01	0	0	0
TCGA-61-2087-01	0	0	0
TCGA-24-2030-01	0	0	0
TCGA-61-2002-01	0	0	0
X1032	0	0	0
X1040	0.00567254024801293	0.000390079335171071	0.006062619583184
X106	0.0209897101086904	0.000389259840769451	0.0213789699494599
X1097	0.0302811376342568	0.000389259840769451	0.0306703974750263
X1098	0.122752369631573	0.000388440346367832	0.126701201745107
X1172	0	0	0
X1177	0.00178649779553138	0.000388440346367832	0.00217493814189921
X1192	0.125553794853623	0.000388440346367832	0.126701201745107
X119	0.0834539663238118	0.000389259840769451	0.126701201745107
X120	0.0314521951341717	0.000388440346367832	0.0318406354805395
X1230	0.126309311327308	0.000390079335171071	0.126701201745107
X1237	0.126311941904337	0.000388440346367832	0.126701201745107
X1269	0.125361648001275	0.000390079335171071	0.126701201745107
X128	0.126280784727188	0.000388440346367832	0.126701201745107
X137	0	0	0
X1410	0	0	0
X1419	0.126073764051451	0.000389259840769451	0.126701201745107
X1471	0.125328507647673	0.000388440346367832	0.126701201745107
X1530	0.125019836886359	0.000388440346367832	0.125595711992266
X1552	0.125140392707782	0.000390079335171071	0.126701201745107
X1580	0	0	0
X1593	0.126311941904337	0.000389259840769451	0.126701201745107
X1605	0.126311687861073	0.000388440346367832	0.126701201745107
X1634	0.113404093779366	0.000388440346367832	0.113792534125734
X1652	0	0	0
X1689	0.00458589067146495	0.000389259840769451	0.0049751505122344
X1718	0	0	0
X1751	0.1262544052024	0.000390079335171071	0.126701201745107
X1851	0.125200551791804	0.000389259840769451	0.125595711992266
X1922	0.122872523900739	0.000388440346367832	0.126701201745107
X1979	0	0	0
X2090	0.126312761398739	0.000388440346367832	0.126701201745107
X2120	0.126291077576872	0.000389259840769451	0.126701201745107
X2152	0.00703126196589872	0.000390079335171071	0.0074213413010698
X2212	0.122785001898646	0.000388440346367832	0.125595736577098
X2354	0.0875834559781826	0.000390079335171071	0.126701201745107
X2357	0.122298123884755	0.000389259840769451	0.126701201745107
X2360	0.0777626432641137	0.000388440346367832	0.0781510836104816
X2362	0.115578056722928	0.000388440346367832	0.126701201745107
X2374	0.123298267632268	0.000390079335171071	0.126701201745107
X23	0.119669513642119	0.000389259840769451	0.126701201745107
X2401	0.115367004134734	0.000388440346367832	0.125595736577098
X2412	0.0053250746217261	0.000389259840769451	0.00571433446249555
X2415	0.124810046319545	0.000389259840769451	0.126701201745107
X2429	0.12447105426537	0.000388440346367832	0.126701201745107
X2443	0.126225075497766	0.000390898829572691	0.126701201745107
X2503	0.126281620611477	0.000388440346367832	0.126701201745107
X2529	0.12613840576985	0.000390079335171071	0.126701201745107
X2554	0.122505800156014	0.000388440346367832	0.126701201745107
X2556	0.126310302915534	0.000388440346367832	0.126701201745107
X2587	0	0	0
X2593	0.0882394776365673	0.000390079335171071	0.121594120829156
X2638	0.126240645891396	0.000389259840769451	0.126701201745107
X2648	0.126270967184256	0.000389259840769451	0.126701201745107
X2665	0.125981939703749	0.000389259840769451	0.126701201745107
X2700	0.12623924455597	0.000388440346367832	0.126701201745107
X2716	0	0	0
X2763	0.124882579769032	0.000388440346367832	0.125595736577098
X2773	0.115161909270841	0.000390079335171071	0.115562642033233
X2797	0	0	0
X2816	0.126312761398739	0.000388440346367832	0.126701201745107
X2902	0.124569500127837	0.000389259840769451	0.126701201745107
X2949	0.126305918620485	0.000388440346367832	0.126701201745107
X2991	0.125769149787424	0.000388440346367832	0.126701201745107
X2998	0.126287676675105	0.000388440346367832	0.126701201745107
X301	0	0	0
X3059	0	0	0
X3107	0.126212725717133	0.000389259840769451	0.126701201745107
X3151	0.126311941904337	0.000389259840769451	0.126701201745107
X3238	0.124808169677365	0.000389259840769451	0.126701201745107
X3297	0.126300468982715	0.000389259840769451	0.126701201745107
X429	0.0314513756397701	0.000389259840769451	0.0318406354805395
X451	0.1247169107808	0.000388440346367832	0.126701201745107
X472	0.126312761398739	0.000388440346367832	0.126701201745107
X544	0.12630609071431	0.000389259840769451	0.126701201745107
X655	0	0	0
X935	0.126201449474167	0.000388440346367832	0.126701201745107
X93	0.126297846600629	0.000390079335171071	0.126701201745107
X94	0.126292421547691	0.000389259840769451	0.126701201745107
X987	0.12520729623073	0.000388440346367832	0.125595736577098
X991	0.126312761398739	0.000388440346367832	0.126701201745107
OVCA10-02	0	0	0
OVCA102	0	0	0
OVCA103	0.120323978261141	0.000488418663365459	0.126701201745107
OVCA110	0.126088023254039	0.000486779674562219	0.126701201745107
OVCA111	0	0	0
OVCA112	0	0	0
OVCA117	0	0	0
OVCA118	0.124303983941712	0.00112926328543222	0.126701201745107
OVCA121	0	0	0
OVCA122	0	0	0
OVCA125	0	0	0
OVCA130	0	0	0
OVCA131	0.126205407632127	0.000488418663365459	0.126701201745107
OVCA132	0.096102927972367	0.000488418663365459	0.0965913466357325
OVCA133	0	0	0
OVCA136	0	0	0
OVCA138	0	0	0
OVCA14	0	0	0
OVCA141	0	0	0
OVCA144	0	0	0
OVCA148	0	0	0
OVCA149	0.126214422070545	0.000486779674562219	0.126701201745107
OVCA15	0	0	0
OVCA150	0.0175429166554772	0.000486779674562219	0.0180296963300394
OVCA151	0	0	0
OVCA153	0	0	0
OVCA155	0	0	0
OVCA156	0	0	0
OVCA158	0.0206324105495842	0.000488418663365459	0.0211208292129496
OVCA162	0	0	0
OVCA163	0.0323249566718969	0.00257075393788162	0.0348957106097785
OVCA165	0.106578885485811	0.000488418663365459	0.107087791509217
OVCA166	0	0	0
OVCA169	0	0	0
OVCA17	0	0	0
OVCA178	0	0	0
OVCA18	0	0	0
OVCA181	0	0	0
OVCA184	0	0	0
OVCA185	0.0787540675911935	0.000488418663365459	0.109194351038245
OVCA187	0.126213602576143	0.000487599168963839	0.126701201745107
OVCA189	0.0790172891929938	0.000486779674562219	0.079504068867556
OVCA19	0	0	0
OVCA193	0	0	0
OVCA194	0.0293551089604264	0.000486779674562219	0.0298418886349886
OVCA196	0	0	0
OVCA198	0	0	0
OVCA199	0	0	0
OVCA2	0	0	0
OVCA203	0	0	0
OVCA204	0.00723285758869722	0.000487599168963839	0.00772045675766106
OVCA205	0.000540046810667513	0.000486779674562219	0.00102682648522973
OVCA208	0.000438429504866645	0.000487599168963839	0.000926028673830485
OVCA209	0	0	0
OVCA211	0.00246421966567103	0.000487599168963839	0.00295181883463487
OVCA214	0.00267237124368249	0.000487599168963839	0.00315997041264633
OVCA216	0	0	0
OVCA218	0	0	0
OVCA219	0	0	0
OVCA221	0.0987949015221363	0.000486779674562219	0.107560385735687
OVCA225	0	0	0
OVCA227	0.0474093901225143	0.000488418663365459	0.0478978087858798
OVCA228	0	0	0
OVCA232	0	0	0
OVCA235	0.0717978713124831	0.000487599168963839	0.107108901685003
OVCA236	0	0	0
OVCA241	0.00135134626827121	0.000488418663365459	0.00183976493163667
OVCA242	0	0	0
OVCA243	0	0	0
OVCA244	0	0	0
OVCA245R	0	0	0
OVCA247	0	0	0
OVCA249	0.11850544642945	0.000486779674562219	0.126701201745107
OVCA25-02	0.125306610757262	0.000488418663365459	0.126029224530722
OVCA250	0	0	0
OVCA252	0	0	0
OVCA255	0	0	0
OVCA258	0	0	0
OVCA259	0	0	0
OVCA260	0	0	0
OVCA261	0.0481543105335868	0.000487599168963839	0.0486419097025507
OVCA262	0	0	0
OVCA266	0.126168858181814	0.000486779674562219	0.126701201745107
OVCA267	0	0	0
OVCA268	0	0	0
OVCA269R	0	0	0
OVCA270R	0	0	0
OVCA272	0	0	0
OVCA278	0	0	0
OVCA279	0.124757713407057	0.000486779674562219	0.125390838391861
OVCA285	0	0	0
OVCA286	0	0	0
OVCA288	0	0	0
OVCA289	0	0	0
OVCA291	0	0	0
OVCA292	0	0	0
OVCA293	0.0968245091828814	0.000488418663365459	0.107501275604498
OVCA294	0	0	0
OVCA296	0	0	0
OVCA297	0.00701405258346471	0.000488418663365459	0.00750247124683016
OVCA299	0	0	0
OVCA30	0.0316791950834204	0.000486779674562219	0.0321659747579826
OVCA300	0	0	0
OVCA302	0	0	0
OVCA303	0	0	0
OVCA304	0	0	0
OVCA305	0.01541960666088	0.000488418663365459	0.0159080253242455
OVCA309	0	0	0
OVCA31	0.0959159357398054	0.000487599168963839	0.126701201745107
OVCA310	0	0	0
OVCA311	0	0	0
OVCA312	0.00212576847780202	0.000488418663365459	0.00261418714116747
OVCA32	0	0	0
OVCA321	0.000432693044055306	0.000486779674562219	0.000919472718617525
OVCA322	0	0	0
OVCA33	0.0652932164490654	0.000486779674562219	0.0657799961236276
OVCA331	0	0	0
OVCA334	0	0	0
OVCA335	0	0	0
OVCA336	0.000419581133629388	0.000486779674562219	0.000906360808191607
OVCA337	0	0	0
OVCA340	0.125657501870148	0.000487599168963839	0.126701201745107
OVCA344	0	0	0
OVCA345	0.103685390067739	0.000486779674562219	0.107501275604498
OVCA347	0	0	0
OVCA348	0.120641704435593	0.000488418663365459	0.125093443873513
OVCA349	0	0	0
OVCA350	0	0	0
OVCA351	0	0	0
OVCA354	0	0	0
OVCA355	0.117894914905299	0.000486779674562219	0.126701201745107
OVCA357	0	0	0
OVCA358	0	0	0
OVCA360	0.0182411258856573	0.000488418663365459	0.0187295445490228
OVCA361	0	0	0
OVCA366	0	0	0
OVCA368	0	0	0
OVCA371	0	0	0
OVCA372	0	0	0
OVCA375	0	0	0
OVCA376	0	0	0
OVCA377	0	0	0
OVCA386	0.110750800365354	0.000487599168963839	0.126701201745107
OVCA389	0	0	0
OVCA390	0	0	0
OVCA391	0	0	0
OVCA392	0	0	0
OVCA400	0.00253469618421034	0.000486779674562219	0.00302147585877256
OVCA401	0	0	0
OVCA402	0	0	0
OVCA405	0	0	0
OVCA406	0	0	0
OVCA407	0	0	0
OVCA409	0	0	0
OVCA411	0	0	0
OVCA412	0.000431054055252066	0.000488418663365459	0.000919472718617525
OVCA414	0	0	0
OVCA421	0	0	0
OVCA423	0	0	0
OVCA425	0	0	0
OVCA46	0.126167268362675	0.000486779674562219	0.126701201745107
OVCA5	0.124156802747181	0.000488418663365459	0.126701201745107
OVCA52	0	0	0
OVCA53	0.12616880901215	0.000487599168963839	0.126701201745107
OVCA55	0.000825230862431237	0.000488418663365459	0.0013136495257967
OVCA58	0.0272006581785676	0.000487599168963839	0.0276882573475315
OVCA64	0	0	0
OVCA68	0.119866356197388	0.000486779674562219	0.126701201745107
OVCA69	0.0277480804388497	0.000487599168963839	0.0282356796078136
OVCA71	0.0411410774445237	0.000487599168963839	0.0416286766134876
OVCA72	0	0	0
OVCA73	0	0	0
OVCA76	0.126212783081741	0.000488418663365459	0.126701201745107
OVCA80	0	0	0
OVCA83	0.000571187597929069	0.000489238157767079	0.00106042575569615
OVCA89	0.126214422070545	0.000486779674562219	0.126701201745107
OVCA94	0.126097504804265	0.000486779674562219	0.126701201745107
OVCA96	0	0	0
OVCA98	0	0	0
GSM692808_JB0788	0.125927312206937	0.00077388953816975	0.126701201745107
