Sample	Percent	Start	End
P-0000067-T02-IM5	0	0	0
P-0000073-T01-IM3	0	0	0
P-0000199-T01-IM3	0	0	0
P-0000236-T01-IM3	0	0	0
P-0000334-T01-IM3	0	0	0
P-0000366-T01-IM3	0	0	0
P-0000403-T01-IM3	0	0	0
P-0000633-T01-IM3	0	0	0
P-0000666-T01-IM3	0	0	0
P-0000667-T01-IM3	0	0	0
P-0001036-T01-IM3	0	0	0
P-0001050-T01-IM3	0	0	0
P-0001080-T01-IM3	0	0	0
P-0001086-T01-IM3	0	0	0
P-0001105-T01-IM3	0	0	0
P-0001140-T01-IM3	0	0	0
P-0001284-T01-IM3	0	0	0
P-0001285-T01-IM3	0	0	0
P-0001392-T01-IM3	0	0	0
P-0001421-T01-IM3	0	0	0
P-0001457-T01-IM3	0	0	0
P-0001547-T01-IM3	0	0	0
P-0001561-T01-IM3	0	0	0
P-0001570-T01-IM3	0	0	0
P-0001575-T01-IM3	0	0	0
P-0001616-T01-IM3	0	0	0
P-0001634-T01-IM3	0	0	0
P-0001735-T01-IM3	0	0	0
P-0001747-T01-IM3	0	0	0
P-0001796-T01-IM3	0	0	0
P-0001799-T01-IM3	0	0	0
P-0001801-T01-IM3	0	0	0
P-0001848-T01-IM3	0	0	0
P-0001907-T01-IM3	0	0	0
P-0001911-T01-IM3	0	0	0
P-0001965-T01-IM3	0	0	0
P-0001985-T01-IM3	0	0	0
P-0001992-T01-IM3	0	0	0
P-0002109-T01-IM3	0	0	0
P-0002116-T01-IM3	0	0	0
P-0002122-T01-IM3	0	0	0
P-0002227-T01-IM3	0	0	0
P-0002242-T02-IM3	0	0	0
P-0002285-T01-IM3	0	0	0
P-0002288-T01-IM3	0	0	0
P-0002302-T01-IM3	0	0	0
P-0002310-T01-IM3	0	0	0
P-0002363-T01-IM3	0	0	0
P-0002497-T01-IM3	0	0	0
P-0002526-T01-IM3	0	0	0
P-0002536-T01-IM3	0	0	0
P-0002587-T01-IM3	0	0	0
P-0002692-T01-IM3	0	0	0
P-0002771-T01-IM3	0	0	0
P-0002802-T01-IM3	0	0	0
P-0002887-T01-IM3	0	0	0
P-0002982-T01-IM3	0	0	0
P-0003050-T01-IM5	0	0	0
P-0003102-T01-IM5	0	0	0
P-0003191-T01-IM5	0	0	0
P-0003194-T01-IM5	0	0	0
P-0003539-T01-IM5	0	0	0
P-0003744-T01-IM5	0	0	0
P-0003748-T01-IM5	0	0	0
P-0003763-T01-IM5	0	0	0
P-0003810-T01-IM5	0	0	0
P-0003813-T01-IM5	0	0	0
P-0003818-T01-IM5	0	0	0
P-0003829-T01-IM5	0	0	0
P-0003873-T01-IM5	0	0	0
P-0003880-T01-IM5	0	0	0
P-0003889-T01-IM5	0	0	0
P-0004005-T01-IM3	0	0	0
P-0004155-T01-IM5	0	0	0
P-0004175-T01-IM5	0	0	0
P-0004340-T01-IM5	0	0	0
P-0004360-T01-IM5	0	0	0
P-0004524-T02-IM5	0	0	0
P-0004631-T01-IM5	0	0	0
P-0004782-T01-IM5	0	0	0
P-0004821-T01-IM5	0	0	0
P-0004822-T01-IM5	0	0	0
P-0004829-T01-IM5	0	0	0
P-0004867-T01-IM5	0	0	0
P-0004945-T01-IM5	0	0	0
P-0005224-T01-IM5	0	0	0
P-0005341-T01-IM5	0	0	0
P-0005516-T01-IM5	0	0	0
P-0005531-T01-IM5	0	0	0
P-0005745-T01-IM5	0	0	0
P-0006217-T01-IM5	0	0	0
P-0006656-T01-IM5	0	0	0
P-0006797-T01-IM5	0	0	0
P-0006892-T01-IM5	0	0	0
P-0007134-T01-IM5	0	0	0
P-0007535-T01-IM5	0	0	0
P-0007738-T01-IM5	0	0	0
P-0007855-T01-IM5	0	0	0
P-0007899-T01-IM5	0	0	0
P-0008037-T01-IM5	0	0	0
P-0008052-T01-IM5	0	0	0
P-0008474-T01-IM5	0	0	0
P-0009060-T01-IM5	0	0	0
P-0009372-T01-IM5	0	0	0
P-0009394-T02-IM6	0	0	0
P-0009524-T01-IM5	0	0	0
P-0009598-T01-IM5	0	0	0
P-0009601-T01-IM5	0	0	0
P-0009750-T01-IM5	0	0	0
P-0009840-T01-IM5	0	0	0
P-0009979-T02-IM6	0	0	0
P-0010011-T01-IM5	0	0	0
P-0010214-T01-IM5	0	0	0
P-0010225-T01-IM5	0	0	0
P-0010357-T01-IM5	0	0	0
P-0010510-T01-IM5	0	0	0
P-0010598-T01-IM5	0	0	0
P-0010633-T01-IM5	0	0	0
P-0010690-T01-IM5	0	0	0
P-0010946-T01-IM5	0	0	0
P-0011086-T01-IM5	0	0	0
P-0011426-T01-IM5	0	0	0
P-0011589-T01-IM5	0	0	0
P-0012173-T01-IM5	0	0	0
P-0012367-T01-IM5	0	0	0
P-0012808-T01-IM5	0	0	0
P-0013054-T01-IM5	0	0	0
P-0013101-T01-IM5	0	0	0
P-0013279-T01-IM5	0	0	0
P-0013630-T01-IM5	0	0	0
P-0013695-T01-IM5	0	0	0
P-0013698-T01-IM5	0	0	0
P-0013699-T01-IM5	0	0	0
P-0013801-T03-IM6	0	0	0
P-0014032-T01-IM5	0	0	0
P-0014146-T01-IM5	0	0	0
P-0014175-T01-IM5	0	0	0
P-0014391-T01-IM6	0	0	0
P-0014409-T02-IM6	0	0	0
P-0014561-T01-IM6	0	0	0
P-0014631-T01-IM6	0	0	0
P-0014697-T01-IM6	0	0	0
P-0014723-T01-IM6	0	0	0
P-0014857-T01-IM6	0	0	0
P-0014861-T01-IM6	0	0	0
P-0014953-T01-IM6	0	0	0
P-0015076-T01-IM6	0	0	0
P-0015095-T01-IM6	0	0	0
P-0015457-T01-IM6	0	0	0
P-0015507-T01-IM6	0	0	0
P-0015651-T03-IM6	0	0	0
P-0015810-T01-IM6	0	0	0
P-0015819-T01-IM6	0	0	0
P-0015976-T01-IM6	0	0	0
P-0016058-T01-IM6	0	0	0
P-0016129-T01-IM6	0	0	0
P-0016322-T01-IM6	0	0	0
P-0016488-T01-IM6	0	0	0
P-0016553-T01-IM6	0	0	0
P-0016865-T01-IM6	0	0	0
P-0017175-T01-IM6	0	0	0
P-0017327-T01-IM6	0	0	0
P-0017434-T01-IM6	0	0	0
P-0017436-T01-IM6	0	0	0
P-0017470-T01-IM6	0	0	0
P-0017516-T01-IM6	0	0	0
P-0017559-T01-IM5	0	0	0
P-0017563-T01-IM5	0	0	0
P-0018024-T01-IM6	0	0	0
P-0018026-T01-IM6	0	0	0
P-0018184-T01-IM6	0	0	0
P-0018202-T01-IM6	0	0	0
P-0018211-T01-IM6	0	0	0
P-0018212-T01-IM6	0	0	0
P-0018527-T01-IM6	0	0	0
P-0018534-T01-IM6	0	0	0
P-0018550-T01-IM6	0	0	0
P-0018606-T01-IM6	0	0	0
P-0018647-T01-IM6	0	0	0
P-0018755-T01-IM6	0	0	0
P-0018757-T01-IM6	0	0	0
P-0018944-T01-IM6	0	0	0
P-0018996-T01-IM6	0	0	0
P-0019008-T01-IM6	0	0	0
P-0019325-T01-IM6	0	0	0
P-0019337-T01-IM6	0	0	0
P-0019338-T01-IM6	0	0	0
P-0019383-T01-IM6	0	0	0
P-0019391-T01-IM6	0	0	0
P-0019423-T01-IM6	0	0	0
P-0019454-T01-IM6	0	0	0
P-0019668-T01-IM6	0	0	0
P-0019814-T01-IM6	0	0	0
P-0019841-T01-IM6	0	0	0
P-0019908-T01-IM6	0	0	0
P-0019934-T01-IM6	0	0	0
P-0019940-T01-IM6	0	0	0
P-0019991-T01-IM6	0	0	0
P-0020006-T01-IM6	0	0	0
P-0020007-T01-IM6	0	0	0
P-0020012-T01-IM6	0	0	0
P-0020045-T01-IM6	0	0	0
P-0020050-T01-IM6	0	0	0
P-0020058-T01-IM6	0	0	0
P-0020105-T01-IM6	0	0	0
P-0020112-T01-IM6	0	0	0
P-0020115-T01-IM6	0	0	0
P-0020118-T01-IM6	0	0	0
P-0020145-T01-IM6	0	0	0
P-0020161-T01-IM6	0	0	0
P-0020298-T01-IM6	0	0	0
P-0020313-T01-IM6	0	0	0
P-0020315-T01-IM6	0	0	0
P-0020323-T01-IM6	0	0	0
P-0020354-T01-IM6	0	0	0
P-0020364-T01-IM6	0	0	0
P-0020385-T01-IM6	0	0	0
P-0020432-T01-IM6	0	0	0
P-0020434-T01-IM6	0	0	0
P-0020501-T01-IM6	0	0	0
P-0020515-T01-IM6	0	0	0
P-0020525-T01-IM6	0	0	0
P-0020549-T01-IM6	0	0	0
P-0020552-T01-IM6	0	0	0
P-0020568-T01-IM6	0	0	0
P-0020635-T01-IM6	0	0	0
P-0020682-T01-IM6	0	0	0
P-0020687-T01-IM6	0	0	0
P-0020688-T01-IM6	0	0	0
P-0020698-T01-IM6	0	0	0
P-0020699-T01-IM6	0	0	0
P-0020767-T01-IM6	0	0	0
P-0020831-T01-IM6	0	0	0
P-0020924-T01-IM6	0	0	0
P-0020927-T01-IM6	0	0	0
P-0020968-T01-IM6	0	0	0
P-0020970-T01-IM6	0	0	0
P-0021030-T01-IM6	0	0	0
P-0021045-T02-IM6	0	0	0
P-0021076-T01-IM6	0	0	0
P-0021107-T01-IM6	0	0	0
P-0021114-T01-IM6	0	0	0
P-0021328-T01-IM6	0	0	0
P-0021359-T01-IM6	0	0	0
P-0021368-T01-IM6	0	0	0
P-0021389-T01-IM6	0	0	0
P-0021402-T01-IM6	0	0	0
P-0021409-T01-IM6	0	0	0
P-0021499-T01-IM6	0	0	0
P-0021524-T01-IM6	0	0	0
P-0021559-T01-IM6	0	0	0
P-0021592-T01-IM6	0	0	0
P-0021602-T01-IM6	0	0	0
P-0021632-T01-IM6	0	0	0
P-0021742-T01-IM6	0	0	0
P-0021750-T01-IM6	0	0	0
P-0021762-T02-IM6	0	0	0
P-0021785-T01-IM6	0	0	0
P-0021882-T01-IM6	0	0	0
P-0021891-T01-IM6	0	0	0
P-0021905-T02-IM6	0	0	0
P-0021908-T01-IM6	0	0	0
P-0021912-T01-IM6	0	0	0
P-0021920-T01-IM6	0	0	0
P-0021924-T01-IM6	0	0	0
P-0021932-T02-IM6	0	0	0
P-0022003-T01-IM6	0	0	0
P-0022016-T01-IM6	0	0	0
P-0022046-T01-IM6	0	0	0
P-0022058-T01-IM6	0	0	0
P-0022059-T01-IM6	0	0	0
P-0022079-T01-IM6	0	0	0
P-0022098-T01-IM6	0	0	0
P-0022126-T01-IM6	0	0	0
P-0022130-T01-IM6	0	0	0
P-0022131-T01-IM6	0	0	0
P-0022170-T01-IM6	0	0	0
P-0022185-T01-IM6	0	0	0
P-0022358-T01-IM6	0	0	0
P-0022397-T01-IM6	0	0	0
P-0022507-T01-IM6	0	0	0
P-0022522-T01-IM6	0	0	0
P-0022535-T01-IM6	0	0	0
P-0022610-T01-IM6	0	0	0
P-0022640-T01-IM6	0	0	0
P-0022754-T01-IM6	0	0	0
P-0022781-T01-IM6	0	0	0
P-0022867-T01-IM6	0	0	0
P-0023037-T01-IM6	0	0	0
P-0023069-T01-IM6	0	0	0
P-0023091-T01-IM6	0	0	0
P-0023140-T01-IM6	0	0	0
P-0023372-T01-IM6	0	0	0
P-0023506-T01-IM6	0	0	0
P-0023507-T01-IM6	0	0	0
P-0023547-T01-IM6	0	0	0
P-0023560-T01-IM6	0	0	0
P-0023620-T01-IM6	0	0	0
P-0023632-T01-IM6	0	0	0
P-0023661-T01-IM6	0	0	0
P-0023747-T01-IM6	0	0	0
P-0023834-T01-IM6	0	0	0
P-0023856-T01-IM6	0	0	0
P-0023920-T01-IM6	0	0	0
P-0023995-T01-IM6	0	0	0
P-0023996-T01-IM6	0	0	0
P-0024115-T01-IM6	0	0	0
P-0024118-T01-IM6	0	0	0
P-0024149-T01-IM6	0	0	0
P-0024213-T01-IM6	0	0	0
P-0024318-T01-IM6	0	0	0
P-0024365-T01-IM6	0	0	0
P-0024405-T01-IM6	0	0	0
P-0024406-T01-IM6	0	0	0
P-0024444-T01-IM6	0	0	0
P-0024448-T01-IM6	0	0	0
P-0024661-T01-IM6	0	0	0
P-0024723-T01-IM6	0	0	0
P-0024726-T01-IM6	0	0	0
P-0024738-T01-IM6	0	0	0
P-0024740-T01-IM6	0	0	0
P-0024831-T01-IM6	0	0	0
P-0024926-T01-IM6	0	0	0
P-0024935-T01-IM6	0	0	0
P-0024971-T01-IM6	0	0	0
P-0025000-T01-IM6	0	0	0
P-0025014-T01-IM6	0	0	0
P-0025026-T01-IM6	0	0	0
P-0025135-T01-IM6	0	0	0
P-0025136-T01-IM6	0	0	0
P-0025144-T01-IM6	0	0	0
P-0025149-T01-IM6	0	0	0
P-0025279-T01-IM6	0	0	0
P-0025454-T01-IM6	0	0	0
P-0025475-T01-IM6	0	0	0
P-0025545-T01-IM6	0	0	0
P-0025645-T01-IM6	0	0	0
P-0025675-T01-IM6	0	0	0
P-0025761-T01-IM6	0	0	0
P-0025802-T02-IM6	0	0	0
P-0025811-T01-IM6	0	0	0
P-0025859-T01-IM6	0	0	0
P-0025946-T01-IM6	0	0	0
P-0025949-T01-IM6	0	0	0
P-0025958-T01-IM6	0	0	0
P-0026010-T01-IM6	0	0	0
P-0026169-T01-IM6	0	0	0
P-0026217-T02-IM6	0	0	0
P-0026232-T01-IM6	0	0	0
P-0026328-T01-IM6	0	0	0
P-0026490-T01-IM6	0	0	0
P-0026493-T01-IM6	0	0	0
P-0026495-T01-IM6	0	0	0
P-0026504-T01-IM6	0	0	0
P-0026506-T01-IM6	0	0	0
P-0026510-T01-IM6	0	0	0
P-0026514-T01-IM6	0	0	0
P-0026533-T01-IM6	0	0	0
P-0026539-T01-IM6	0	0	0
P-0026648-T01-IM6	0	0	0
P-0026707-T01-IM6	0	0	0
P-0026758-T01-IM6	0	0	0
P-0026882-T01-IM6	0	0	0
P-0026943-T01-IM6	0	0	0
P-0026969-T01-IM6	0	0	0
P-0027019-T01-IM6	0	0	0
P-0027035-T01-IM6	0	0	0
P-0027075-T01-IM6	0	0	0
P-0027103-T01-IM6	0	0	0
P-0027108-T01-IM6	0	0	0
P-0027109-T01-IM6	0	0	0
P-0027163-T01-IM6	0	0	0
P-0027239-T01-IM6	0	0	0
P-0027262-T01-IM6	0	0	0
P-0027872-T01-IM6	0	0	0
P-0027886-T01-IM6	0	0	0
P-0027958-T01-IM6	0	0	0
P-0027978-T01-IM6	0	0	0
P-0027999-T01-IM6	0	0	0
P-0028009-T01-IM6	0	0	0
P-0028066-T01-IM6	0	0	0
P-0028250-T01-IM6	0	0	0
P-0028308-T01-IM6	0	0	0
P-0028328-T01-IM6	0	0	0
P-0028329-T01-IM6	0	0	0
P-0028330-T01-IM6	0	0	0
P-0028414-T01-IM6	0	0	0
P-0028432-T01-IM6	0	0	0
P-0028493-T01-IM6	0	0	0
P-0028499-T01-IM6	0	0	0
P-0028513-T01-IM6	0	0	0
P-0028549-T01-IM6	0	0	0
P-0028695-T01-IM6	0	0	0
P-0028702-T01-IM6	0	0	0
P-0028704-T01-IM6	0	0	0
P-0028778-T01-IM6	0	0	0
P-0029084-T01-IM6	0	0	0
P-0029099-T01-IM6	0	0	0
P-0029129-T01-IM6	0	0	0
P-0029223-T01-IM6	0	0	0
P-0029267-T03-IM6	0	0	0
P-0029292-T01-IM6	0	0	0
P-0029325-T01-IM6	0	0	0
P-0029331-T01-IM6	0	0	0
P-0029354-T01-IM6	0	0	0
P-0029393-T01-IM6	0	0	0
P-0029461-T01-IM6	0	0	0
P-0029463-T01-IM6	0	0	0
P-0029464-T01-IM6	0	0	0
P-0029474-T01-IM6	0	0	0
P-0029537-T01-IM6	0	0	0
P-0029548-T01-IM6	0	0	0
P-0029640-T01-IM6	0	0	0
P-0029643-T01-IM6	0	0	0
P-0029723-T01-IM6	0	0	0
P-0029768-T01-IM6	0	0	0
P-0029789-T01-IM6	0	0	0
P-0029830-T01-IM6	0	0	0
P-0029835-T01-IM6	0	0	0
P-0029849-T01-IM6	0	0	0
P-0029946-T01-IM6	0	0	0
P-0030010-T01-IM6	0	0	0
P-0030023-T01-IM6	0	0	0
P-0030026-T01-IM6	0	0	0
P-0030033-T01-IM6	0	0	0
P-0030052-T01-IM6	0	0	0
P-0030123-T01-IM6	0	0	0
P-0030139-T01-IM6	0	0	0
P-0030229-T02-IM6	0	0	0
P-0030258-T01-IM6	0	0	0
P-0030266-T01-IM6	0	0	0
P-0030339-T01-IM6	0	0	0
P-0030346-T01-IM6	0	0	0
P-0030380-T01-IM6	0	0	0
P-0030444-T01-IM6	0	0	0
P-0030503-T01-IM6	0	0	0
P-0030505-T01-IM6	0	0	0
P-0030569-T01-IM6	0	0	0
P-0030632-T01-IM6	0	0	0
P-0030669-T01-IM6	0	0	0
P-0030676-T01-IM6	0	0	0
P-0030697-T01-IM6	0	0	0
P-0030836-T01-IM6	0	0	0
P-0030867-T01-IM6	0	0	0
P-0030874-T01-IM6	0	0	0
P-0030958-T01-IM6	0	0	0
P-0030962-T01-IM6	0	0	0
P-0031085-T01-IM6	0	0	0
P-0031150-T01-IM6	0	0	0
P-0031210-T01-IM6	0	0	0
P-0031323-T01-IM6	0	0	0
P-0031382-T01-IM6	0	0	0
P-0031385-T01-IM6	0	0	0
P-0031395-T01-IM6	0	0	0
P-0031402-T01-IM6	0	0	0
P-0031498-T01-IM6	0	0	0
P-0031645-T01-IM6	0	0	0
P-0031648-T01-IM6	0	0	0
P-0031656-T01-IM6	0	0	0
P-0031687-T01-IM6	0	0	0
P-0031697-T01-IM6	0	0	0
P-0031749-T01-IM6	0	0	0
P-0031840-T01-IM6	0	0	0
P-0031933-T01-IM6	0	0	0
P-0031946-T01-IM6	0	0	0
P-0032093-T01-IM6	0	0	0
P-0032130-T02-IM6	0	0	0
P-0032171-T03-IM6	0	0	0
P-0032335-T01-IM6	0	0	0
P-0032339-T01-IM6	0	0	0
P-0032375-T01-IM6	0	0	0
P-0032378-T01-IM6	0	0	0
P-0032521-T01-IM6	0	0	0
P-0032525-T01-IM6	0	0	0
P-0032813-T02-IM6	0	0	0
P-0032819-T01-IM6	0	0	0
P-0032956-T01-IM6	0	0	0
P-0033193-T01-IM6	0	0	0
P-0033218-T02-IM6	0	0	0
P-0033283-T03-IM6	0	0	0
P-0033335-T01-IM6	0	0	0
P-0033345-T01-IM6	0	0	0
P-0033548-T01-IM6	0	0	0
P-0033555-T01-IM6	0	0	0
P-0033690-T01-IM6	0	0	0
P-0033692-T01-IM6	0	0	0
P-0033693-T01-IM6	0	0	0
P-0033715-T01-IM6	0	0	0
P-0033718-T01-IM6	0	0	0
P-0033783-T01-IM6	0	0	0
P-0033784-T01-IM6	0	0	0
P-0033787-T01-IM6	0	0	0
P-0033879-T01-IM6	0	0	0
P-0034011-T01-IM6	0	0	0
P-0034038-T01-IM6	0	0	0
P-0034086-T01-IM6	0	0	0
P-0034102-T01-IM6	0	0	0
P-0034227-T01-IM6	0	0	0
P-0034239-T01-IM6	0	0	0
P-0034250-T01-IM6	0	0	0
P-0034304-T01-IM6	0	0	0
P-0034383-T01-IM6	0	0	0
P-0034415-T01-IM6	0	0	0
P-0034428-T01-IM6	0	0	0
P-0034470-T01-IM6	0	0	0
P-0034484-T01-IM6	0	0	0
P-0034519-T01-IM6	0	0	0
P-0034561-T01-IM6	0	0	0
P-0034814-T01-IM6	0	0	0
P-0034872-T01-IM6	0	0	0
P-0034885-T01-IM6	0	0	0
P-0034907-T01-IM6	0	0	0
P-0034976-T01-IM6	0	0	0
P-0035075-T01-IM6	0	0	0
P-0035082-T01-IM6	0	0	0
P-0035101-T01-IM6	0	0	0
P-0035120-T01-IM6	0	0	0
P-0035125-T01-IM6	0	0	0
P-0035138-T01-IM6	0	0	0
P-0035237-T01-IM6	0	0	0
P-0035374-T01-IM6	0	0	0
P-0035378-T01-IM6	0	0	0
P-0035382-T01-IM6	0	0	0
P-0035448-T01-IM6	0	0	0
P-0035556-T01-IM6	0	0	0
P-0035584-T01-IM6	0	0	0
P-0035594-T01-IM6	0	0	0
P-0035753-T01-IM6	0	0	0
P-0035757-T01-IM6	0	0	0
P-0035898-T01-IM6	0	0	0
P-0035993-T01-IM6	0	0	0
P-0036013-T01-IM6	0	0	0
P-0036015-T01-IM6	0	0	0
P-0036063-T01-IM6	0	0	0
P-0036257-T01-IM6	0	0	0
P-0036314-T01-IM6	0	0	0
P-0036321-T01-IM6	0	0	0
P-0036325-T01-IM6	0	0	0
P-0036326-T01-IM6	0	0	0
P-0036348-T01-IM6	0	0	0
P-0036409-T01-IM6	0	0	0
P-0036457-T01-IM6	0	0	0
P-0036488-T01-IM6	0	0	0
P-0036508-T01-IM6	0	0	0
P-0036515-T01-IM6	0	0	0
P-0036542-T01-IM6	0	0	0
P-0036582-T01-IM6	0	0	0
P-0036627-T01-IM6	0	0	0
P-0036673-T01-IM6	0	0	0
P-0036705-T01-IM6	0	0	0
P-0036717-T01-IM6	0	0	0
P-0036727-T01-IM6	0	0	0
P-0036750-T01-IM6	0	0	0
P-0036770-T01-IM6	0	0	0
P-0036784-T01-IM6	0	0	0
P-0036814-T01-IM6	0	0	0
P-0036828-T01-IM6	0	0	0
P-0036869-T01-IM6	0	0	0
P-0036872-T01-IM6	0	0	0
P-0036874-T01-IM6	0	0	0
P-0036886-T01-IM6	0	0	0
P-0036895-T01-IM6	0	0	0
P-0036961-T01-IM6	0	0	0
P-0036963-T01-IM6	0	0	0
P-0036971-T01-IM6	0	0	0
P-0037025-T01-IM6	0	0	0
P-0037027-T01-IM6	0	0	0
P-0037049-T01-IM6	0	0	0
P-0037070-T01-IM6	0	0	0
P-0037072-T01-IM6	0	0	0
P-0037085-T01-IM6	0	0	0
P-0037087-T01-IM6	0	0	0
P-0037096-T01-IM6	0	0	0
P-0037100-T01-IM6	0	0	0
P-0037128-T01-IM6	0	0	0
P-0037160-T01-IM6	0	0	0
P-0037167-T01-IM6	0	0	0
P-0037178-T01-IM6	0	0	0
P-0037189-T01-IM6	0	0	0
P-0037196-T01-IM6	0	0	0
P-0037342-T01-IM6	0	0	0
P-0037373-T01-IM6	0	0	0
P-0037375-T01-IM6	0	0	0
P-0037424-T01-IM6	0	0	0
P-0037425-T01-IM6	0	0	0
P-0037460-T01-IM6	0	0	0
P-0037472-T01-IM6	0	0	0
P-0037478-T01-IM6	0	0	0
P-0037553-T01-IM6	0	0	0
P-0037702-T01-IM6	0	0	0
P-0037794-T01-IM6	0	0	0
P-0037810-T01-IM6	0	0	0
P-0037819-T01-IM6	0	0	0
P-0037872-T01-IM6	0	0	0
P-0037874-T01-IM6	0	0	0
P-0037891-T01-IM6	0	0	0
P-0037905-T01-IM6	0	0	0
P-0037909-T01-IM6	0	0	0
P-0037974-T01-IM6	0	0	0
P-0037988-T01-IM6	0	0	0
P-0038047-T01-IM6	0	0	0
P-0038069-T01-IM6	0	0	0
P-0038086-T01-IM6	0	0	0
P-0038093-T01-IM6	0	0	0
P-0038096-T01-IM6	0	0	0
P-0038097-T01-IM6	0	0	0
P-0038144-T01-IM6	0	0	0
P-0038147-T01-IM6	0	0	0
P-0038154-T01-IM6	0	0	0
P-0038155-T01-IM6	0	0	0
P-0038238-T01-IM6	0	0	0
P-0038295-T01-IM6	0	0	0
P-0038306-T01-IM6	0	0	0
P-0038340-T01-IM6	0	0	0
P-0038345-T02-IM6	0	0	0
P-0038387-T01-IM6	0	0	0
P-0038419-T01-IM6	0	0	0
P-0038427-T01-IM6	0	0	0
P-0038481-T01-IM6	0	0	0
P-0038483-T01-IM6	0	0	0
P-0038499-T01-IM6	0	0	0
P-0038526-T01-IM6	0	0	0
P-0038534-T01-IM6	0	0	0
P-0038554-T01-IM6	0	0	0
P-0038583-T01-IM6	0	0	0
P-0038634-T01-IM6	0	0	0
P-0038646-T01-IM6	0	0	0
P-0038649-T01-IM6	0	0	0
P-0038660-T01-IM6	0	0	0
P-0038663-T01-IM6	0	0	0
P-0038744-T01-IM6	0	0	0
P-0038745-T01-IM6	0	0	0
P-0038779-T01-IM6	0	0	0
P-0038809-T01-IM6	0	0	0
P-0038960-T01-IM6	0	0	0
P-0038996-T01-IM6	0	0	0
P-0038997-T01-IM6	0	0	0
P-0039012-T01-IM6	0	0	0
P-0039070-T01-IM6	0	0	0
P-0039094-T01-IM6	0	0	0
P-0039104-T02-IM6	0	0	0
P-0039120-T01-IM6	0	0	0
P-0039132-T01-IM6	0	0	0
P-0039148-T01-IM6	0	0	0
P-0039165-T01-IM6	0	0	0
P-0039180-T01-IM6	0	0	0
P-0039224-T01-IM6	0	0	0
P-0039227-T01-IM6	0	0	0
P-0039241-T01-IM6	0	0	0
P-0039242-T01-IM6	0	0	0
P-0039273-T01-IM6	0	0	0
P-0039297-T01-IM6	0	0	0
P-0039301-T01-IM6	0	0	0
P-0039377-T01-IM6	0	0	0
P-0039422-T01-IM6	0	0	0
P-0039468-T01-IM6	0	0	0
P-0039500-T01-IM6	0	0	0
P-0039511-T02-IM6	0	0	0
P-0039563-T01-IM6	0	0	0
P-0039583-T01-IM6	0	0	0
P-0039605-T01-IM6	0	0	0
P-0039615-T01-IM6	0	0	0
P-0039660-T01-IM6	0	0	0
P-0039685-T01-IM6	0	0	0
P-0039726-T01-IM6	0	0	0
P-0039734-T01-IM6	0	0	0
P-0039749-T01-IM6	0	0	0
P-0039767-T01-IM6	0	0	0
P-0039772-T01-IM6	0	0	0
P-0039782-T01-IM6	0	0	0
P-0039797-T01-IM6	0	0	0
P-0039798-T01-IM6	0	0	0
P-0039799-T01-IM6	0	0	0
P-0039804-T01-IM6	0	0	0
P-0039810-T01-IM6	0	0	0
P-0039811-T01-IM6	0	0	0
P-0039814-T01-IM6	0	0	0
P-0039816-T01-IM6	0	0	0
P-0039871-T01-IM6	0	0	0
P-0039927-T01-IM6	0	0	0
P-0039932-T01-IM6	0	0	0
P-0039936-T01-IM6	0	0	0
P-0039948-T01-IM6	0	0	0
P-0039993-T01-IM6	0	0	0
P-0040007-T01-IM6	0	0	0
P-0040038-T01-IM6	0	0	0
P-0040043-T01-IM6	0	0	0
P-0040044-T01-IM6	0	0	0
P-0040110-T01-IM6	0	0	0
P-0040118-T01-IM6	0	0	0
P-0040119-T01-IM6	0	0	0
P-0040143-T01-IM6	0	0	0
P-0040154-T01-IM6	0	0	0
P-0040160-T02-IM6	0	0	0
P-0040177-T01-IM6	0	0	0
P-0040212-T01-IM6	0	0	0
P-0040343-T01-IM6	0	0	0
P-0040365-T01-IM6	0	0	0
P-0040386-T01-IM6	0	0	0
P-0040387-T01-IM6	0	0	0
P-0040410-T01-IM6	0	0	0
P-0040504-T01-IM6	0	0	0
P-0040518-T01-IM6	0	0	0
P-0040521-T01-IM6	0	0	0
P-0040523-T01-IM6	0	0	0
P-0040555-T02-IM6	0	0	0
P-0040593-T01-IM6	0	0	0
P-0040605-T01-IM6	0	0	0
P-0040615-T01-IM6	0	0	0
P-0040702-T01-IM6	0	0	0
P-0040748-T01-IM6	0	0	0
P-0040800-T01-IM6	0	0	0
P-0040803-T01-IM6	0	0	0
P-0040812-T01-IM6	0	0	0
P-0040827-T01-IM6	0	0	0
P-0040860-T01-IM6	0	0	0
P-0040931-T01-IM6	0	0	0
P-0040960-T01-IM6	0	0	0
P-0041026-T01-IM6	0	0	0
P-0041035-T01-IM6	0	0	0
P-0041163-T01-IM6	0	0	0
P-0041176-T01-IM6	0	0	0
P-0041225-T01-IM6	0	0	0
P-0041234-T01-IM6	0	0	0
P-0041235-T01-IM6	0	0	0
P-0041236-T01-IM6	0	0	0
P-0041269-T01-IM6	0	0	0
P-0041279-T01-IM6	0	0	0
P-0041285-T01-IM6	0	0	0
P-0041289-T01-IM6	0	0	0
P-0041338-T01-IM6	0	0	0
P-0041387-T01-IM6	0	0	0
P-0041413-T01-IM6	0	0	0
P-0041464-T01-IM6	0	0	0
P-0041544-T01-IM6	0	0	0
P-0041553-T01-IM6	0	0	0
P-0041614-T01-IM6	0	0	0
P-0041618-T01-IM6	0	0	0
P-0041650-T01-IM6	0	0	0
P-0041702-T01-IM6	0	0	0
P-0041719-T01-IM6	0	0	0
P-0041721-T01-IM6	0	0	0
P-0041733-T01-IM6	0	0	0
P-0041836-T01-IM6	0	0	0
P-0041886-T01-IM6	0	0	0
P-0041952-T01-IM6	0	0	0
P-0041954-T01-IM6	0	0	0
P-0041958-T01-IM6	0	0	0
P-0041962-T02-IM6	0	0	0
P-0041968-T01-IM6	0	0	0
P-0041985-T01-IM6	0	0	0
P-0042116-T01-IM6	0	0	0
P-0042152-T01-IM6	0	0	0
P-0042164-T01-IM6	0	0	0
P-0042200-T01-IM6	0	0	0
P-0042201-T01-IM6	0	0	0
P-0042216-T01-IM6	0	0	0
P-0042351-T01-IM6	0	0	0
P-0042407-T01-IM6	0	0	0
P-0042422-T01-IM6	0	0	0
P-0042500-T01-IM6	0	0	0
P-0042516-T01-IM6	0	0	0
P-0042584-T01-IM6	0	0	0
P-0042638-T01-IM6	0	0	0
P-0042701-T02-IM6	0	0	0
P-0042757-T01-IM6	0	0	0
P-0042764-T02-IM6	0	0	0
P-0042788-T01-IM6	0	0	0
P-0042805-T01-IM6	0	0	0
P-0042831-T01-IM6	0	0	0
P-0042866-T01-IM6	0	0	0
P-0042932-T01-IM6	0	0	0
P-0042974-T01-IM6	0	0	0
P-0043016-T01-IM6	0	0	0
P-0043037-T01-IM6	0	0	0
P-0043081-T01-IM6	0	0	0
P-0043133-T01-IM6	0	0	0
P-0043135-T01-IM6	0	0	0
P-0043201-T01-IM6	0	0	0
P-0043240-T01-IM6	0	0	0
P-0043290-T01-IM6	0	0	0
P-0043295-T01-IM6	0	0	0
P-0043550-T02-IM6	0	0	0
P-0043571-T01-IM6	0	0	0
P-0043587-T01-IM6	0	0	0
P-0043617-T01-IM6	0	0	0
P-0043633-T01-IM6	0	0	0
P-0043634-T01-IM6	0	0	0
P-0043706-T01-IM6	0	0	0
P-0043777-T01-IM6	0	0	0
P-0043789-T01-IM6	0	0	0
P-0043833-T01-IM6	0	0	0
P-0043838-T01-IM6	0	0	0
P-0043933-T01-IM6	0	0	0
P-0043942-T01-IM6	0	0	0
P-0043950-T01-IM6	0	0	0
P-0043955-T01-IM6	0	0	0
P-0044023-T01-IM6	0	0	0
P-0044065-T01-IM6	0	0	0
P-0044084-T01-IM6	0	0	0
P-0044131-T01-IM6	0	0	0
P-0044136-T01-IM6	0	0	0
P-0044185-T01-IM6	0	0	0
P-0044199-T01-IM6	0	0	0
P-0044224-T01-IM6	0	0	0
P-0044338-T01-IM6	0	0	0
P-0044344-T01-IM6	0	0	0
P-0044345-T01-IM6	0	0	0
P-0044349-T01-IM6	0	0	0
P-0044402-T01-IM6	0	0	0
P-0044451-T01-IM6	0	0	0
P-0044555-T01-IM6	0	0	0
P-0044640-T01-IM6	0	0	0
P-0044700-T01-IM6	0	0	0
P-0044784-T01-IM6	0	0	0
P-0044817-T01-IM6	0	0	0
P-0044821-T01-IM6	0	0	0
P-0044905-T01-IM6	0	0	0
P-0044919-T01-IM6	0	0	0
P-0044963-T01-IM6	0	0	0
P-0045031-T01-IM6	0	0	0
P-0045231-T02-IM6	0	0	0
P-0045252-T01-IM6	0	0	0
P-0045312-T01-IM6	0	0	0
P-0045432-T01-IM6	0	0	0
P-0045469-T01-IM6	0	0	0
P-0045473-T01-IM6	0	0	0
P-0045494-T01-IM6	0	0	0
P-0045528-T01-IM6	0	0	0
P-0045545-T01-IM6	0	0	0
P-0045578-T01-IM6	0	0	0
P-0045623-T01-IM6	0	0	0
P-0045641-T01-IM6	0	0	0
P-0045643-T01-IM6	0	0	0
P-0045749-T01-IM6	0	0	0
P-0045841-T01-IM6	0	0	0
P-0045900-T01-IM6	0	0	0
P-0045902-T01-IM6	0	0	0
P-0045944-T01-IM6	0	0	0
P-0045947-T01-IM6	0	0	0
P-0045987-T01-IM6	0	0	0
P-0045993-T01-IM6	0	0	0
P-0046020-T01-IM6	0	0	0
P-0046054-T01-IM6	0	0	0
P-0046098-T01-IM6	0	0	0
P-0046249-T01-IM6	0	0	0
P-0046254-T01-IM6	0	0	0
P-0046280-T01-IM6	0	0	0
P-0046282-T01-IM6	0	0	0
P-0046283-T01-IM6	0	0	0
P-0046298-T01-IM6	0	0	0
P-0046401-T01-IM6	0	0	0
P-0046443-T01-IM6	0	0	0
P-0046478-T01-IM6	0	0	0
P-0046480-T01-IM6	0	0	0
P-0046489-T01-IM6	0	0	0
P-0046496-T01-IM6	0	0	0
P-0046543-T01-IM6	0	0	0
P-0046578-T01-IM6	0	0	0
P-0046676-T01-IM6	0	0	0
P-0046745-T01-IM6	0	0	0
P-0046749-T02-IM6	0	0	0
P-0046802-T01-IM6	0	0	0
P-0046854-T01-IM6	0	0	0
P-0046857-T01-IM6	0	0	0
P-0046884-T01-IM6	0	0	0
P-0046903-T01-IM6	0	0	0
P-0046940-T01-IM6	0	0	0
P-0046996-T01-IM6	0	0	0
P-0047075-T01-IM6	0	0	0
P-0047089-T01-IM6	0	0	0
P-0047149-T01-IM6	0	0	0
P-0047214-T01-IM6	0	0	0
P-0047259-T01-IM6	0	0	0
P-0047352-T01-IM6	0	0	0
P-0047362-T01-IM6	0	0	0
P-0047432-T01-IM6	0	0	0
P-0047444-T01-IM6	0	0	0
P-0047466-T01-IM6	0	0	0
P-0047575-T01-IM6	0	0	0
P-0047577-T01-IM6	0	0	0
P-0047622-T01-IM6	0	0	0
P-0047695-T01-IM6	0	0	0
P-0047699-T01-IM6	0	0	0
P-0047853-T01-IM6	0	0	0
P-0047883-T01-IM6	0	0	0
P-0047947-T01-IM6	0	0	0
P-0048171-T01-IM6	0	0	0
P-0048214-T01-IM6	0	0	0
P-0048239-T01-IM6	0	0	0
P-0048254-T01-IM6	0	0	0
P-0048374-T01-IM6	0	0	0
P-0048455-T01-IM6	0	0	0
P-0048463-T01-IM6	0	0	0
P-0048524-T01-IM6	0	0	0
P-0048525-T01-IM6	0	0	0
P-0048531-T01-IM6	0	0	0
P-0048554-T01-IM6	0	0	0
P-0048559-T01-IM6	0	0	0
P-0048588-T01-IM6	0	0	0
P-0048593-T01-IM6	0	0	0
P-0048624-T01-IM6	0	0	0
P-0048664-T01-IM6	0	0	0
P-0048670-T01-IM6	0	0	0
P-0048755-T01-IM6	0	0	0
P-0048780-T01-IM6	0	0	0
P-0048851-T01-IM6	0	0	0
P-0048902-T01-IM6	0	0	0
P-0048923-T01-IM6	0	0	0
P-0049008-T01-IM6	0	0	0
P-0049040-T01-IM6	0	0	0
P-0049075-T01-IM6	0	0	0
P-0049127-T01-IM6	0	0	0
P-0049277-T01-IM6	0	0	0
P-0049292-T01-IM6	0	0	0
P-0049377-T01-IM6	0	0	0
P-0049385-T01-IM6	0	0	0
P-0049412-T01-IM6	0	0	0
P-0049417-T01-IM6	0	0	0
P-0049444-T01-IM6	0	0	0
P-0049458-T01-IM6	0	0	0
P-0049483-T01-IM6	0	0	0
P-0049519-T01-IM6	0	0	0
P-0049532-T01-IM6	0	0	0
P-0049541-T01-IM6	0	0	0
P-0049560-T01-IM6	0	0	0
P-0049686-T01-IM6	0	0	0
P-0049687-T01-IM6	0	0	0
P-0049759-T01-IM6	0	0	0
P-0049782-T01-IM6	0	0	0
P-0049848-T01-IM6	0	0	0
P-0049921-T01-IM6	0	0	0
P-0050114-T01-IM6	0	0	0
P-0050148-T01-IM6	0	0	0
P-0050233-T01-IM6	0	0	0
P-0050316-T01-IM6	0	0	0
P-0050400-T01-IM6	0	0	0
P-0050410-T01-IM6	0	0	0
P-0050454-T01-IM6	0	0	0
P-0050523-T01-IM6	0	0	0
P-0000067-T01-IM3	0	0	0
P-0000141-T01-IM3	0	0	0
P-0000212-T01-IM3	0	0	0
P-0000267-T01-IM3	0	0	0
P-0000376-T02-IM3	0	0	0
P-0001265-T01-IM3	0	0	0
P-0001311-T01-IM3	0	0	0
P-0001700-T01-IM3	0	0	0
P-0001747-T02-IM5	0	0	0
P-0002110-T01-IM3	0	0	0
P-0002136-T01-IM3	0	0	0
P-0002242-T01-IM3	0	0	0
P-0002257-T01-IM3	0	0	0
P-0002573-T01-IM3	0	0	0
P-0002645-T01-IM3	0	0	0
P-0002664-T01-IM3	0	0	0
P-0003050-T01-IM3	0	0	0
P-0003708-T01-IM5	0	0	0
P-0004262-T01-IM5	0	0	0
P-0004524-T01-IM5	0	0	0
P-0004530-T01-IM5	0	0	0
P-0004722-T01-IM5	0	0	0
P-0005339-T01-IM5	0	0	0
P-0005599-T01-IM5	0	0	0
P-0006537-T01-IM5	0	0	0
P-0007221-T01-IM5	0	0	0
P-0007370-T01-IM5	0	0	0
P-0008787-T01-IM5	0	0	0
P-0008873-T01-IM5	0	0	0
P-0009061-T01-IM5	0	0	0
P-0009394-T01-IM5	0	0	0
P-0010051-T01-IM5	0	0	0
P-0010348-T01-IM5	0	0	0
P-0010524-T01-IM5	0	0	0
P-0011571-T01-IM5	0	0	0
P-0012038-T01-IM5	0	0	0
P-0012310-T01-IM5	0	0	0
P-0012338-T01-IM5	0	0	0
TCGA-72-4233-01	0	0	0
TCGA-72-4234-01	0	0	0
TCGA-72-4238-01	0	0	0
TCGA-72-4232-01	0	0	0
TCGA-72-4237-01	0	0	0
TCGA-72-4236-01	0	0	0
TCGA-72-4235-01	0	0	0
TCGA-72-4241-01	0	0	0
TCGA-72-4240-01	0	0	0
TCGA-72-4231-01	0	0	0
TCGA-09-1669-01	0	0	0
TCGA-25-1635-01	0	0	0
TCGA-04-1519-01	0	0	0
TCGA-25-1632-01	0	0	0
TCGA-09-1667-01	0	0	0
TCGA-09-1665-01	0	0	0
TCGA-24-1557-01	0	0	0
TCGA-36-1577-01	0	0	0
TCGA-36-1580-01	0	0	0
TCGA-57-1585-01	0	0	0
TCGA-24-1567-01	0	0	0
TCGA-36-1575-01	0	0	0
TCGA-24-1558-01	0	0	0
TCGA-04-1525-01	0	0	0
TCGA-04-1536-01	0	0	0
TCGA-24-1560-01	0	0	0
TCGA-25-1628-01	0	0	0
TCGA-24-1544-01	0	0	0
TCGA-09-1666-01	0	0	0
TCGA-36-1574-01	0	0	0
TCGA-36-1581-01	0	0	0
TCGA-57-1582-01	0	0	0
TCGA-57-1583-01	0	0	0
TCGA-25-1630-01	0	0	0
TCGA-36-1571-01	0	0	0
TCGA-24-1546-01	0	0	0
TCGA-25-1623-01	0	0	0
TCGA-09-1659-01	0	0	0
TCGA-25-1633-01	0	0	0
TCGA-25-1627-01	0	0	0
TCGA-36-1576-01	0	0	0
TCGA-36-1570-01	0	0	0
TCGA-09-1668-01	0	0	0
TCGA-04-1517-01	0	0	0
TCGA-36-1569-01	0	0	0
TCGA-09-1661-01	0	0	0
TCGA-36-1578-01	0	0	0
TCGA-36-1568-01	0	0	0
TCGA-24-1545-01	0	0	0
TCGA-25-1626-01	0	0	0
TCGA-25-1631-01	0	0	0
TCGA-57-1584-01	0	0	0
TCGA-24-1556-01	0	0	0
TCGA-25-1634-01	0	0	0
TCGA-25-1625-01	0	0	0
TCGA-24-1548-01	0	0	0
TCGA-61-1730-01	0	0	0
TCGA-61-1740-01	0	0	0
TCGA-61-1738-01	0	0	0
TCGA-61-1907-01	0	0	0
TCGA-09-1664-01	0	0	0
TCGA-04-1638-01	0	0	0
TCGA-24-1846-01	0	0	0
TCGA-23-1029-01	0	0	0
TCGA-04-1651-01	0	0	0
TCGA-29-1778-01	0	0	0
TCGA-24-1842-01	0	0	0
TCGA-24-1849-01	0	0	0
TCGA-61-1733-01	0	0	0
TCGA-29-1774-01	0	0	0
TCGA-24-1843-01	0	0	0
TCGA-61-1722-01	0	0	0
TCGA-61-1737-01	0	0	0
TCGA-04-1648-01	0	0	0
TCGA-30-1855-01	0	0	0
TCGA-04-1649-01	0	0	0
TCGA-61-1900-01	0	0	0
TCGA-61-1906-01	0	0	0
TCGA-61-1895-01	0	0	0
TCGA-61-1904-01	0	0	0
TCGA-61-1899-01	0	0	0
TCGA-61-1915-01	0	0	0
TCGA-24-1844-01	0	0	0
TCGA-24-1845-01	0	0	0
TCGA-04-1646-01	0	0	0
TCGA-30-1856-01	0	0	0
TCGA-61-1725-01	0	0	0
TCGA-61-1903-01	0	0	0
TCGA-29-1776-01	0	0	0
TCGA-61-1913-01	0	0	0
TCGA-29-1777-01	0	0	0
TCGA-23-1111-01	0	0	0
TCGA-29-1769-01	0	0	0
TCGA-61-1914-01	0	0	0
TCGA-61-1741-01	0	0	0
TCGA-04-1652-01	0	0	0
TCGA-61-1911-01	0	0	0
TCGA-30-1857-01	0	0	0
TCGA-24-1850-01	0	0	0
TCGA-13-1494-01	0	0	0
TCGA-24-1418-01	0	0	0
TCGA-13-1482-01	0	0	0
TCGA-13-1511-01	0	0	0
TCGA-24-1426-01	0	0	0
TCGA-13-1507-01	0	0	0
TCGA-13-1492-01	0	0	0
TCGA-24-1419-01	0	0	0
TCGA-24-1435-01	0	0	0
TCGA-24-1422-01	0	0	0
TCGA-13-1485-01	0	0	0
TCGA-13-1512-01	0	0	0
TCGA-24-1467-01	0	0	0
TCGA-13-1504-01	0	0	0
TCGA-24-1464-01	0	0	0
TCGA-24-1430-01	0	0	0
TCGA-24-1436-01	0	0	0
TCGA-13-1489-02	0	0	0
TCGA-13-1501-01	0	0	0
TCGA-13-1510-01	0	0	0
TCGA-24-1417-01	0	0	0
TCGA-13-1487-01	0	0	0
TCGA-24-1416-01	0	0	0
TCGA-13-1484-01	0	0	0
TCGA-13-1509-01	0	0	0
TCGA-24-1434-01	0	0	0
TCGA-24-1427-01	0	0	0
TCGA-13-1491-01	0	0	0
TCGA-24-1428-01	0	0	0
TCGA-13-1505-01	0	0	0
TCGA-13-1483-01	0	0	0
TCGA-13-1481-01	0	0	0
TCGA-13-1495-01	0	0	0
TCGA-13-1499-01	0	0	0
TCGA-13-1497-01	0	0	0
TCGA-13-1496-01	0	0	0
TCGA-13-1488-01	0	0	0
TCGA-13-1498-01	0	0	0
TCGA-24-1423-01	0	0	0
TCGA-24-1431-01	0	0	0
TCGA-24-1466-01	0	0	0
TCGA-24-1463-01	0	0	0
TCGA-13-1506-01	0	0	0
TCGA-24-1424-01	0	0	0
TCGA-13-1500-01	0	0	0
TCGA-13-1489-01	0	0	0
TCGA-13-0723-01	0	0	0
TCGA-13-0800-01	0	0	0
TCGA-13-0802-01	0	0	0
TCGA-13-0727-01	0	0	0
TCGA-13-0755-01	0	0	0
TCGA-13-0761-01	0	0	0
TCGA-13-0791-01	0	0	0
TCGA-13-0792-01	0	0	0
TCGA-13-0805-01	0	0	0
TCGA-09-0364-01	0	0	0
TCGA-13-0714-01	0	0	0
TCGA-13-0804-01	0	0	0
TCGA-13-0768-01	0	0	0
TCGA-13-0793-01	0	0	0
TCGA-09-0367-01	0	0	0
TCGA-13-0751-01	0	0	0
TCGA-13-0797-01	0	0	0
TCGA-13-0725-01	0	0	0
TCGA-13-0795-01	0	0	0
TCGA-13-0764-01	0	0	0
TCGA-13-0720-01	0	0	0
TCGA-09-0366-01	0	0	0
TCGA-13-0724-01	0	0	0
TCGA-13-0801-01	0	0	0
TCGA-13-0717-01	0	0	0
TCGA-13-0760-01	0	0	0
TCGA-13-0762-01	0	0	0
TCGA-13-0791-02	0	0	0
TCGA-09-0369-01	0	0	0
TCGA-13-0758-01	0	0	0
TCGA-13-0803-01	0	0	0
TCGA-13-0757-01	0	0	0
TCGA-13-0799-01	0	0	0
TCGA-13-0794-01	0	0	0
TCGA-13-0730-01	0	0	0
TCGA-13-0726-01	0	0	0
TCGA-13-0766-01	0	0	0
TCGA-13-1407-01	0	0	0
TCGA-04-1350-01	0	0	0
TCGA-04-1351-01	0	0	0
TCGA-13-1403-01	0	0	0
TCGA-04-1356-01	0	0	0
TCGA-25-1320-01	0	0	0
TCGA-25-1312-01	0	0	0
TCGA-13-0900-01	0	0	0
TCGA-13-0905-01	0	0	0
TCGA-25-1317-01	0	0	0
TCGA-25-1315-01	0	0	0
TCGA-04-1357-01	0	0	0
TCGA-04-1362-01	0	0	0
TCGA-04-1367-01	0	0	0
TCGA-04-1365-01	0	0	0
TCGA-25-1318-01	0	0	0
TCGA-25-1321-01	0	0	0
TCGA-13-1405-01	0	0	0
TCGA-25-1319-01	0	0	0
TCGA-04-1348-01	0	0	0
TCGA-25-1329-01	0	0	0
TCGA-13-1408-01	0	0	0
TCGA-13-1412-01	0	0	0
TCGA-13-0901-01	0	0	0
TCGA-13-0908-01	0	0	0
TCGA-04-1349-01	0	0	0
TCGA-24-1413-01	0	0	0
TCGA-13-1409-01	0	0	0
TCGA-25-1323-01	0	0	0
TCGA-13-0884-01	0	0	0
TCGA-25-1322-01	0	0	0
TCGA-04-1364-01	0	0	0
TCGA-13-1410-01	0	0	0
TCGA-13-0893-01	0	0	0
TCGA-04-1360-01	0	0	0
TCGA-25-1313-01	0	0	0
TCGA-13-1404-01	0	0	0
TCGA-13-1411-01	0	0	0
TCGA-25-1316-01	0	0	0
TCGA-04-1361-01	0	0	0
TCGA-04-1371-01	0	0	0
TCGA-25-1314-01	0	0	0
TCGA-24-2267-01	0	0	0
TCGA-24-2295-01	0	0	0
TCGA-09-2050-01	0	0	0
TCGA-24-2293-01	0	0	0
TCGA-09-2044-01	0	0	0
TCGA-59-2352-01	0	0	0
TCGA-59-2351-01	0	0	0
TCGA-25-2392-01	0	0	0
TCGA-09-2045-01	0	0	0
TCGA-24-2280-01	0	0	0
TCGA-59-2349-01	0	0	0
TCGA-25-2397-01	0	0	0
TCGA-25-2391-01	0	0	0
TCGA-25-2409-01	0	0	0
TCGA-29-2427-01	0	0	0
TCGA-29-2414-01	0	0	0
TCGA-09-2055-01	0	0	0
TCGA-24-2271-01	0	0	0
TCGA-25-2042-01	0	0	0
TCGA-09-2051-01	0	0	0
TCGA-25-2399-01	0	0	0
TCGA-24-2298-01	0	0	0
TCGA-25-2404-01	0	0	0
TCGA-29-2428-01	0	0	0
TCGA-24-2289-01	0	0	0
TCGA-13-2060-01	0	0	0
TCGA-59-2355-01	0	0	0
TCGA-59-2363-01	0	0	0
TCGA-24-2290-01	0	0	0
TCGA-25-2396-01	0	0	0
TCGA-24-2288-01	0	0	0
TCGA-25-2398-01	0	0	0
TCGA-09-2049-01	0	0	0
TCGA-59-2348-01	0	0	0
TCGA-24-2281-01	0	0	0
TCGA-24-2262-01	0	0	0
TCGA-29-2425-01	0	0	0
TCGA-59-2354-01	0	0	0
TCGA-25-2401-01	0	0	0
TCGA-25-2400-01	0	0	0
TCGA-59-2350-01	0	0	0
TCGA-25-2393-01	0	0	0
TCGA-13-1819-01	0	0	0
TCGA-13-1817-02	0	0	0
TCGA-61-1916-02	0	0	0
TCGA-24-1852-02	0	0	0
TCGA-29-1710-02	0	0	0
TCGA-13-1817-01	0	0	0
TCGA-29-1692-01	0	0	0
TCGA-29-1704-01	0	0	0
TCGA-13-1819-02	0	0	0
TCGA-29-1704-02	0	0	0
TCGA-29-1692-02	0	0	0
TCGA-13-0913-02	0	0	0
TCGA-24-1852-01	0	0	0
TCGA-29-1705-02	0	0	0
TCGA-29-2414-02	0	0	0
TCGA-23-2643-01	0	0	0
TCGA-36-2543-01	0	0	0
TCGA-04-1353-01	0	0	0
TCGA-36-2538-01	0	0	0
TCGA-36-2534-01	0	0	0
TCGA-13-2059-01	0	0	0
TCGA-36-2542-01	0	0	0
TCGA-36-2529-01	0	0	0
TCGA-23-2641-01	0	0	0
TCGA-13-2057-01	0	0	0
TCGA-13-2071-01	0	0	0
TCGA-04-1369-01	0	0	0
TCGA-36-2547-01	0	0	0
TCGA-36-2530-01	0	0	0
TCGA-13-2065-01	0	0	0
TCGA-04-1644-01	0	0	0
TCGA-29-2429-01	0	0	0
TCGA-36-2552-01	0	0	0
TCGA-29-2431-01	0	0	0
TCGA-36-2537-01	0	0	0
TCGA-04-1516-01	0	0	0
TCGA-61-2613-01	0	0	0
TCGA-13-2066-01	0	0	0
TCGA-23-2647-01	0	0	0
TCGA-36-2549-01	0	0	0
TCGA-36-2544-01	0	0	0
TCGA-36-2548-01	0	0	0
TCGA-13-2061-01	0	0	0
TCGA-36-2532-01	0	0	0
TCGA-42-2590-01	0	0	0
TCGA-29-2434-01	0	0	0
TCGA-42-2589-01	0	0	0
TCGA-36-2539-01	0	0	0
TCGA-23-2649-01	0	0	0
TCGA-61-2612-01	0	0	0
TCGA-42-2582-01	0	0	0
TCGA-36-2551-01	0	0	0
TCGA-42-2588-01	0	0	0
TCGA-42-2591-01	0	0	0
TCGA-61-2614-01	0	0	0
TCGA-42-2593-01	0	0	0
TCGA-23-2645-01	0	0	0
TCGA-29-2436-01	0	0	0
TCGA-61-2610-02	0	0	0
TCGA-29-2432-01	0	0	0
TCGA-36-2533-01	0	0	0
TCGA-59-2372-01	0	0	0
TCGA-36-2545-01	0	0	0
TCGA-29-A5NZ-01	0	0	0
TCGA-3P-A9WA-01	0	0	0
TCGA-13-A5FT-01	0	0	0
TCGA-WR-A838-01	0	0	0
TCGA-OY-A56Q-01	0	0	0
TCGA-OY-A56P-01	0	0	0
TCGA-5X-AA5U-01	0	0	0
TCGA-13-A5FU-01	0	0	0
TCGA-VG-A8LO-01	0	0	0
TCGA-59-A5PD-01	0	0	0
TCGA-13-0910-01	0	0	0
TCGA-24-0980-01	0	0	0
TCGA-13-0897-01	0	0	0
TCGA-10-0937-01	0	0	0
TCGA-13-0903-01	0	0	0
TCGA-13-0924-01	0	0	0
TCGA-13-0891-01	0	0	0
TCGA-13-0886-01	0	0	0
TCGA-13-0807-01	0	0	0
TCGA-10-0935-01	0	0	0
TCGA-10-0928-01	0	0	0
TCGA-24-0966-01	0	0	0
TCGA-13-0888-01	0	0	0
TCGA-13-0904-01	0	0	0
TCGA-13-0916-01	0	0	0
TCGA-13-0923-01	0	0	0
TCGA-10-0933-01	0	0	0
TCGA-13-0921-01	0	0	0
TCGA-13-0887-01	0	0	0
TCGA-10-0938-01	0	0	0
TCGA-10-0927-01	0	0	0
TCGA-13-0899-01	0	0	0
TCGA-13-0906-01	0	0	0
TCGA-13-0889-01	0	0	0
TCGA-13-0885-01	0	0	0
TCGA-13-0883-01	0	0	0
TCGA-13-0890-01	0	0	0
TCGA-10-0936-01	0	0	0
TCGA-10-0930-01	0	0	0
TCGA-13-0920-01	0	0	0
TCGA-13-0912-01	0	0	0
TCGA-13-0913-01	0	0	0
TCGA-10-0934-01	0	0	0
TCGA-10-0931-01	0	0	0
TCGA-10-0926-01	0	0	0
TCGA-13-0919-01	0	0	0
TCGA-13-0911-01	0	0	0
TCGA-61-1728-01	0	0	0
TCGA-57-1994-01	0	0	0
TCGA-30-1860-01	0	0	0
TCGA-31-1956-01	0	0	0
TCGA-31-1944-01	0	0	0
TCGA-30-1862-01	0	0	0
TCGA-24-1920-01	0	0	0
TCGA-30-1859-01	0	0	0
TCGA-04-1654-01	0	0	0
TCGA-57-1993-01	0	0	0
TCGA-24-1924-01	0	0	0
TCGA-25-1871-01	0	0	0
TCGA-31-1950-01	0	0	0
TCGA-24-1923-01	0	0	0
TCGA-25-1878-01	0	0	0
TCGA-31-1959-01	0	0	0
TCGA-24-2020-01	0	0	0
TCGA-30-1891-01	0	0	0
TCGA-30-1861-01	0	0	0
TCGA-30-1867-01	0	0	0
TCGA-24-1928-01	0	0	0
TCGA-25-1877-01	0	0	0
TCGA-24-2023-01	0	0	0
TCGA-61-1743-01	0	0	0
TCGA-30-1887-01	0	0	0
TCGA-25-1870-01	0	0	0
TCGA-61-1917-01	0	0	0
TCGA-61-1918-01	0	0	0
TCGA-30-1853-01	0	0	0
TCGA-61-1724-01	0	0	0
TCGA-24-2026-01	0	0	0
TCGA-30-1892-01	0	0	0
TCGA-31-1953-01	0	0	0
TCGA-57-1992-01	0	0	0
TCGA-30-1866-01	0	0	0
TCGA-31-1951-01	0	0	0
TCGA-24-1927-01	0	0	0
TCGA-61-1919-01	0	0	0
TCGA-24-2027-01	0	0	0
TCGA-24-2029-01	0	0	0
TCGA-31-1955-01	0	0	0
TCGA-29-1784-01	0	0	0
TCGA-20-1685-01	0	0	0
TCGA-30-1714-01	0	0	0
TCGA-09-1673-01	0	0	0
TCGA-20-1686-01	0	0	0
TCGA-20-1684-01	0	0	0
TCGA-24-1847-01	0	0	0
TCGA-29-1711-01	0	0	0
TCGA-29-1768-01	0	0	0
TCGA-29-1697-01	0	0	0
TCGA-29-1701-01	0	0	0
TCGA-29-1699-01	0	0	0
TCGA-29-1695-01	0	0	0
TCGA-29-1770-02	0	0	0
TCGA-29-1764-01	0	0	0
TCGA-20-1683-01	0	0	0
TCGA-29-1763-01	0	0	0
TCGA-29-1702-01	0	0	0
TCGA-09-1675-01	0	0	0
TCGA-30-1718-01	0	0	0
TCGA-29-1766-01	0	0	0
TCGA-57-1586-01	0	0	0
TCGA-29-1710-01	0	0	0
TCGA-29-1703-01	0	0	0
TCGA-29-1698-01	0	0	0
TCGA-20-1687-01	0	0	0
TCGA-29-1691-01	0	0	0
TCGA-29-1707-01	0	0	0
TCGA-29-1761-01	0	0	0
TCGA-09-1672-01	0	0	0
TCGA-29-1705-01	0	0	0
TCGA-09-1674-01	0	0	0
TCGA-29-1781-01	0	0	0
TCGA-29-1783-01	0	0	0
TCGA-04-1655-01	0	0	0
TCGA-29-1771-01	0	0	0
TCGA-29-1770-01	0	0	0
TCGA-29-1762-01	0	0	0
TCGA-23-1809-01	0	0	0
TCGA-29-1785-01	0	0	0
TCGA-29-1696-01	0	0	0
TCGA-29-1694-01	0	0	0
TCGA-23-1114-01	0	0	0
TCGA-09-1670-01	0	0	0
TCGA-29-1693-01	0	0	0
TCGA-24-1425-01	0	0	0
TCGA-24-1565-01	0	0	0
TCGA-24-1604-01	0	0	0
TCGA-24-1471-01	0	0	0
TCGA-24-1474-01	0	0	0
TCGA-24-1562-01	0	0	0
TCGA-24-1552-01	0	0	0
TCGA-24-1563-01	0	0	0
TCGA-24-1603-01	0	0	0
TCGA-04-1514-01	0	0	0
TCGA-24-1551-01	0	0	0
TCGA-24-1555-01	0	0	0
TCGA-24-1614-01	0	0	0
TCGA-24-1549-01	0	0	0
TCGA-24-1550-01	0	0	0
TCGA-04-1542-01	0	0	0
TCGA-24-1470-01	0	0	0
TCGA-24-1616-01	0	0	0
TCGA-04-1530-01	0	0	0
TCGA-24-1553-01	0	0	0
TCGA-24-1469-01	0	0	0
TCGA-24-1564-01	0	0	0
TCGA-24-0968-01	0	0	0
TCGA-24-0982-01	0	0	0
TCGA-23-1120-01	0	0	0
TCGA-20-0991-01	0	0	0
TCGA-20-0987-01	0	0	0
TCGA-04-1332-01	0	0	0
TCGA-23-1027-01	0	0	0
TCGA-23-1028-01	0	0	0
TCGA-23-1031-01	0	0	0
TCGA-23-1116-01	0	0	0
TCGA-24-0979-01	0	0	0
TCGA-23-1032-01	0	0	0
TCGA-04-1342-01	0	0	0
TCGA-23-1022-01	0	0	0
TCGA-04-1336-01	0	0	0
TCGA-24-0970-01	0	0	0
TCGA-04-1335-01	0	0	0
TCGA-24-0981-01	0	0	0
TCGA-24-1104-01	0	0	0
TCGA-23-1119-01	0	0	0
TCGA-24-0975-01	0	0	0
TCGA-23-1023-01	0	0	0
TCGA-23-1122-01	0	0	0
TCGA-20-0990-01	0	0	0
TCGA-04-1347-01	0	0	0
TCGA-04-1346-01	0	0	0
TCGA-23-1124-01	0	0	0
TCGA-23-1121-01	0	0	0
TCGA-23-1026-01	0	0	0
TCGA-23-1110-01	0	0	0
TCGA-24-1103-01	0	0	0
TCGA-23-1030-01	0	0	0
TCGA-04-1341-01	0	0	0
TCGA-04-1338-01	0	0	0
TCGA-23-1123-01	0	0	0
TCGA-04-1331-01	0	0	0
TCGA-24-1105-01	0	0	0
TCGA-23-1024-01	0	0	0
TCGA-04-1343-01	0	0	0
TCGA-23-1118-01	0	0	0
TCGA-23-1113-01	0	0	0
TCGA-23-1117-01	0	0	0
TCGA-61-2098-01	0	0	0
TCGA-09-2053-01	0	0	0
TCGA-24-2038-01	0	0	0
TCGA-61-2101-01	0	0	0
TCGA-24-2019-01	0	0	0
TCGA-61-2109-01	0	0	0
TCGA-23-2078-01	0	0	0
TCGA-23-2081-01	0	0	0
TCGA-61-2102-01	0	0	0
TCGA-61-2012-01	0	0	0
TCGA-61-2104-01	0	0	0
TCGA-61-2092-01	0	0	0
TCGA-24-2024-01	0	0	0
TCGA-61-1995-01	0	0	0
TCGA-24-2035-01	0	0	0
TCGA-61-2088-01	0	0	0
TCGA-61-1734-01	0	0	0
TCGA-24-2260-01	0	0	0
TCGA-23-2072-01	0	0	0
TCGA-61-2096-01	0	0	0
TCGA-09-2054-01	0	0	0
TCGA-23-2079-01	0	0	0
TCGA-61-2111-01	0	0	0
TCGA-61-2008-02	0	0	0
TCGA-61-2009-01	0	0	0
TCGA-23-2084-01	0	0	0
TCGA-24-2254-01	0	0	0
TCGA-61-2113-01	0	0	0
TCGA-61-2110-01	0	0	0
TCGA-61-2000-01	0	0	0
TCGA-61-2094-01	0	0	0
TCGA-24-2036-01	0	0	0
TCGA-24-2261-01	0	0	0
TCGA-61-2017-01	0	0	0
TCGA-24-2033-01	0	0	0
TCGA-61-2003-01	0	0	0
TCGA-61-2008-01	0	0	0
TCGA-23-2077-01	0	0	0
TCGA-61-1736-01	0	0	0
TCGA-61-2097-01	0	0	0
TCGA-61-2016-01	0	0	0
TCGA-09-2056-01	0	0	0
TCGA-61-2087-01	0	0	0
TCGA-24-2030-01	0	0	0
TCGA-61-2002-01	0	0	0
X103	0.0389595833474116	0.00088013698733977	0.0398397203347513
X1040	0.0171462813650931	0.00088095648174139	0.0180272378468345
X106	0	0	0
X1097	0.0236858466900199	0.00088013698733977	0.0245659836773597
X1172	0.0183214363370161	0.00088013698733977	0.0192015733243558
X1196	0.0336754834457665	0.00088095648174139	0.0345564399275078
X120	0.0811808363627105	0.00088095648174139	0.0820617928444519
X1230	0.00357709306307085	0.00088095648174139	0.00445804954481224
X1237	0	0	0
X1265	0.0723687311126516	0.00088177597614301	0.0732505070887946
X1269	0	0	0
X1283	0.122242562164325	0.00088095648174139	0.197728428717251
X1326	0.0182509598184767	0.00088095648174139	0.0191319163002181
X1341	0	0	0
X1419	0.0455696251908777	0.00088013698733977	0.0464497621782174
X1471	0.0372935512289183	0.00088013698733977	0.0381736882162581
X1530	0	0	0
X1548	0	0	0
X1552	0.0500284942300915	0.00088095648174139	0.0509168261614475
X1568	0.088248893627242	0.00088013698733977	0.0987081006751167
X1580	0	0	0
X1582	0.020231677787192	0.00088095648174139	0.0211126342689334
X1634	0.0691834301280512	0.00088177597614301	0.093674102269902
X1677	0	0	0
X1689	0	0	0
X1851	0	0	0
X1928	0.0832040123363737	0.00088177597614301	0.143867159170783
X2176	0.102901240459661	0.00088095648174139	0.111447682014603
X2316	0.172141133751984	0.00088013698733977	0.197727609222849
X2354	0	0	0
X2357	0	0	0
X2360	0.117629816661319	0.00088095648174139	0.175585689985481
X2362	0	0	0
X2429	0	0	0
X2438	0	0	0
X2443	0	0	0
X2556	0	0	0
X2577	0.00292477551938142	0.00088095648174139	0.00380573200112281
X2587	0	0	0
X2593	0.147211843621554	0.00088095648174139	0.198008695802605
X2700	0.0799269279787919	0.00088013698733977	0.0808095234493365
X2704	0.00650760504326361	0.00088013698733977	0.00738774203060338
X2716	0.0364756958161017	0.00088013698733977	0.0373558328034414
X2763	0.191457493657175	0.00088095648174139	0.197725290053692
X2773	0	0	0
X2797	0.0241447635549271	0.00088095648174139	0.0250257200366684
X2816	0.0966432534111311	0.00088177597614301	0.197727609222849
X2825	0.0288175206329637	0.00088177597614301	0.0365002806481503
X2890	0.00809742418240621	0.00088013698733977	0.00897756116974598
X2902	0	0	0
X2949	0.0706059576800471	0.00088013698733977	0.153989627774088
X2991	0	0	0
X300	0.0896725930562322	0.00088013698733977	0.185292601172669
X301	0.110564758746298	0.00088013698733977	0.200767769553978
X3056	0.183042712072797	0.00088095648174139	0.196455426113774
X3059	0.0477617727152109	0.00088177597614301	0.0486435486913539
X3080	0.00665511403555519	0.00088013698733977	0.00753525102289496
X3107	0.137337624457332	0.00088095648174139	0.198018087208447
X3144	0.147393361631513	0.00088013698733977	0.198009326813294
X3151	0	0	0
X3225	0.167517243125116	0.00088095648174139	0.200767769553978
X3238	0.00387866700286698	0.00088095648174139	0.00475962348460837
X3297	0	0	0
X3349	0.191724763561319	0.00088095648174139	0.198018087208447
X3391	0	0	0
X342	0	0	0
X356	0	0	0
X429	0.0529385188502438	0.00088177597614301	0.0540128760107675
X451	0.0476183611949274	0.00088013698733977	0.0497670755159748
X603	0.150602075571168	0.00088013698733977	0.162151693674894
X655	0.0352251473592297	0.00088177597614301	0.0361069233353727
X736	0.119356925697565	0.00088177597614301	0.170511282311322
X860	0.117115338075982	0.00088177597614301	0.197557973881714
X88	0	0	0
X970	0.120610465309003	0.00088095648174139	0.200767769553978
X987	0.0682886487757544	0.00088013698733977	0.109527885259704
OVCA10-02	0.15096128455223	0.000848996200078214	0.200767769553978
OVCA100	0.199919592848302	0.000848176705676594	0.200767769553978
OVCA101	0	0	0
OVCA102	0.125040143957631	0.000849815694479834	0.200767769553978
OVCA103	0.198365815072942	0.000848176705676594	0.199238060329195
OVCA104	0.199916314870695	0.000848176705676594	0.200767769553978
OVCA105	0	0	0
OVCA106	0	0	0
OVCA107	0.160268020233218	0.000848176705676594	0.188933614799066
OVCA108	0.199662828862386	0.000848176705676594	0.200767769553978
OVCA109	0.156996410098239	0.000849815694479834	0.200767769553978
OVCA11	0.0987569917111173	0.000849815694479834	0.200767769553978
OVCA110	0.0472495887141985	0.000849815694479834	0.0480994044086783
OVCA111	0.198780921767139	0.000849815694479834	0.200767769553978
OVCA112	0.198771907328721	0.000849815694479834	0.200767769553978
OVCA113	0	0	0
OVCA114	0.199227120078933	0.000848176705676594	0.200767769553978
OVCA115	0	0	0
OVCA116	0	0	0
OVCA117	0	0	0
OVCA118	0.192889494564453	0.000848176705676594	0.198114189316925
OVCA119	0.173657141030373	0.000849815694479834	0.199238191448299
OVCA12-02	0	0	0
OVCA120	0	0	0
OVCA121	0.194515355067379	0.000849815694479834	0.200767769553978
OVCA122	0	0	0
OVCA123	0.199917953859499	0.000849815694479834	0.200767769553978
OVCA124	0.1999187733539	0.000848996200078214	0.200767769553978
OVCA125	0.198154688730253	0.000848996200078214	0.199239183036525
OVCA126	0	0	0
OVCA127	0.197897834599953	0.000848176705676594	0.200767769553978
OVCA128	0.166479468194681	0.000848176705676594	0.167327644900357
OVCA129	0	0	0
OVCA13	0.199916314870695	0.000848176705676594	0.200767769553978
OVCA130	0.0760597338975476	0.000848176705676594	0.0780248814726321
OVCA131	0.172631076674937	0.000849815694479834	0.200767769553978
OVCA132	0.0487607363907855	0.000848996200078214	0.0496097325908638
OVCA133	0.0565426552285681	0.000849815694479834	0.0573924709230479
OVCA134	0	0	0
OVCA135	0.104551915253068	0.000848996200078214	0.105400911453146
OVCA136	0.0746469255491549	0.000848176705676594	0.0754951022548315
OVCA137	0.196722909086463	0.000849815694479834	0.197572724780943
OVCA138	0.196389964900973	0.000848176705676594	0.197344667683916
OVCA139	0.0341425952546898	0.000848996200078214	0.034991591454768
OVCA140	0.0482477328953715	0.000848996200078214	0.0490967290954497
OVCA141	0.0860590161024012	0.000848176705676594	0.116627984755339
OVCA142	0.140257892757504	0.000848176705676594	0.199238756899436
OVCA143	0.050219436425669	0.000848996200078214	0.0510684326257472
OVCA144	0.0368231614423885	0.000849815694479834	0.0376729771368683
OVCA145	0.0573375647981394	0.000848996200078214	0.0581865609982176
OVCA146	0.097727821471899	0.000849815694479834	0.0985843570204721
OVCA147	0.102667832064192	0.000849815694479834	0.103838135629257
OVCA148	0.0999902488361151	0.000848996200078214	0.166817640754453
OVCA149	0	0	0
OVCA15	0	0	0
OVCA150	0.199636047785341	0.000848176705676594	0.200767769553978
OVCA151	0.194162431608378	0.000848996200078214	0.200767769553978
OVCA152	0	0	0
OVCA153	0.199352601061709	0.000849815694479834	0.200767769553978
OVCA154	0.196011727259905	0.000849815694479834	0.200767769553978
OVCA155	0.0754398191624982	0.000848176705676594	0.197035955947882
OVCA156	0.177556705140481	0.000848996200078214	0.189441791472454
OVCA157	0	0	0
OVCA158	0.0989671018807487	0.000848996200078214	0.200767769553978
OVCA159	0.0570450052967611	0.000848996200078214	0.0578940014968393
OVCA16-02	0.194147975727133	0.000849815694479834	0.200767769553978
OVCA160	0.0443477590380624	0.000848996200078214	0.0511708694259497
OVCA161	0.0995480824367771	0.000848176705676594	0.100396259142454
OVCA162	0.0773303026026511	0.000849815694479834	0.106170416696267
OVCA163	0.137828165611197	0.000848996200078214	0.200767769553978
OVCA164	0.0689489809746917	0.000848996200078214	0.06979797717477
OVCA165	0.0661987577628553	0.000849815694479834	0.0670485734573352
OVCA166	0.0584987883652348	0.000848176705676594	0.0593469650709114
OVCA167	0.0704863524721307	0.000848996200078214	0.0713853378307077
OVCA168	0.165402488652072	0.000849815694479834	0.200767769553978
OVCA169	0.139399775584736	0.000849815694479834	0.200767769553978
OVCA17	0.142731995525659	0.000848176705676594	0.200767769553978
OVCA170	0.197136606250289	0.000849815694479834	0.200767769553978
OVCA171	0.199915839563942	0.000849815694479834	0.200767769553978
OVCA172	0.0853418437717676	0.000849815694479834	0.200767769553978
OVCA173	0.0998914096163357	0.000848176705676594	0.100739586322012
OVCA174	0.195124157458343	0.000848176705676594	0.200767769553978
OVCA175	0.0415418102069159	0.000849815694479834	0.0423916259013957
OVCA176	0.199885313397482	0.000849815694479834	0.200767769553978
OVCA177	0.0393422872329681	0.000849815694479834	0.0401921029274479
OVCA178	0.111865083293124	0.000848996200078214	0.112714079493202
OVCA179	0.0397774387602282	0.000849815694479834	0.0406272544547081
OVCA18	0	0	0
OVCA180	0.120891822321911	0.000848996200078214	0.157711697591749
OVCA181	0	0	0
OVCA182	0.1999187733539	0.000848996200078214	0.200767769553978
OVCA183	0.100342992006348	0.000848176705676594	0.101191168712025
OVCA184	0.153238446425787	0.000848176705676594	0.193652263563593
OVCA185	0.037100150550136	0.000849815694479834	0.0379499662446159
OVCA186	0.0554543666632169	0.000849815694479834	0.0563041823576967
OVCA187	0.196656185852283	0.000849815694479834	0.197572339618574
OVCA188	0.0756516256855409	0.000848176705676594	0.0764998023912175
OVCA189	0.0619513182792594	0.000848996200078214	0.0628068704345506
OVCA19	0	0	0
OVCA190	0.0370255765595886	0.000848176705676594	0.0378737532652652
OVCA191	0.0743387956541458	0.000849815694479834	0.0902968101368901
OVCA192	0.118137788461107	0.000849815694479834	0.147444252233854
OVCA193	0.111420097833045	0.000849815694479834	0.194159202800435
OVCA194	0.0660405953433427	0.000848996200078214	0.0668895915434209
OVCA195	0.191679617614734	0.000848996200078214	0.200767769553978
OVCA196	0.155308522064055	0.000848996200078214	0.200767769553978
OVCA197	0.053343349084644	0.000848996200078214	0.0541923452847222
OVCA198	0.185214888518563	0.000848996200078214	0.200767769553978
OVCA199	0.174871779242566	0.000848176705676594	0.200767769553978
OVCA2	0	0	0
OVCA20-02	0.126461925769722	0.000849815694479834	0.200767769553978
OVCA200	0.119421362542365	0.000848996200078214	0.200767769553978
OVCA201	0.197223202223708	0.000848176705676594	0.200767769553978
OVCA202	0.195737327754467	0.000848996200078214	0.200767769553978
OVCA203	0.196810365529004	0.000848996200078214	0.200767769553978
OVCA204	0.178239450511303	0.000849815694479834	0.190064517073301
OVCA205	0.199124027683209	0.000848996200078214	0.200767769553978
OVCA206	0.197997960425943	0.000848176705676594	0.200767769553978
OVCA207	0	0	0
OVCA208	0.196343917510546	0.000848996200078214	0.200767769553978
OVCA209	0.197943210004971	0.000848996200078214	0.200767769553978
OVCA210	0.190147007379768	0.000848176705676594	0.200767769553978
OVCA211	0.163343295899457	0.000848176705676594	0.200767769553978
OVCA212	0.160683987396537	0.000848176705676594	0.200767769553978
OVCA213	0.19756096503628	0.000848176705676594	0.200767769553978
OVCA214	0.0396381247119528	0.000848996200078214	0.0404871209120311
OVCA215	0.192850666919705	0.000848176705676594	0.200767769553978
OVCA216	0.166887412507807	0.000848176705676594	0.200767769553978
OVCA217	0.12560216960815	0.000849815694479834	0.200767769553978
OVCA218	0.197671875408595	0.000849815694479834	0.200767769553978
OVCA219	0.0652383103241568	0.000848176705676594	0.0660864870298334
OVCA22	0	0	0
OVCA221	0.174898822557819	0.000848996200078214	0.200767769553978
OVCA222	0.0956937462226942	0.000848996200078214	0.124162842420921
OVCA223	0.144121038536405	0.000848176705676594	0.200767769553978
OVCA224	0.035148934379879	0.000848996200078214	0.0359979305799573
OVCA225	0.189725139856758	0.000849815694479834	0.200767769553978
OVCA226	0.163643738936979	0.000848176705676594	0.200767769553978
OVCA227	0.198944574799143	0.000849815694479834	0.200767769553978
OVCA228	0.0588478929803249	0.000849815694479834	0.0596977086748047
OVCA229	0.0965534859943777	0.000848176705676594	0.200767769553978
OVCA23	0.198976444936422	0.000848176705676594	0.200767769553978
OVCA230	0	0	0
OVCA231	0.0683466525895011	0.000848996200078214	0.0691956487895793
OVCA232	0.0444788781423216	0.000848996200078214	0.0453278743423998
OVCA233	0	0	0
OVCA234	0	0	0
OVCA235	0.184676079144442	0.000848176705676594	0.200767769553978
OVCA236	0.156385255758343	0.000849815694479834	0.200767769553978
OVCA237	0.0727563519646178	0.000848176705676594	0.0736045286702944
OVCA239	0.1317989813996	0.000848996200078214	0.200767769553978
OVCA24	0.156159575195081	0.000848176705676594	0.157007751900758
OVCA240	0.13891798663108	0.000848176705676594	0.200767769553978
OVCA241	0.197950806718074	0.000848996200078214	0.200767769553978
OVCA242	0.197322426605856	0.000849815694479834	0.200767769553978
OVCA243	0.19938229134388	0.000848176705676594	0.200767769553978
OVCA244	0.191004411592407	0.000848996200078214	0.200767769553978
OVCA245R	0.182165836673176	0.000849815694479834	0.200767769553978
OVCA246	0.105587870905932	0.000849815694479834	0.190148105502267
OVCA247	0.197343102449609	0.000849815694479834	0.200767769553978
OVCA248	0.183059708386687	0.000848176705676594	0.200767769553978
OVCA249	0.179956946878218	0.000848176705676594	0.200767769553978
OVCA25-02	0	0	0
OVCA250	0.0836826708214159	0.000848176705676594	0.0845308475270925
OVCA252	0.191769835753408	0.000848176705676594	0.200767769553978
OVCA253	0.175338161701472	0.000848996200078214	0.200767769553978
OVCA254	0.190613742221267	0.000848176705676594	0.200767769553978
OVCA255	0.193645650243772	0.000848176705676594	0.200767769553978
OVCA256	0.124577186985324	0.000849815694479834	0.200767769553978
OVCA257	0.119730205397503	0.000848996200078214	0.200767769553978
OVCA258	0.198278768377602	0.000849815694479834	0.200767769553978
OVCA259	0.117002116729455	0.000849815694479834	0.200767769553978
OVCA26-02	0	0	0
OVCA260	0.199663746696116	0.000849815694479834	0.200767769553978
OVCA261	0.159301156153355	0.000849815694479834	0.200767769553978
OVCA262	0.142437608551765	0.000848176705676594	0.200767769553978
OVCA263	0.19989528664435	0.000849815694479834	0.200767769553978
OVCA264	0.199478237748421	0.000849815694479834	0.200767769553978
OVCA265	0.197733927524685	0.000848176705676594	0.200767769553978
OVCA266	0.105178664571427	0.000849815694479834	0.183953916092902
OVCA267	0.19903630900246	0.000848176705676594	0.200767769553978
OVCA268	0.1905778155867	0.000848176705676594	0.200767769553978
OVCA269R	0.168701674773665	0.000848176705676594	0.200767769553978
OVCA27	0.161899568027292	0.000850635188881454	0.162786260969844
OVCA270R	0.19200359653147	0.000848996200078214	0.200767769553978
OVCA272	0.00176764942429412	0.000848176705676594	0.00261582612997071
OVCA273	0.198845481536099	0.000849815694479834	0.200767769553978
OVCA274	0.196770849508958	0.000848176705676594	0.200767769553978
OVCA275	0.173028801892875	0.000849815694479834	0.200767769553978
OVCA276	0.194275874218394	0.000848996200078214	0.200767769553978
OVCA277	0.1998296861175	0.000848176705676594	0.200767769553978
OVCA278	0.168478116700903	0.000848996200078214	0.200767769553978
OVCA279	0.189188772575954	0.000848176705676594	0.200767769553978
OVCA28-02	0.087168849175571	0.000849815694479834	0.200767769553978
OVCA280	0.0783580059468906	0.000848176705676594	0.200767769553978
OVCA281	0.19797203981802	0.000848176705676594	0.200767769553978
OVCA282	0.146168119161763	0.000848176705676594	0.199237904625258
OVCA285	0.0875181832490935	0.000848176705676594	0.193078625677403
OVCA286	0.185996186286123	0.000848996200078214	0.200767769553978
OVCA288	0	0	0
OVCA289	0.19727987026158	0.000848176705676594	0.200767769553978
OVCA29	0.129684669453532	0.000848176705676594	0.200767769553978
OVCA291	0.182704449368641	0.000849815694479834	0.19598782260821
OVCA292	0.192416105428414	0.000848996200078214	0.200767769553978
OVCA293	0.149151472140972	0.000848996200078214	0.200767769553978
OVCA294	0.198689613700911	0.000848176705676594	0.200767769553978
OVCA295	0.199857819360308	0.000848996200078214	0.200767769553978
OVCA296	0.181749041820512	0.000848996200078214	0.200767769553978
OVCA297	0.190358289426394	0.000848176705676594	0.200767769553978
OVCA298	0.179327403083949	0.000849815694479834	0.200767769553978
OVCA299	0.198358431428384	0.000849815694479834	0.200767769553978
OVCA3	0	0	0
OVCA30	0	0	0
OVCA300	0.199919592848302	0.000848176705676594	0.200767769553978
OVCA301	0.192207208110497	0.000848996200078214	0.200767769553978
OVCA302	0.196243054139594	0.000848996200078214	0.200767769553978
OVCA303	0.190375572563324	0.000848996200078214	0.200767769553978
OVCA304	0.19909595180501	0.000848176705676594	0.200767769553978
OVCA305	0.135231335361456	0.000849815694479834	0.200767769553978
OVCA306	0.18266388439576	0.000848176705676594	0.200767769553978
OVCA308	0.187897954164187	0.000848176705676594	0.200767769553978
OVCA309	0.19602418357481	0.000848176705676594	0.200767769553978
OVCA31	0.159537490143838	0.000848996200078214	0.200767769553978
OVCA310	0.186532881364688	0.000848996200078214	0.200767769553978
OVCA311	0.198724696256244	0.000848996200078214	0.200767769553978
OVCA312	0.196691801078977	0.000848996200078214	0.200767769553978
OVCA313	0.138786482364452	0.000848996200078214	0.200767769553978
OVCA314	0.19651518364554	0.000849815694479834	0.200767769553978
OVCA315	0.181437625752952	0.000848996200078214	0.200767769553978
OVCA316	0.189331856298477	0.000848176705676594	0.200767769553978
OVCA317	0.1914219194052	0.000848996200078214	0.200767769553978
OVCA318	0.196568213128269	0.000848996200078214	0.200767769553978
OVCA319	0.177986726632787	0.000851454683283074	0.200767769553978
OVCA32	0.0717106771081508	0.000849815694479834	0.0725604928026306
OVCA321	0.19741339867938	0.000849815694479834	0.200767769553978
OVCA322	0.198872000374935	0.000848996200078214	0.200767769553978
OVCA324	0.194691275930575	0.000848176705676594	0.200767769553978
OVCA325	0.149435836698334	0.000848176705676594	0.200767769553978
OVCA326	0.197475426210638	0.000848996200078214	0.200767769553978
OVCA328	0.186327221049658	0.000849815694479834	0.200767769553978
OVCA329	0.195768255473184	0.000849815694479834	0.200767769553978
OVCA33	0	0	0
OVCA330	0.194345228029603	0.000848996200078214	0.200767769553978
OVCA331	0.184057623109427	0.000848176705676594	0.200767769553978
OVCA334	0.1821560109353	0.000849815694479834	0.200767769553978
OVCA335	0.192016937900329	0.000848176705676594	0.200767769553978
OVCA336	0.174404159347113	0.000849815694479834	0.200767769553978
OVCA337	0.1999187733539	0.000848996200078214	0.200767769553978
OVCA338	0	0	0
OVCA339	0.185045458051028	0.000848996200078214	0.200767769553978
OVCA34	0.199046642826864	0.000848176705676594	0.200767769553978
OVCA340	0.17719682417401	0.000848176705676594	0.200767769553978
OVCA341	0.197941849644264	0.000848996200078214	0.200767769553978
OVCA342	0.196004360005235	0.000848176705676594	0.200767769553978
OVCA343	0.19613363524709	0.000849815694479834	0.200767769553978
OVCA344	0.192499366059618	0.000848996200078214	0.200767769553978
OVCA345	0.191895177422136	0.000848996200078214	0.200767769553978
OVCA346	0.194225786720567	0.000849815694479834	0.200767769553978
OVCA347	0.192132314517133	0.000848996200078214	0.200767769553978
OVCA348	0.199089010687428	0.000849815694479834	0.200767769553978
OVCA349	0.188985275726144	0.000849815694479834	0.200767769553978
OVCA35	0.198390022937566	0.00228638938051951	0.200767769553978
OVCA350	0.197021524651469	0.000849815694479834	0.200767769553978
OVCA351	0	0	0
OVCA352	0.17842739335737	0.000848996200078214	0.200767769553978
OVCA353	0.176859512083359	0.000849815694479834	0.200767769553978
OVCA354	0	0	0
OVCA355	0.194121252014696	0.000849815694479834	0.200767769553978
OVCA356	0.198767391914568	0.000849815694479834	0.200767769553978
OVCA357	0.00281824124717083	0.000849815694479834	0.00366805694165066
OVCA358	0.192421653405513	0.000849815694479834	0.200767769553978
OVCA359	0.192848634573589	0.000848176705676594	0.200767769553978
OVCA36	0	0	0
OVCA360	0.141554537774467	0.000848996200078214	0.200767769553978
OVCA361	0.184312100705962	0.000848996200078214	0.200767769553978
OVCA363	0	0	0
OVCA364	0	0	0
OVCA365	0.173937317971343	0.000848996200078214	0.200767769553978
OVCA366	0.184296767965708	0.000848996200078214	0.200767769553978
OVCA367	0	0	0
OVCA368	0.181963101953159	0.000848996200078214	0.200767769553978
OVCA369	0.193509614173103	0.000848996200078214	0.200767769553978
OVCA37	0.193394827592268	0.000848996200078214	0.200767769553978
OVCA371	0.193344346737129	0.000848996200078214	0.200767769553978
OVCA372	0.197711997854498	0.000848176705676594	0.200767769553978
OVCA373	0	0	0
OVCA375	0.177596934120657	0.000848996200078214	0.200767769553978
OVCA376	0.195715611152824	0.000849815694479834	0.200767769553978
OVCA377	0.182863144459514	0.000849815694479834	0.200767769553978
OVCA378	0.196777471023723	0.000848176705676594	0.200767769553978
OVCA379	0.127968172869787	0.000849815694479834	0.200767769553978
OVCA38	0.199814074749149	0.000848996200078214	0.200767769553978
OVCA380	0.19700852747026	0.000849815694479834	0.200767769553978
OVCA381	0	0	0
OVCA383	0.189199065425639	0.000849815694479834	0.200767769553978
OVCA384	0.169877632850102	0.000848996200078214	0.200767769553978
OVCA385	0	0	0
OVCA386	0.197902210700058	0.000849815694479834	0.200767769553978
OVCA387	0.199868800585289	0.000848996200078214	0.200767769553978
OVCA388	0	0	0
OVCA389	0.176068052585218	0.000848996200078214	0.200767769553978
OVCA39	0.0545914390583111	0.000849815694479834	0.055441254752791
OVCA390	0	0	0
OVCA391	0.192993562158515	0.000848176705676594	0.200767769553978
OVCA392	0.178876845061939	0.000848996200078214	0.200767769553978
OVCA394	0.172111222206325	0.000849815694479834	0.200767769553978
OVCA395	0.171785751809778	0.000849815694479834	0.200767769553978
OVCA396	0.198991367929475	0.000849815694479834	0.200767769553978
OVCA397	0.0154761517745918	0.000848996200078214	0.01632514797467
OVCA398	0.19851923261987	0.000849815694479834	0.200767769553978
OVCA399	0.196281635936023	0.000848996200078214	0.200767769553978
OVCA4	0.197602201994569	0.000849815694479834	0.200767769553978
OVCA40	0.199900687112456	0.000848176705676594	0.200767769553978
OVCA400	0.12364031640056	0.000848176705676594	0.200767769553978
OVCA401	0	0	0
OVCA402	0.18014455373158	0.000849815694479834	0.200767769553978
OVCA403	0.199844551745946	0.000849815694479834	0.200767769553978
OVCA405	0.177006996490818	0.000849815694479834	0.200767769553978
OVCA406	0.191310001054771	0.000848996200078214	0.199239183036525
OVCA407	0.184811344890373	0.000849815694479834	0.200767769553978
OVCA408	0.189703111847243	0.000848996200078214	0.200767769553978
OVCA409	0.195225119168622	0.000849815694479834	0.200767769553978
OVCA41	0	0	0
OVCA410	0.199881347044578	0.000849815694479834	0.200767769553978
OVCA411	0.192831646454643	0.000849815694479834	0.200767769553978
OVCA412	0.199813460128348	0.000848996200078214	0.200767769553978
OVCA414	0.183768325195768	0.000849815694479834	0.200767769553978
OVCA415	0.199917953859499	0.000849815694479834	0.200767769553978
OVCA416	0.190594582442157	0.000848996200078214	0.200767769553978
OVCA417	0.198165596200739	0.000849815694479834	0.200767769553978
OVCA418	0.197440958276106	0.000848996200078214	0.200767769553978
OVCA419	0.0028542990008421	0.000848996200078214	0.00370329520092032
OVCA42	0.100618473244397	0.000848996200078214	0.134009592132801
OVCA420	0	0	0
OVCA421	0.198120097871561	0.000848996200078214	0.200767769553978
OVCA422	0.188561957698043	0.000848176705676594	0.200767769553978
OVCA423	0.189080001084027	0.000848176705676594	0.193349870129395
OVCA424	0.187748429215667	0.000849815694479834	0.200767769553978
OVCA425	0	0	0
OVCA426	0	0	0
OVCA427	0.196954186796488	0.000849815694479834	0.200767769553978
OVCA43	0.00327633861767635	0.000849815694479834	0.00412615431215619
OVCA44	0.137552389355164	0.000848996200078214	0.138659272248488
OVCA45	0	0	0
OVCA46	0.198620653247014	0.000848176705676594	0.200767769553978
OVCA47	0	0	0
OVCA48	0.101282648872078	0.000848176705676594	0.145925819252036
OVCA5	0.198908590799967	0.000848996200078214	0.200767769553978
OVCA50	0	0	0
OVCA52	0.0968787269324926	0.000848176705676594	0.183987146590888
OVCA53	0.199866120838596	0.000848996200078214	0.200767769553978
OVCA54	0	0	0
OVCA55	0	0	0
OVCA56	0.106739580143025	0.000848996200078214	0.200767769553978
OVCA57	0.183481657859137	0.000848176705676594	0.197434230227069
OVCA58	0	0	0
OVCA59	0.199887714516079	0.000848996200078214	0.200767769553978
OVCA6	0.167526323123086	0.000849815694479834	0.200767769553978
OVCA60	0.199919592848302	0.000848176705676594	0.200767769553978
OVCA61	0	0	0
OVCA62	0.199844297702681	0.000848996200078214	0.200767769553978
OVCA63	0.195399015880646	0.000848176705676594	0.200767769553978
OVCA64	0	0	0
OVCA65	0	0	0
OVCA66	0	0	0
OVCA68	0.197933138418775	0.000848996200078214	0.200767769553978
OVCA69	0.19979132558456	0.000848176705676594	0.200767769553978
OVCA7-02	0.199919592848302	0.000848176705676594	0.200767769553978
OVCA70	0.196724548075266	0.000848176705676594	0.197572724780943
OVCA71	0	0	0
OVCA72	0.198654203347817	0.000848176705676594	0.200767769553978
OVCA73	0.109957185596937	0.000848996200078214	0.146335886055663
OVCA74	0	0	0
OVCA75	0.0717008431753313	0.000848996200078214	0.0725498393754096
OVCA76	0.199917953859499	0.000849815694479834	0.200767769553978
OVCA77	0.196943353080499	0.000848996200078214	0.197792349280577
OVCA78	0	0	0
OVCA8	0.199879388452958	0.000848996200078214	0.200767769553978
OVCA80	0.0715180959237701	0.000848996200078214	0.0723670921238483
OVCA81	0.15399181582414	0.000848176705676594	0.200767769553978
OVCA82	0	0	0
OVCA83	0	0	0
OVCA85	0	0	0
OVCA86	0.00755573838293546	0.000849815694479834	0.00840555407741529
OVCA87	0	0	0
OVCA88	0.186430026622341	0.000849815694479834	0.200767769553978
OVCA89	0.198326659630433	0.000848176705676594	0.199238756899436
OVCA9	0	0	0
OVCA90	0.199906480937876	0.000848996200078214	0.200767769553978
OVCA91	0.198388244634715	0.000849815694479834	0.199238060329195
OVCA92	0	0	0
OVCA93	0.149402024359324	0.000848176705676594	0.150252659548205
OVCA94	0.199890910544245	0.000849815694479834	0.200767769553978
OVCA95	0	0	0
OVCA96	0.147600701910067	0.000848996200078214	0.189706086611921
OVCA97	0	0	0
OVCA98	0.163874418416091	0.000849815694479834	0.200767769553978
OVCA99	0.152008622982332	0.000848176705676594	0.200767769553978
GSM692776_JB0175	0.0879581779882673	0.00185481084885041	0.0898129888371177
GSM692784_JB0718	0	0	0
GSM692787_JB0723	0.0472231190450261	0.00185481084885041	0.0490779298938765
GSM692791_JB0727	0.177510600385446	0.00185481084885041	0.198505907640899
GSM692796_JB0734	0.198912958705128	0.00185481084885041	0.200767769553978
GSM692802_JB0782	0.0657495109318873	0.00185481084885041	0.0676043217807377
GSM692812_JB0793	0.130513333997506	0.00185481084885041	0.200767769553978
GSM692813_JB0794	0.198912958705128	0.00185481084885041	0.200767769553978
