Sample	percent	start	end
P-0000067-T01-IM3	0.409271313362877	0.319692003883905	0.728963308722268
P-0000067-T02-IM5	0.470650714961148	0.296489395778416	0.76714010221505
P-0000141-T01-IM3	0.0692895360441649	0.51967980189577	0.588969329415422
P-0000148-T01-IM3	0.0940842418986778	8.52451320643155e-09	0.0940842418986778
P-0000148-T02-IM3	4.5188444251798e-05	0.52235319151635	0.522398371436089
P-0000185-T01-IM3	0.0666076219104266	0.522361716029508	0.588969329415422
P-0000199-T01-IM3	0.206610125730431	0.52235319151635	0.728963308722268
P-0000334-T01-IM3	0.588983343715054	8.52451320643155e-09	0.588983343715054
P-0000366-T01-IM3	0.905915766625835	0.0940842418986778	1
P-0000403-T01-IM3	0.193826083837291	0.51967980189577	0.713505877208548
P-0000666-T01-IM3	0.00387967642857542	0.0203045464161106	0.0241842143201728
P-0000667-T01-IM3	4.63818760939508e-05	0.683329757015913	0.683376130367494
P-0001080-T01-IM3	0.206876610536271	8.52451320643155e-09	0.206876610536271
P-0001140-T01-IM3	0.163696336996237	0.51967980189577	0.683376130367494
P-0001285-T01-IM3	0.426262100205448	0.470783876381193	0.897045968062127
P-0001421-T01-IM3	0.02773729960063	8.52451320643155e-09	0.02773729960063
P-0001457-T01-IM3	0.106108170002525	8.52451320643155e-09	0.106108170002525
P-0001561-T01-IM3	0.118199475858374	0.470783876381193	0.588983343715054
P-0001634-T01-IM3	0.000538075795060883	0.0236461470496251	0.0241842143201728
P-0001677-T01-IM3	0.000491105727559014	0.0236461470496251	0.0241372442526709
P-0001799-T01-IM3	0.258980702479897	0.42439543641211	0.683376130367494
P-0001907-T01-IM3	4.5188444251798e-05	0.52235319151635	0.522398371436089
P-0001965-T01-IM3	0.286494131315965	0.713505877208548	1
P-0001978-T01-IM3	0.000538075795060883	0.0236461470496251	0.0241842143201728
P-0001985-T01-IM3	0.0121024985416263	0.0236461470496251	0.0357486370667383
P-0002110-T01-IM3	0.000198024440665774	0.630768700019927	0.63096671593608
P-0002110-T02-IM6	0.000198024440665774	0.630768700019927	0.63096671593608
P-0002116-T01-IM3	0.0241842143201728	8.52451320643155e-09	0.0241842143201728
P-0002136-T01-IM3	0.0456335602308684	0.683329757015913	0.728963308722268
P-0002227-T01-IM3	0.0027975150566771	8.52451320643155e-09	0.00279751505667714
P-0002242-T01-IM3	1	8.52451320643155e-09	1
P-0002242-T02-IM3	1	8.52451320643155e-09	1
P-0002257-T01-IM3	0.386771670710468	0.51967980189577	0.906451464081725
P-0002285-T01-IM3	0.161022947375657	0.52235319151635	0.683376130367494
P-0002288-T01-IM3	4.5188444251798e-05	0.52235319151635	0.522398371436089
P-0002302-T01-IM3	0.0881219928074932	0.636964009300858	0.725085993583838
P-0002310-T01-IM3	9.07349180562419e-05	0.628968527429224	0.629059253822767
P-0002373-T01-IM3	0.000585966509983842	8.52451320643155e-09	0.000585966509983882
P-0002536-T01-IM3	0.160246841599679	0.568716475647103	0.728963308722268
P-0002573-T01-IM3	0.106108170002525	8.52451320643155e-09	0.106108170002525
P-0002587-T01-IM3	0.000106786576333196	0.713564585530669	0.713671363582489
P-0002771-T01-IM3	0.000538075795060883	0.0236461470496251	0.0241842143201728
P-0002866-T01-IM3	5.2511001054721e-05	0.683323627890952	0.683376130367494
P-0003050-T01-IM3	0.0294688669094357	0.653907271982571	0.683376130367494
P-0003050-T01-IM5	0.0294688669094357	0.653907271982571	0.683376130367494
P-0003102-T01-IM5	0.407295032854838	8.52451320643155e-09	0.407295032854838
P-0003191-T01-IM5	0.00554534925066801	0.958515874416599	0.964061215142754
P-0003539-T01-IM5	0.258980702479897	0.42439543641211	0.683376130367494
P-0003748-T01-IM5	0.00481577879202056	0.958515874416599	0.963331644684107
P-0003763-T01-IM5	0.102954040462386	0.897045968062127	1
P-0003813-T01-IM5	9.54660228590617e-05	0.958515874416599	0.958611331914945
P-0003818-T01-IM5	0.000504685277020081	0.888839802847788	0.889344479600295
P-0003829-T01-IM5	0.0961174746791271	0.628968527429224	0.725085993583838
P-0003873-T01-IM5	0.647627501825269	0.0357486370667383	0.683376130367494
P-0004005-T01-IM3	3.49590284619173e-05	0.52235319151635	0.522388142020299
P-0004360-T01-IM5	0.320628012477705	0.568716475647103	0.889344479600295
P-0004524-T01-IM5	0.906451464081725	8.52451320643155e-09	0.906451464081725
P-0004524-T02-IM5	0.460601268693064	0.470343568227544	0.930944828396094
P-0004821-T01-IM5	0.683376130367494	8.52451320643155e-09	0.683376130367494
P-0004822-T01-IM5	0.703471792113175	0.296528216411338	1
P-0004829-T01-IM5	0.11820664497394	0.470776707265627	0.588983343715054
P-0004867-T01-IM5	0.52921613214332	0.470783876381193	1
P-0005224-T01-IM5	0.00554534925066801	0.958515874416599	0.964061215142754
P-0005341-T01-IM5	0.000257227184549709	0.358734811192945	0.358992029852982
P-0005531-T01-IM5	1	8.52451320643155e-09	1
P-0005745-T01-IM5	0.431283532877411	0.568716475647103	1
P-0005946-T01-IM5	0.0121024985416263	0.0236461470496251	0.0357486370667383
P-0006217-T01-IM5	0.71704475212557	8.52451320643155e-09	0.71704475212557
P-0006444-T01-IM5	0.0450094379999883	8.52451320643155e-09	0.0450094379999882
P-0006537-T01-IM5	0.728963308722268	8.52451320643155e-09	0.728963308722268
P-0006656-T01-IM5	0.167827222303072	0.628968527429224	0.796795741207783
P-0006892-T01-IM5	0.0121024985416263	0.0236461470496251	0.0357486370667383
P-0007134-T01-IM5	0.00820617373885284	0.888839802847788	0.897045968062127
P-0007150-T01-IM5	0.0225762780257009	0.155909458486098	0.178485727987286
P-0007221-T01-IM5	0.0232026166300022	0.296489395778416	0.319692003883905
P-0007370-T01-IM5	0.0294688669094357	0.653907271982571	0.683376130367494
P-0007535-T01-IM5	0.000290455736840504	8.52451320643155e-09	0.0002904557368405
P-0007571-T01-IM5	0.0211955967275144	0.00279751505667714	0.0239931032596784
P-0008052-T01-IM5	0.102954040462386	0.897045968062127	1
P-0008787-T01-IM5	0.000538075795060883	0.0236461470496251	0.0241842143201728
P-0009061-T01-IM5	0.000777895923741478	0.888778571269772	0.889556458669
P-0009601-T01-IM5	0.206876610536271	8.52451320643155e-09	0.206876610536271
P-0009750-T01-IM5	0.00554534925066801	0.958515874416599	0.964061215142754
P-0009840-T01-IM5	0.000309005077472821	8.52451320643155e-09	0.000309005077472779
P-0010011-T01-IM5	0.0553690486793347	0.888778571269772	0.944147611424593
P-0010214-T01-IM5	0.0213867077880089	0.00279751505667714	0.0241842143201728
P-0010225-T01-IM5	0.00197917884251296	0.628968527429224	0.630947697747223
P-0010250-T01-IM5	0.0213632994748763	0.0236461470496251	0.0450094379999882
P-0010348-T01-IM5	0.139979973531728	0.588983343715054	0.728963308722268
P-0010510-T01-IM5	0.0027975150566771	8.52451320643155e-09	0.00279751505667714
P-0010594-T01-IM5	0.014463729014865	0.944147611424593	0.958611331914945
P-0010690-T01-IM5	0.00110616640095191	0.629836553030587	0.630942710907026
P-0010705-T01-IM5	7.38222839503058e-06	0.932041728651243	0.932049102355125
P-0010946-T01-IM5	0.055992642390399	0.944007366134114	1
P-0011086-T01-IM5	5.2511001054721e-05	0.683323627890952	0.683376130367494
P-0011589-T01-IM5	0.0544076114627833	0.628968527429224	0.683376130367494
P-0012367-T01-IM5	0.703510612746098	0.296489395778416	1
P-0013641-T01-IM5	0.000519381537704876	8.52451320643155e-09	0.000519381537704922
P-0014032-T01-IM5	0.0400463811941329	0.588924524574262	0.628970897243882
P-0014175-T01-IM5	0.11821266328023	0.470770688959337	0.588983343715054
P-0014391-T01-IM6	0.202924791152837	0.797075217371676	1
P-0014401-T01-IM6	9.54660228590617e-05	0.958515874416599	0.958611331914945
P-0014561-T01-IM6	0.176162917494852	0.823837091029662	1
P-0014631-T01-IM6	0.0464121295911493	0.636964009300858	0.683376130367494
P-0014723-T01-IM6	0.0943927951769532	0.588983343715054	0.683376130367494
P-0014861-T01-IM6	0.000252351163023199	8.52451320643155e-09	0.000252351163023246
P-0015095-T01-IM6	0.0650497330327067	0.588983343715054	0.654033068223247
P-0015651-T03-IM6	0.000141370526216151	8.52451320643155e-09	0.0001413705262161
P-0015810-T01-IM6	0.0027975150566771	8.52451320643155e-09	0.00279751505667714
P-0015976-T01-IM6	0.0634100088286678	0.628968527429224	0.692378527733378
P-0016322-T01-IM6	0.728963308722268	8.52451320643155e-09	0.728963308722268
P-0016488-T01-IM6	0.0027975150566771	8.52451320643155e-09	0.00279751505667714
P-0016553-T01-IM6	0.0203045464161105	8.52451320643155e-09	0.0203045464161106
P-0016865-T01-IM6	0.000141370526216151	8.52451320643155e-09	0.0001413705262161
P-0017470-T01-IM6	0.083529863142692	0.628968527429224	0.712498382047403
P-0017516-T01-IM6	0.76714010221505	8.52451320643155e-09	0.76714010221505
P-0017563-T01-IM5	0.0027975150566771	8.52451320643155e-09	0.00279751505667714
P-0018024-T01-IM6	0.0450094379999883	8.52451320643155e-09	0.0450094379999882
P-0018026-T01-IM6	0.0690551801284187	0.930944828396094	1
P-0018202-T01-IM6	0.0446952585430284	8.52451320643155e-09	0.0446952585430284
P-0018211-T01-IM6	0.000777895923741478	0.888778571269772	0.889556458669
P-0018212-T01-IM6	0.111075983486722	0.888924025037791	1
P-0018606-T01-IM6	0.00554534925066801	0.958515874416599	0.964061215142754
P-0018647-T01-IM6	0.209283515351012	0.51967980189577	0.728963308722268
P-0018757-T01-IM6	0.823862664569136	8.52451320643155e-09	0.823862664569136
P-0018944-T01-IM6	0.0973198828336355	0.888778571269772	0.986098445578894
P-0018997-T01-IM6	0.000215601986798052	8.52451320643155e-09	0.000215601986798042
P-0019026-T01-IM6	0.0492950687941851	0.0447891816290058	0.0940842418986778
P-0019325-T01-IM6	0.0241842143201728	8.52451320643155e-09	0.0241842143201728
P-0019337-T01-IM6	0.0027975150566771	8.52451320643155e-09	0.00279751505667714
P-0019338-T01-IM6	0.000169637811848855	0.692208898446043	0.692378527733378
P-0019391-T01-IM6	0.0027975150566771	8.52451320643155e-09	0.00279751505667714
P-0019423-T01-IM6	0.0456340887506842	0.683329228496097	0.728963308722268
P-0019454-T01-IM6	0.000511368495336137	0.931727796405165	0.932239156375988
P-0019652-T02-IM6	0.0749326103136789	0.654030706933103	0.728963308722268
P-0019664-T02-IM6	0.0027975150566771	8.52451320643155e-09	0.00279751505667714
P-0019748-T01-IM6	0.0202878042722678	0.692324107241376	0.712611902989131
P-0019814-T01-IM6	0.438918385219885	0.51967980189577	0.958598178591142
P-0019841-T01-IM6	0.0172392849256465	0.02773729960063	0.0449765760017633
P-0019908-T01-IM6	0.267322944497781	0.461640372749	0.728963308722268
P-0019934-T01-IM6	0.0450094379999883	8.52451320643155e-09	0.0450094379999882
P-0019953-T01-IM6	0.02773729960063	8.52451320643155e-09	0.02773729960063
P-0019991-T01-IM6	0.00904930776179428	0.683329228496097	0.692378527733378
P-0020007-T01-IM6	0.493494594503912	0.358837318463673	0.852331904443072
P-0020112-T01-IM6	0.00904930776179428	0.683329228496097	0.692378527733378
P-0020115-T01-IM6	0.515314577722215	0.470783876381193	0.986098445578894
P-0020298-T01-IM6	0.705317170197156	0.0236461470496251	0.728963308722268
P-0020313-T01-IM6	0.0690551801284187	0.930944828396094	1
P-0020315-T01-IM6	0.021266418382833	0.0236461470496251	0.0449125569079449
P-0020323-T01-IM6	0.0456340887506842	0.683329228496097	0.728963308722268
P-0020354-T01-IM6	0.0631090679406427	0.653935692709441	0.71704475212557
P-0020364-T01-IM6	0.0272439689751367	0.852331904443072	0.879575864893695
P-0020385-T01-IM6	0.00905490836693924	0.683323627890952	0.692378527733378
P-0020432-T01-IM6	0.258272929201395	0.470690388045386	0.728963308722268
P-0020434-T01-IM6	0.181876080311553	0.176858739405906	0.358734811192945
P-0020525-T01-IM6	0.175037306679386	0.783574033760073	0.958611331914945
P-0020549-T01-IM6	0.363522689253399	0.568716475647103	0.932239156375988
P-0020552-T01-IM6	0.0420123640902769	0.588954360370316	0.63096671593608
P-0020682-T01-IM6	0.0357486370667382	8.52451320643155e-09	0.0357486370667383
P-0020687-T01-IM6	9.54660228590617e-05	0.958515874416599	0.958611331914945
P-0020688-T01-IM6	0.958611331914945	8.52451320643155e-09	0.958611331914945
P-0020767-T01-IM6	0.728963308722268	8.52451320643155e-09	0.728963308722268
P-0020831-T01-IM6	0.0961174746791271	0.628968527429224	0.725085993583838
P-0020924-T01-IM6	0.0692895360441649	0.51967980189577	0.588969329415422
P-0020968-T01-IM6	0.0670152556051402	0.897045968062127	0.964061215142754
P-0021030-T01-IM6	0.106108170002525	8.52451320643155e-09	0.106108170002525
P-0021045-T02-IM6	0.011755542331573	0.0239931032596784	0.0357486370667383
P-0021107-T01-IM6	0.066630160723217	0.52235319151635	0.588983343715054
P-0021114-T01-IM6	0.114659663244904	0.568716475647103	0.683376130367494
P-0021303-T01-IM6	0.411075483950251	0.588924524574262	1
P-0021409-T01-IM6	0.10345401168363	0.588924524574262	0.692378527733378
P-0021524-T01-IM6	0.191318180590652	0.52235319151635	0.713671363582489
P-0021592-T01-IM6	0.0293430706687597	0.654033068223247	0.683376130367494
P-0021602-T01-IM6	0.108423052697722	0.52235319151635	0.630776235689559
P-0021632-T01-IM6	0.964061215142754	8.52451320643155e-09	0.964061215142754
P-0021742-T01-IM6	0.000898142706351526	0.93134102219415	0.932239156375988
P-0021785-T01-IM6	0.0412461467495622	0.588969329415422	0.630215467640471
P-0021891-T01-IM6	0.206610125730431	0.52235319151635	0.728963308722268
P-0021905-T02-IM6	0.120723047160198	0.879276961364315	1
P-0021912-T01-IM6	0.00199819703136898	0.628968527429224	0.63096671593608
P-0021924-T01-IM6	0.103395192542838	0.588983343715054	0.692378527733378
P-0022003-T01-IM6	0.000538075795060883	0.0236461470496251	0.0241842143201728
P-0022016-T01-IM6	0.0027975150566771	8.52451320643155e-09	0.00279751505667714
P-0022046-T01-IM6	0.371031481095289	0.628968527429224	1
P-0022058-T01-IM6	0.000140253814992423	0.944007366134114	0.944147611424593
P-0022059-T01-IM6	0.000538075795060883	0.0236461470496251	0.0241842143201728
P-0022079-T01-IM6	0.000252351163023199	8.52451320643155e-09	0.000252351163023246
P-0022098-T01-IM6	0.0044328576609527	0.712611902989131	0.71704475212557
P-0022126-T01-IM6	0.480320206628743	0.51967980189577	1
P-0022130-T01-IM6	0.00454904677529943	0.0196351760693866	0.0241842143201728
P-0022131-T01-IM6	0.00554534925066801	0.958515874416599	0.964061215142754
P-0022170-T01-IM6	0.000987428457170868	0.629221040557997	0.630208460490655
P-0022185-T01-IM6	0.000177881016072867	0.783574033760073	0.783751906251632
P-0022191-T01-IM6	0.0493889918801625	0.0446952585430284	0.0940842418986778
P-0022522-T01-IM6	0.120723047160198	0.879276961364315	1
P-0022610-T01-IM6	0.00481577879202056	0.958515874416599	0.963331644684107
P-0023372-T01-IM6	0.50646489700956	0.176858739405906	0.683323627890952
P-0023507-T01-IM6	0.0621684731587631	8.52451320643155e-09	0.0621684731587632
P-0023547-T01-IM6	0.106108170002525	8.52451320643155e-09	0.106108170002525
P-0023661-T01-IM6	0.111209051137122	0.888790957387391	1
P-0023834-T01-IM6	0.0597509553251406	0.653907271982571	0.713658218783199
P-0023856-T01-IM6	0.000161241166387995	0.796368381789621	0.796529614431496
P-0023920-T01-IM6	0.0027975150566771	8.52451320643155e-09	0.00279751505667714
P-0023995-T01-IM6	9.54660228590617e-05	0.958515874416599	0.958611331914945
P-0023996-T01-IM6	0.000538075795060883	0.0236461470496251	0.0241842143201728
P-0024036-T01-IM6	0.0253742704551149	0.0196351760693866	0.0450094379999882
P-0024118-T01-IM6	0.000538075795060883	0.0236461470496251	0.0241842143201728
P-0024149-T01-IM6	0.00632336451759371	0.464460520388112	0.470783876381193
P-0024181-T01-IM6	8.62424996218526e-05	0.296489395778416	0.296575629753524
P-0024189-T01-IM6	0.0621684731587631	8.52451320643155e-09	0.0621684731587632
P-0024318-T01-IM6	0.227918015869779	0.464460520388112	0.692378527733378
P-0024405-T01-IM6	0.0040135112851597	0.0201707115595262	0.0241842143201728
P-0024448-T01-IM6	0.619587130208324	0.0940842418986778	0.713671363582489
P-0024661-T01-IM6	0.0264162643210116	0.0185931822034898	0.0450094379999882
P-0024723-T01-IM6	0.0999947898175577	0.628968527429224	0.728963308722268
P-0024726-T01-IM6	4.5188444251798e-05	0.52235319151635	0.522398371436089
P-0024935-T01-IM6	0.01202393662836	0.0940842418986778	0.106108170002525
P-0024971-T01-IM6	0.112792377162106	0.0940842418986778	0.206876610536271
P-0025026-T01-IM6	0.139979973531728	0.588983343715054	0.728963308722268
P-0025136-T01-IM6	0.000706844106567599	0.796368381789621	0.797075217371676
P-0025144-T01-IM6	0.0174454928989441	0.834886420068641	0.852331904443072
P-0025149-T01-IM6	0.00826740531686843	0.888778571269772	0.897045968062127
P-0025279-T01-IM6	2.89918692511536e-05	0.588954360370316	0.588983343715054
P-0025545-T01-IM6	0.120644971144182	0.879355037380331	1
P-0025761-T01-IM6	0.444381421771497	0.51967980189577	0.964061215142754
P-0025802-T02-IM6	0.0999947898175577	0.628968527429224	0.728963308722268
P-0025811-T01-IM6	0.000169637811848855	0.692208898446043	0.692378527733378
P-0025859-T01-IM6	0.725085993583838	8.52451320643155e-09	0.725085993583838
P-0025946-T01-IM6	0.0011729900595993	0.712498382047403	0.713671363582489
P-0025993-T01-IM6	0.0700911471635126	0.0239931032596784	0.0940842418986778
P-0026190-T01-IM6	0.0185931822034898	8.52451320643155e-09	0.0185931822034898
P-0026232-T01-IM6	0.357129926674184	0.628968527429224	0.986098445578894
P-0026328-T01-IM6	0.000706844106567599	0.796368381789621	0.797075217371676
P-0026490-T01-IM6	0.00632336451759371	0.464460520388112	0.470783876381193
P-0026495-T01-IM6	0.0464121295911493	0.636964009300858	0.683376130367494
P-0026506-T01-IM6	0.069303550343797	0.51967980189577	0.588983343715054
P-0026514-T01-IM6	9.54660228590617e-05	0.958515874416599	0.958611331914945
P-0026533-T01-IM6	0.093548544442788	0.906451464081725	1
P-0026539-T01-IM6	0.0400923794671347	0.588924524574262	0.629016895516884
P-0026648-T01-IM6	2.14561996192748e-05	0.52235319151635	0.522374639191456
P-0026707-T01-IM6	0.0999947898175577	0.628968527429224	0.728963308722268
P-0026969-T01-IM6	0.438931538543689	0.51967980189577	0.958611331914945
P-0027035-T01-IM6	0.128090400279768	0.588954360370316	0.71704475212557
P-0027075-T01-IM6	0.0156198575874373	0.0201287880038141	0.0357486370667383
P-0027163-T01-IM6	0.10345401168363	0.588924524574262	0.692378527733378
P-0027239-T01-IM6	0.0999947898175577	0.628968527429224	0.728963308722268
P-0027262-T01-IM6	0.66210879133724	0.296489395778416	0.958598178591142
P-0027872-T01-IM6	0.00904930776179428	0.683329228496097	0.692378527733378
P-0027886-T01-IM6	0.206876610536271	8.52451320643155e-09	0.206876610536271
P-0027958-T01-IM6	0.000169637811848855	0.692208898446043	0.692378527733378
P-0028009-T01-IM6	0.431283532877411	0.568716475647103	1
P-0028066-T01-IM6	3.56154159751013e-05	0.683323627890952	0.683359234782414
P-0028250-T01-IM6	0.000125804765189216	0.653907271982571	0.654033068223247
P-0028308-T01-IM6	0.000538075795060883	0.0236461470496251	0.0241842143201728
P-0028328-T01-IM6	0.120545046800941	0.879454961723572	1
P-0028329-T01-IM6	0.0016210128976566	0.0185931822034898	0.0202141865766332
P-0028493-T01-IM6	4.69103959097613e-05	0.683329228496097	0.683376130367494
P-0028513-T01-IM6	0.0999947898175577	0.628968527429224	0.728963308722268
P-0028695-T01-IM6	0.163696336996237	0.51967980189577	0.683376130367494
P-0028704-T01-IM6	0.123662060610789	0.568716475647103	0.692378527733378
P-0028778-T01-IM6	0.103351231628481	0.588924524574262	0.69227574767823
P-0029084-T01-IM6	0.522398371436089	8.52451320643155e-09	0.522398371436089
P-0029129-T01-IM6	0.0940842418986778	8.52451320643155e-09	0.0940842418986778
P-0029223-T01-IM6	0.00171013668272594	0.628968527429224	0.630678655587436
P-0029267-T03-IM6	0.194656618629785	0.522388142020299	0.71704475212557
P-0029331-T01-IM6	0.02773729960063	8.52451320643155e-09	0.02773729960063
P-0029354-T01-IM6	0.436258148923108	0.52235319151635	0.958611331914945
P-0029393-T01-IM6	1	8.52451320643155e-09	1
P-0029461-T01-IM6	7.66097997530483e-05	0.783574033760073	0.783650635035313
P-0029463-T01-IM6	0.163663568767657	0.358734811192945	0.522398371436089
P-0029474-T01-IM6	0.197364958754314	0.51967980189577	0.71704475212557
P-0029537-T01-IM6	9.26273599773698e-05	0.636964009300858	0.637056628136322
P-0029548-T01-IM6	0.627363642910462	0.358734811192945	0.986098445578894
P-0029723-T01-IM6	0.00684817617018038	0.630208460490655	0.637056628136322
P-0029789-T01-IM6	0.000177881016072867	0.783574033760073	0.783751906251632
P-0029946-T01-IM6	0.0414841341079138	0.958515874416599	1
P-0030010-T01-IM6	0.0294688669094357	0.653907271982571	0.683376130367494
P-0030023-T01-IM6	2.14561996192748e-05	0.52235319151635	0.522374639191456
P-0030033-T01-IM6	0.0623091105768477	0.296528216411338	0.358837318463673
P-0030123-T01-IM6	0.0665952102192682	0.522388142020299	0.588983343715054
P-0030139-T01-IM6	9.84069798986524e-05	0.783574033760073	0.783672432215458
P-0030229-T02-IM6	0.0940842418986778	8.52451320643155e-09	0.0940842418986778
P-0030258-T01-IM6	0.692378527733378	8.52451320643155e-09	0.692378527733378
P-0030346-T01-IM6	0.0011729900595993	0.712498382047403	0.713671363582489
P-0030380-T01-IM6	0.000125804765189216	0.653907271982571	0.654033068223247
P-0030505-T01-IM6	0.493306398826918	0.47075482484035	0.964061215142754
P-0030569-T01-IM6	0.074553081938848	0.888778571269772	0.963331644684107
P-0030632-T01-IM6	0.728963308722268	8.52451320643155e-09	0.728963308722268
P-0030669-T01-IM6	1	8.52451320643155e-09	1
P-0030697-T01-IM6	0.334477328682177	0.296489395778416	0.63096671593608
P-0030779-T01-IM6	0.964061215142754	8.52451320643155e-09	0.964061215142754
P-0030836-T01-IM6	0.354936560914057	0.358734811192945	0.713671363582489
P-0030867-T01-IM6	0.000571355494430629	8.52451320643155e-09	0.000571355494430659
P-0030874-T01-IM6	1.87283554086399e-05	0.932220436545093	0.932239156375988
P-0030958-T01-IM6	0.0450094379999883	8.52451320643155e-09	0.0450094379999882
P-0031150-T01-IM6	0.116317263353036	0.0621684731587632	0.178485727987286
P-0031210-T01-IM6	0.178201887272656	0.588938223466907	0.76714010221505
P-0031382-T01-IM6	0.245999437450328	0.712611902989131	0.958611331914945
P-0031395-T01-IM6	4.5188444251798e-05	0.52235319151635	0.522398371436089
P-0031402-T01-IM6	0.209283515351012	0.51967980189577	0.728963308722268
P-0031498-T01-IM6	0.000144209189097843	0.713527162917904	0.713671363582489
P-0031520-T01-IM6	3.66639310935641e-05	0.522361716029508	0.522398371436089
P-0031648-T01-IM6	0.0199136122426739	0.944147611424593	0.964061215142754
P-0031749-T01-IM6	0.000255411463247005	0.888778571269772	0.889033974208506
P-0032130-T02-IM6	0.111221437254741	0.888778571269772	1
P-0032375-T01-IM6	0.00353888344153555	0.713505877208548	0.71704475212557
P-0032378-T01-IM6	0.209283515351012	0.51967980189577	0.728963308722268
P-0032525-T01-IM6	1.40995447637189e-05	0.629208211165694	0.629222302185944
P-0033193-T01-IM6	0.255404387901083	0.461640372749	0.71704475212557
P-0033218-T02-IM6	4.51287726596904e-05	0.588938223466907	0.588983343715054
P-0033283-T03-IM6	0.0973198828336355	0.888778571269772	0.986098445578894
P-0033335-T01-IM6	0.444381421771497	0.51967980189577	0.964061215142754
P-0033523-T01-IM6	0.0027975150566771	8.52451320643155e-09	0.00279751505667714
P-0033555-T01-IM6	0.17429448912729	0.296489395778416	0.470783876381193
P-0033557-T01-IM6	0.000585966509983842	8.52451320643155e-09	0.000585966509983882
P-0033690-T01-IM6	0.000777895923741478	0.888778571269772	0.889556458669
P-0033692-T01-IM6	0.0690548817704582	0.889556458669	0.958611331914945
P-0033693-T01-IM6	0.0044328576609527	0.712611902989131	0.71704475212557
P-0033726-T01-IM6	0.000257227184549709	0.358734811192945	0.358992029852982
P-0033783-T01-IM6	0.00826740531686843	0.888778571269772	0.897045968062127
P-0033798-T01-IM6	0.000585966509983842	8.52451320643155e-09	0.000585966509983882
P-0033879-T01-IM6	0.0456340887506842	0.683329228496097	0.728963308722268
P-0034011-T01-IM6	0.00174442227464836	0.629222302185944	0.63096671593608
P-0034043-T01-IM6	4.5188444251798e-05	0.52235319151635	0.522398371436089
P-0034250-T01-IM6	0.055992642390399	0.944007366134114	1
P-0034304-T01-IM6	0.0337211327591312	0.683323627890952	0.71704475212557
P-0034383-T01-IM6	0.000777895923741478	0.888778571269772	0.889556458669
P-0034470-T01-IM6	0.357543680969345	0.296489395778416	0.654033068223247
P-0034519-T01-IM6	0.00353888344153555	0.713505877208548	0.71704475212557
P-0034872-T01-IM6	0.0185931822034898	8.52451320643155e-09	0.0185931822034898
P-0034885-T01-IM6	0.000119471051912648	0.653907271982571	0.654026734509971
P-0034907-T01-IM6	0.0553690486793347	0.888778571269772	0.944147611424593
P-0035075-T01-IM6	5.88276653049723e-05	0.588924524574262	0.588983343715054
P-0035082-T01-IM6	0.000777895923741478	0.888778571269772	0.889556458669
P-0035101-T01-IM6	0.000177881016072867	0.783574033760073	0.783751906251632
P-0035118-T01-IM6	0.0132027915530122	0.930944828396094	0.944147611424593
P-0035125-T01-IM6	0.131679885231411	0.52235319151635	0.654033068223247
P-0035374-T01-IM6	0.247460308843794	0.51967980189577	0.76714010221505
P-0035378-T01-IM6	9.54660228590617e-05	0.958515874416599	0.958611331914945
P-0035382-T01-IM6	0.0328771036623082	0.692208898446043	0.725085993583838
P-0035594-T01-IM6	0.0838108822434664	0.683329228496097	0.76714010221505
P-0035753-T01-IM6	0.0450094379999883	8.52451320643155e-09	0.0450094379999882
P-0035898-T01-IM6	5.88276653049723e-05	0.588924524574262	0.588983343715054
P-0036013-T01-IM6	0.00271857806483185	0.51967980189577	0.522398371436089
P-0036061-T01-IM6	0.0999947898175577	0.628968527429224	0.728963308722268
P-0036063-T01-IM6	0.296600836738933	8.52451320643155e-09	0.296600836738933
P-0036236-T01-IM6	0.411075483950251	0.588924524574262	1
P-0036292-T01-IM6	4.5188444251798e-05	0.52235319151635	0.522398371436089
P-0036314-T01-IM6	4.5188444251798e-05	0.52235319151635	0.522398371436089
P-0036348-T01-IM6	0.209283515351012	0.51967980189577	0.728963308722268
P-0036409-T01-IM6	0.00271857806483185	0.51967980189577	0.522398371436089
P-0036457-T01-IM6	0.417181976328586	0.296489395778416	0.713671363582489
P-0036515-T01-IM6	0.0847028446777782	0.628968527429224	0.713671363582489
P-0036582-T01-IM6	0.276028603560628	0.407295032854838	0.683323627890952
P-0036627-T01-IM6	0.346092736541942	0.653907271982571	1
P-0036727-T01-IM6	0.0690551801284187	0.930944828396094	1
P-0036750-T01-IM6	0.0027975150566771	8.52451320643155e-09	0.00279751505667714
P-0036770-T01-IM6	0.000608249587379465	0.888948217606134	0.889556458669
P-0036814-T01-IM6	0.428557785697013	0.296528216411338	0.725085993583838
P-0036828-T01-IM6	0.431283532877411	0.568716475647103	1
P-0036869-T01-IM6	0.480320206628743	0.51967980189577	1
P-0036872-T01-IM6	0.178485727987286	8.52451320643155e-09	0.178485727987286
P-0036895-T01-IM6	0.02773729960063	8.52451320643155e-09	0.02773729960063
P-0036961-T01-IM6	0.066630160723217	0.52235319151635	0.588983343715054
P-0036963-T01-IM6	0.000140253814992423	0.944007366134114	0.944147611424593
P-0037025-T01-IM6	0.441699507637759	0.522361716029508	0.964061215142754
P-0037049-T01-IM6	0.897045968062127	8.52451320643155e-09	0.897045968062127
P-0037072-T01-IM6	0.0241842143201728	8.52451320643155e-09	0.0241842143201728
P-0037096-T01-IM6	1	8.52451320643155e-09	1
P-0037128-T01-IM6	0.172595954306973	0.51967980189577	0.69227574767823
P-0037167-T01-IM6	0.728963308722268	8.52451320643155e-09	0.728963308722268
P-0037178-T01-IM6	0.588983343715054	8.52451320643155e-09	0.588983343715054
P-0037342-T01-IM6	0.213722348695688	0.683323627890952	0.897045968062127
P-0037373-T01-IM6	0.76714010221505	8.52451320643155e-09	0.76714010221505
P-0037460-T01-IM6	0.02773729960063	8.52451320643155e-09	0.02773729960063
P-0037462-T01-IM6	0.0080881092316113	0.628968527429224	0.637056628136322
P-0037553-T01-IM6	0.0384712642753202	0.653907271982571	0.692378527733378
P-0037702-T01-IM6	0.477646817008163	0.52235319151635	1
P-0037794-T01-IM6	0.00904930776179428	0.683329228496097	0.692378527733378
P-0037819-T01-IM6	0.76714010221505	8.52451320643155e-09	0.76714010221505
P-0037891-T01-IM6	0.10345401168363	0.588924524574262	0.692378527733378
P-0037905-T01-IM6	0.958611331914945	8.52451320643155e-09	0.958611331914945
P-0037909-T01-IM6	0.120644971144182	0.879355037380331	1
P-0037939-T01-IM6	0.00264147384331563	0.000156049737874642	0.00279751505667714
P-0038047-T01-IM6	0.0241842143201728	8.52451320643155e-09	0.0241842143201728
P-0038069-T01-IM6	0.0164649351993788	0.712498382047403	0.728963308722268
P-0038093-T01-IM6	0.408405299546619	0.358734811192945	0.76714010221505
P-0038097-T01-IM6	0.00271857806483185	0.51967980189577	0.522398371436089
P-0038147-T01-IM6	0.00271857806483185	0.51967980189577	0.522398371436089
P-0038238-T01-IM6	0.0241842143201728	8.52451320643155e-09	0.0241842143201728
P-0038306-T01-IM6	0.176858739405906	8.52451320643155e-09	0.176858739405906
P-0038340-T01-IM6	3.49590284619173e-05	0.52235319151635	0.522388142020299
P-0038345-T02-IM6	0.0148092360576814	0.985190772466832	1
P-0038387-T01-IM6	0.00011144948503075	0.296489395778416	0.296600836738933
P-0038427-T01-IM6	0.441708032150917	0.52235319151635	0.964061215142754
P-0038534-T01-IM6	0.37469278507029	0.52235319151635	0.897045968062127
P-0038554-T01-IM6	0.0357486370667382	8.52451320643155e-09	0.0357486370667383
P-0038634-T01-IM6	0.227780097771392	0.464460520388112	0.692240609634991
P-0038660-T01-IM6	0.153111951953934	0.00279751505667714	0.155909458486098
P-0038663-T01-IM6	0.000777895923741478	0.888778571269772	0.889556458669
P-0038744-T01-IM6	0.000777895923741478	0.888778571269772	0.889556458669
P-0038809-T01-IM6	2.14561996192748e-05	0.52235319151635	0.522374639191456
P-0038996-T01-IM6	0.316670780028416	0.683329228496097	1
P-0039012-T01-IM6	0.120723047160198	0.879276961364315	1
P-0039045-T01-IM6	0.000538075795060883	0.0236461470496251	0.0241842143201728
P-0039070-T01-IM6	0.0450094379999883	8.52451320643155e-09	0.0450094379999882
P-0039094-T01-IM6	0.106108170002525	8.52451320643155e-09	0.106108170002525
P-0039132-T01-IM6	0.0422119314678243	0.00279751505667714	0.0450094379999882
P-0039148-T01-IM6	0.0045463786026809	0.712498382047403	0.71704475212557
P-0039165-T01-IM6	0.000125804765189216	0.653907271982571	0.654033068223247
P-0039180-T01-IM6	1	8.52451320643155e-09	1
P-0039245-T01-IM6	0.0650637473323389	0.588969329415422	0.654033068223247
P-0039297-T01-IM6	0.105709188688667	0.000398989838371167	0.106108170002525
P-0039468-T01-IM6	4.5188444251798e-05	0.52235319151635	0.522398371436089
P-0039500-T01-IM6	0.0621684731587631	8.52451320643155e-09	0.0621684731587632
P-0039511-T02-IM6	0.00926080945776322	0.0357486370667383	0.0450094379999882
P-0039583-T01-IM6	0.000585966509983842	8.52451320643155e-09	0.000585966509983882
P-0039605-T01-IM6	0.02773729960063	8.52451320643155e-09	0.02773729960063
P-0039615-T01-IM6	0.0431307120205319	0.836445161397676	0.879575864893695
P-0039685-T01-IM6	0.10345401168363	0.588924524574262	0.692378527733378
P-0039726-T01-IM6	0.0196351760693865	8.52451320643155e-09	0.0196351760693866
P-0039734-T01-IM6	1.31533238031549e-05	0.713658218783199	0.713671363582489
P-0039767-T01-IM6	0.0631374886675122	0.653907271982571	0.71704475212557
P-0039774-T01-IM6	0.0011729900595993	0.712498382047403	0.713671363582489
P-0039797-T01-IM6	0.306376339252164	0.407295032854838	0.713671363582489
P-0039804-T01-IM6	0.409271313362877	0.319692003883905	0.728963308722268
P-0039810-T01-IM6	4.5188444251798e-05	0.52235319151635	0.522398371436089
P-0039811-T01-IM6	0.0940842418986778	8.52451320643155e-09	0.0940842418986778
P-0040044-T01-IM6	0.267983099845781	0.42439543641211	0.692378527733378
P-0040143-T01-IM6	0.692378527733378	8.52451320643155e-09	0.692378527733378
P-0040154-T01-IM6	0.055992642390399	0.944007366134114	1
P-0040177-T01-IM6	0.02773729960063	8.52451320643155e-09	0.02773729960063
P-0040212-T01-IM6	0.111221437254741	0.888778571269772	1
P-0040281-T01-IM6	0.0847004748631202	0.628970897243882	0.713671363582489
P-0040343-T01-IM6	0.955813825382781	0.00279751505667714	0.958611331914945
P-0040386-T01-IM6	0.0634100088286678	0.628968527429224	0.692378527733378
P-0040387-T01-IM6	0.193991570211232	0.51967980189577	0.713671363582489
P-0040523-T01-IM6	0.286494131315965	0.713505877208548	1
P-0040555-T02-IM6	0.000215601986798052	8.52451320643155e-09	0.000215601986798042
P-0040593-T01-IM6	0.258186609981155	0.470776707265627	0.728963308722268
P-0040605-T01-IM6	0.0264162643210116	0.0185931822034898	0.0450094379999882
P-0040702-T01-IM6	4.69103959097613e-05	0.683329228496097	0.683376130367494
P-0040748-T01-IM6	0.00199819703136898	0.628968527429224	0.63096671593608
P-0040800-T01-IM6	0.0357486370667382	8.52451320643155e-09	0.0357486370667383
P-0040812-T01-IM6	0.438931538543689	0.51967980189577	0.958611331914945
P-0040827-T01-IM6	0.000165494898453953	0.713505877208548	0.713671363582489
P-0040860-T01-IM6	0.000289475417827308	8.52451320643155e-09	0.000289475417827312
P-0041026-T01-IM6	2.14561996192748e-05	0.52235319151635	0.522374639191456
P-0041163-T01-IM6	9.54660228590617e-05	0.958515874416599	0.958611331914945
P-0041191-T01-IM6	0.00905490836693924	0.683323627890952	0.692378527733378
P-0041234-T01-IM6	0.0303267824381935	0.683344589668808	0.713671363582489
P-0041235-T01-IM6	0.147668104081441	0.852331904443072	1
P-0041236-T01-IM6	0.136102658393297	0.588983343715054	0.725085993583838
P-0041269-T01-IM6	1	8.52451320643155e-09	1
P-0041285-T01-IM6	0.477710358729245	0.358734811192945	0.836445161397676
P-0041289-T01-IM6	0.17815676702451	0.588983343715054	0.76714010221505
P-0041338-T01-IM6	9.4784061806403e-05	0.630768700019927	0.63086347555722
P-0041413-T01-IM6	0.093548544442788	0.906451464081725	1
P-0041464-T01-IM6	0.147668104081441	0.852331904443072	1
P-0041468-T01-IM6	0.0919993079459238	0.636964009300858	0.728963308722268
P-0041535-T01-IM6	8.26963021480273e-05	0.636964009300858	0.637046697078492
P-0041544-T01-IM6	0.313408346548602	0.470343568227544	0.783751906251632
P-0041614-T01-IM6	0.00826740531686843	0.888778571269772	0.897045968062127
P-0041650-T01-IM6	0.106108170002525	8.52451320643155e-09	0.106108170002525
P-0041702-T01-IM6	0.692378527733378	8.52451320643155e-09	0.692378527733378
P-0041733-T01-IM6	0.0241372442526709	8.52451320643155e-09	0.0241372442526709
P-0041836-T01-IM6	0.432435100835443	0.296528216411338	0.728963308722268
P-0041837-T01-IM6	0.00554534925066801	0.958515874416599	0.964061215142754
P-0041886-T01-IM6	0.76714010221505	8.52451320643155e-09	0.76714010221505
P-0041952-T01-IM6	8.67965929771378e-05	0.000128813918334081	0.000215601986798042
P-0041954-T01-IM6	9.54660228590617e-05	0.958515874416599	0.958611331914945
P-0041962-T02-IM6	0.163665171376131	0.836334837148383	1
P-0041968-T01-IM6	0.106108170002525	8.52451320643155e-09	0.106108170002525
P-0041985-T01-IM6	0.0880762332208598	0.628968527429224	0.71704475212557
P-0042152-T01-IM6	1	8.52451320643155e-09	1
P-0042164-T01-IM6	0.0164649351993788	0.712498382047403	0.728963308722268
P-0042216-T01-IM6	0.0203045464161105	8.52451320643155e-09	0.0203045464161106
P-0042351-T01-IM6	3.49590284619173e-05	0.52235319151635	0.522388142020299
P-0042407-T01-IM6	0.124688028391948	0.588983343715054	0.713671363582489
P-0042500-T01-IM6	0.0174454928989441	0.834886420068641	0.852331904443072
P-0042516-T01-IM6	0.192932109617874	0.51967980189577	0.712611902989131
P-0042548-T01-IM6	0.0556605017842147	0.82379446846387	0.879454961723572
P-0042632-T01-IM6	0.00171137273713388	0.0185931822034898	0.0203045464161106
P-0042701-T02-IM6	0.066630160723217	0.52235319151635	0.588983343715054
P-0042788-T01-IM6	0.0651085521734985	0.588924524574262	0.654033068223247
P-0042805-T01-IM6	0.000415714933187594	0.470368169972518	0.470783876381193
P-0042866-T01-IM6	0.0419833807455389	0.588983343715054	0.63096671593608
P-0043081-T01-IM6	0.0203045464161105	8.52451320643155e-09	0.0203045464161106
P-0043133-T01-IM6	4.26310903043279e-05	0.82379446846387	0.823837091029662
P-0043135-T01-IM6	0.000255411463247005	0.888778571269772	0.889033974208506
P-0043201-T01-IM6	0.641265197331568	0.358734811192945	1
P-0043295-T01-IM6	0.00155874985354886	0.834886420068641	0.836445161397676
P-0043550-T02-IM6	0.051614503579409	0.470783876381193	0.522398371436089
P-0043587-T01-IM6	0.147668104081441	0.852331904443072	1
P-0043617-T01-IM6	0.683323627890952	8.52451320643155e-09	0.683323627890952
P-0043634-T01-IM6	0.111286922564823	0.51967980189577	0.63096671593608
P-0043706-T01-IM6	0.000777895923741478	0.888778571269772	0.889556458669
P-0043833-T01-IM6	0.160246841599679	0.568716475647103	0.728963308722268
P-0043914-T01-IM6	1	8.52451320643155e-09	1
P-0043942-T01-IM6	0.000777895923741478	0.888778571269772	0.889556458669
P-0043950-T01-IM6	0.170025344741542	0.52235319151635	0.692378527733378
P-0043955-T01-IM6	4.5188444251798e-05	0.52235319151635	0.522398371436089
P-0044065-T01-IM6	0.000585966509983842	8.52451320643155e-09	0.000585966509983882
P-0044084-T01-IM6	0.390691540218585	0.461640372749	0.852331904443072
P-0044185-T01-IM6	0.0456340887506842	0.683329228496097	0.728963308722268
P-0044199-T01-IM6	2.529223054048e-05	0.713505877208548	0.713531160914575
P-0044224-T01-IM6	4.01334079489653e-05	0.8238225396857	0.823862664569136
P-0044338-T01-IM6	0.0965419954344071	0.889556458669	0.986098445578894
P-0044344-T01-IM6	0.00199819703136898	0.628968527429224	0.63096671593608
P-0044345-T01-IM6	0.206876610536271	8.52451320643155e-09	0.206876610536271
P-0044349-T01-IM6	0.728963308722268	8.52451320643155e-09	0.728963308722268
P-0044402-T01-IM6	0.123251238748154	0.000128813918334081	0.123380044141975
P-0044451-T01-IM6	0.0241842143201728	8.52451320643155e-09	0.0241842143201728
P-0044555-T01-IM6	0.000137875475821275	0.000398989838371167	0.000536856789679296
P-0044640-T01-IM6	0.30147180322914	0.52235319151635	0.823824986220977
P-0044770-T01-IM6	0.120723047160198	0.879276961364315	1
P-0044784-T01-IM6	0.725085993583838	8.52451320643155e-09	0.725085993583838
P-0044817-T01-IM6	0.00165527291603955	0.629208211165694	0.63086347555722
P-0045161-T01-IM6	0.0366683638404064	0.963331644684107	1
P-0045312-T01-IM6	0.209981672978671	0.358734811192945	0.568716475647103
P-0045411-T01-IM6	0.0327074743749725	0.692378527733378	0.725085993583838
P-0045432-T01-IM6	0.136102658393297	0.588983343715054	0.725085993583838
P-0045469-T01-IM6	0.0027975150566771	8.52451320643155e-09	0.00279751505667714
P-0045473-T01-IM6	0.00914412592165331	0.0185931822034898	0.02773729960063
P-0045494-T01-IM6	0.00905490836693924	0.683323627890952	0.692378527733378
P-0045534-T01-IM6	0.00011144948503075	0.296489395778416	0.296600836738933
P-0045578-T01-IM6	0.19482594955916	0.628968527429224	0.82379446846387
P-0045623-T01-IM6	0.000253783281233782	0.628968527429224	0.629222302185944
P-0045641-T01-IM6	0.146787905475288	0.636964009300858	0.783751906251632
P-0045643-T01-IM6	0.0656606337436784	0.358734811192945	0.42439543641211
P-0045848-T01-IM6	0.0940842418986778	8.52451320643155e-09	0.0940842418986778
P-0045902-T01-IM6	0.00199819703136898	0.628968527429224	0.63096671593608
P-0045944-T01-IM6	0.0253742704551149	0.0196351760693866	0.0450094379999882
P-0045947-T01-IM6	0.0185931822034898	8.52451320643155e-09	0.0185931822034898
P-0045987-T01-IM6	0.38256744049242	0.384572670247144	0.76714010221505
P-0045993-T01-IM6	0.155909458486098	8.52451320643155e-09	0.155909458486098
P-0045998-T01-IM6	0.0940842418986778	8.52451320643155e-09	0.0940842418986778
P-0046054-T01-IM6	0.0847028446777782	0.628968527429224	0.713671363582489
P-0046098-T01-IM6	0.000538075795060883	0.0236461470496251	0.0241842143201728
P-0046280-T01-IM6	0.0648706585847917	0.879276961364315	0.944147611424593
P-0046282-T01-IM6	0.964061215142754	8.52451320643155e-09	0.964061215142754
P-0046283-T01-IM6	5.88276653049723e-05	0.588924524574262	0.588983343715054
P-0046443-T01-IM6	0.0450094379999883	8.52451320643155e-09	0.0450094379999882
P-0046489-T01-IM6	0.102905570080568	0.358734811192945	0.461640372749
P-0046496-T01-IM6	0.787202484261362	0.176858739405906	0.964061215142754
P-0046578-T01-IM6	0.00066937887123716	0.0196351760693866	0.0203045464161106
P-0046749-T02-IM6	0.205406200212581	0.51967980189577	0.725085993583838
P-0046802-T01-IM6	0.0027975150566771	8.52451320643155e-09	0.00279751505667714
P-0046884-T01-IM6	0.119209852304967	0.296489395778416	0.415699239558869
P-0047214-T01-IM6	1	8.52451320643155e-09	1
P-0047259-T01-IM6	0.242998263249787	0.470673108857215	0.713671363582489
P-0047352-T01-IM6	0.986098445578894	8.52451320643155e-09	0.986098445578894
P-0047362-T01-IM6	0.00199819703136898	0.628968527429224	0.63096671593608
P-0047432-T01-IM6	4.5188444251798e-05	0.52235319151635	0.522398371436089
P-0047466-T01-IM6	0.315790513226157	0.413172804020624	0.728963308722268
P-0047577-T01-IM6	0.71704475212557	8.52451320643155e-09	0.71704475212557
P-0047853-T01-IM6	0.000222890445548342	0.889333576747965	0.889556458669
P-0047883-T01-IM6	0.00271857806483185	0.51967980189577	0.522398371436089
P-0047944-T01-IM6	7.66097997530483e-05	0.783574033760073	0.783650635035313
P-0047947-T01-IM6	0.000125804765189216	0.653907271982571	0.654033068223247
P-0048171-T01-IM6	0.539665787255157	0.42439543641211	0.964061215142754
P-0048214-T01-IM6	0.178485727987286	8.52451320643155e-09	0.178485727987286
P-0048239-T01-IM6	0.0414841341079138	0.958515874416599	1
P-0048254-T01-IM6	0.000113529466241359	0.712498382047403	0.712611902989131
P-0048374-T01-IM6	4.5188444251798e-05	0.52235319151635	0.522398371436089
P-0048525-T01-IM6	0.641265197331568	0.358734811192945	1
P-0048531-T01-IM6	2.14561996192748e-05	0.52235319151635	0.522374639191456
P-0048588-T01-IM6	0.889344479600294	8.52451320643155e-09	0.889344479600295
P-0048593-T01-IM6	0.0248387349649752	0.0201707115595262	0.0450094379999882
P-0048624-T01-IM6	0.000253783281233782	0.628968527429224	0.629222302185944
P-0048664-T01-IM6	0.000538075795060883	0.0236461470496251	0.0241842143201728
P-0048851-T01-IM6	0.038061226667896	0.0241072550153802	0.0621684731587632
P-0048902-T01-IM6	3.49590284619173e-05	0.52235319151635	0.522388142020299
P-0049127-T01-IM6	0.221357397101966	0.415699239558869	0.637056628136322
P-0049277-T01-IM6	0.0027975150566771	8.52451320643155e-09	0.00279751505667714
P-0049292-T01-IM6	0.000538075795060883	0.0236461470496251	0.0241842143201728
P-0049377-T01-IM6	0.0698327691696865	0.888778571269772	0.958611331914945
P-0049412-T01-IM6	0.985190772466832	8.52451320643155e-09	0.985190772466832
P-0049444-T01-IM6	0.0400822949680685	0.588924524574262	0.629006811017817
P-0049532-T01-IM6	0.366351190915406	0.358734811192945	0.725085993583838
P-0049541-T01-IM6	0.000777895923741478	0.888778571269772	0.889556458669
P-0049560-T01-IM6	0.00559104064119615	0.0185931822034898	0.0241842143201728
P-0049687-T01-IM6	4.69103959097613e-05	0.683329228496097	0.683376130367494
P-0049848-T01-IM6	0.0940842418986778	8.52451320643155e-09	0.0940842418986778
P-0049921-T01-IM6	0.123380044141975	8.52451320643155e-09	0.123380044141975
P-0050148-T01-IM6	0.0016210128976566	0.0185931822034898	0.0202141865766332
P-0050454-T01-IM6	0.905915766625835	0.0940842418986778	1
P-0050523-T01-IM6	0.209283515351012	0.51967980189577	0.728963308722268
