Sample	Percent	Start	End
P-0000067-T02-IM5	0.0760409756706945	0.00283433611721864	0.0788753117879131
P-0000073-T01-IM3	0.213809105122029	0.00283433611721864	0.216643441239248
P-0000366-T01-IM3	0.213809105122029	0.00283433611721864	0.216643441239248
P-0000667-T01-IM3	0.213809105122029	0.00283433611721864	0.216643441239248
P-0001105-T01-IM3	0	0	0
P-0001140-T01-IM3	0	0	0
P-0001575-T01-IM3	0.213809105122029	0.00283433611721864	0.216643441239248
P-0001616-T01-IM3	0.0146692857817008	0.00283433611721864	0.0175036218989195
P-0001747-T01-IM3	0.213809105122029	0.00283433611721864	0.216643441239248
P-0001799-T01-IM3	0.213809105122029	0.00283433611721864	0.216643441239248
P-0001801-T01-IM3	0.185360906031044	0.00283433611721864	0.188195242148262
P-0001965-T01-IM3	0.213809105122029	0.00283433611721864	0.216643441239248
P-0001985-T01-IM3	0.0755190396863028	0.00283433611721864	0.0783533758035214
P-0002110-T02-IM6	0.213809105122029	0.00283433611721864	0.216643441239248
P-0002285-T01-IM3	0.213809105122029	0.00283433611721864	0.216643441239248
P-0002310-T01-IM3	0	0	0
P-0002497-T01-IM3	0.213809105122029	0.00283433611721864	0.216643441239248
P-0002802-T01-IM3	0	0	0
P-0003050-T01-IM5	0.213809105122029	0.00283433611721864	0.216643441239248
P-0003102-T01-IM5	0.213809105122029	0.00283433611721864	0.216643441239248
P-0003194-T01-IM5	0.213809105122029	0.00283433611721864	0.216643441239248
P-0003810-T01-IM5	0.213809105122029	0.00283433611721864	0.216643441239248
P-0004167-T01-IM5	0.213809105122029	0.00283433611721864	0.216643441239248
P-0004524-T02-IM5	0.213809105122029	0.00283433611721864	0.216643441239248
P-0004867-T01-IM5	0.213809105122029	0.00283433611721864	0.216643441239248
P-0005224-T01-IM5	0.213809105122029	0.00283433611721864	0.216643441239248
P-0005745-T01-IM5	0	0	0
P-0005946-T01-IM5	0.185360906031044	0.00283433611721864	0.188195242148262
P-0006340-T01-IM5	0.213809105122029	0.00283433611721864	0.216643441239248
P-0006656-T01-IM5	0.213809105122029	0.00283433611721864	0.216643441239248
P-0006984-T01-IM5	0	0	0
P-0007064-T01-IM5	0.213809105122029	0.00283433611721864	0.216643441239248
P-0007738-T01-IM5	0	0	0
P-0007855-T01-IM5	0.213809105122029	0.00283433611721864	0.216643441239248
P-0009060-T01-IM5	0.213809105122029	0.00283433611721864	0.216643441239248
P-0009979-T02-IM6	0.185360906031044	0.00283433611721864	0.188195242148262
P-0010011-T01-IM5	0.0760409756706945	0.00283433611721864	0.0788753117879131
P-0010214-T01-IM5	0.213809105122029	0.00283433611721864	0.216643441239248
P-0010510-T01-IM5	0	0	0
P-0010705-T01-IM5	0.213809105122029	0.00283433611721864	0.216643441239248
P-0012367-T01-IM5	0.0146692857817008	0.00283433611721864	0.0175036218989195
P-0012808-T01-IM5	0.0760409756706945	0.00283433611721864	0.0788753117879131
P-0013101-T01-IM5	0.0760409756706945	0.00283433611721864	0.0788753117879131
P-0013898-T01-IM5	0.213809105122029	0.00283433611721864	0.216643441239248
P-0014409-T02-IM6	0.199165551464539	0.00283433611721864	0.216643441239248
P-0014561-T01-IM6	0.213809105122029	0.00283433611721864	0.216643441239248
P-0014697-T01-IM6	0.133580013167472	0.00283433611721864	0.216643441239248
P-0015507-T01-IM6	0.213809105122029	0.00283433611721864	0.216643441239248
P-0016322-T01-IM6	0.185360906031044	0.00283433611721864	0.188195242148262
P-0017434-T01-IM6	0.213809105122029	0.00283433611721864	0.216643441239248
P-0017436-T01-IM6	0.213809105122029	0.00283433611721864	0.216643441239248
P-0017563-T01-IM5	0.0603134521833498	0.00283433611721864	0.0788753117879131
P-0018024-T01-IM6	0.0760409756706945	0.00283433611721864	0.0788753117879131
P-0018202-T01-IM6	0.213809105122029	0.00283433611721864	0.216643441239248
P-0018534-T01-IM6	0.213809105122029	0.00283433611721864	0.216643441239248
P-0018755-T01-IM6	0.213809105122029	0.00283433611721864	0.216643441239248
P-0018996-T01-IM6	0.213809105122029	0.00283433611721864	0.216643441239248
P-0019325-T01-IM6	0.0146692857817008	0.00283433611721864	0.0175036218989195
P-0019664-T02-IM6	0.213809105122029	0.00283433611721864	0.216643441239248
P-0019668-T01-IM6	0.213809105122029	0.00283433611721864	0.216643441239248
P-0019814-T01-IM6	0.213809105122029	0.00283433611721864	0.216643441239248
P-0019940-T01-IM6	0.185360906031044	0.00283433611721864	0.188195242148262
P-0019953-T01-IM6	0.0760409756706945	0.00283433611721864	0.0788753117879131
P-0020006-T01-IM6	0.213809105122029	0.00283433611721864	0.216643441239248
P-0020007-T01-IM6	0.213809105122029	0.00283433611721864	0.216643441239248
P-0020115-T01-IM6	0.132827864815777	0.00283433611721864	0.216643441239248
P-0020315-T01-IM6	0.0146692857817008	0.00283433611721864	0.0175036218989195
P-0020354-T01-IM6	0.213809105122029	0.00283433611721864	0.216643441239248
P-0020434-T01-IM6	0	0	0
P-0020501-T01-IM6	0.0760409756706945	0.00283433611721864	0.0788753117879131
P-0020687-T01-IM6	0	0	0
P-0020699-T01-IM6	0.185360906031044	0.00283433611721864	0.188195242148262
P-0020767-T01-IM6	0.213809105122029	0.00283433611721864	0.216643441239248
P-0021030-T01-IM6	0.213809105122029	0.00283433611721864	0.216643441239248
P-0021045-T02-IM6	0.213809105122029	0.00283433611721864	0.216643441239248
P-0021272-T01-IM6	0.213809105122029	0.00283433611721864	0.216643441239248
P-0021402-T01-IM6	0.213809105122029	0.00283433611721864	0.216643441239248
P-0021409-T01-IM6	0	0	0
P-0021485-T01-IM6	0.0760409756706945	0.00283433611721864	0.0788753117879131
P-0021592-T01-IM6	0.119637504190792	0.00283433611721864	0.216643441239248
P-0021632-T01-IM6	0	0	0
P-0021742-T01-IM6	0.213809105122029	0.00283433611721864	0.216643441239248
P-0021750-T01-IM6	0	0	0
P-0021787-T01-IM6	0.213809105122029	0.00283433611721864	0.216643441239248
P-0021924-T01-IM6	0.213809105122029	0.00283433611721864	0.216643441239248
P-0021932-T02-IM6	0.185360906031044	0.00283433611721864	0.188195242148262
P-0022003-T01-IM6	0.0760409756706945	0.00283433611721864	0.0788753117879131
P-0022046-T01-IM6	0.213809105122029	0.00283433611721864	0.216643441239248
P-0022059-T01-IM6	0.213809105122029	0.00283433611721864	0.216643441239248
P-0022098-T01-IM6	0.0760409756706945	0.00283433611721864	0.0788753117879131
P-0022130-T01-IM6	0.213809105122029	0.00283433611721864	0.216643441239248
P-0022131-T01-IM6	0.198081581634685	0.00283433611721864	0.216643441239248
P-0022640-T01-IM6	0.185360906031044	0.00283433611721864	0.188195242148262
P-0022867-T01-IM6	0.213809105122029	0.00283433611721864	0.216643441239248
P-0023069-T01-IM6	0	0	0
P-0023091-T01-IM6	0	0	0
P-0023506-T01-IM6	0.213809105122029	0.00283433611721864	0.216643441239248
P-0023547-T01-IM6	0.213809105122029	0.00283433611721864	0.216643441239248
P-0023632-T01-IM6	0	0	0
P-0023747-T01-IM6	0.213809105122029	0.00283433611721864	0.216643441239248
P-0023840-T01-IM6	0.213809105122029	0.00283433611721864	0.216643441239248
P-0024019-T01-IM6	0.185360906031044	0.00283433611721864	0.188195242148262
P-0024118-T01-IM6	0.213809105122029	0.00283433611721864	0.216643441239248
P-0024149-T01-IM6	0	0	0
P-0024213-T01-IM6	0	0	0
P-0024406-T01-IM6	0.213809105122029	0.00283433611721864	0.216643441239248
P-0024723-T01-IM6	0.158133065223174	0.00283433611721864	0.216643441239248
P-0024726-T01-IM6	0	0	0
P-0024831-T01-IM6	0.213809105122029	0.00283433611721864	0.216643441239248
P-0024926-T01-IM6	0.213809105122029	0.00283433611721864	0.216643441239248
P-0024959-T01-IM6	0.213809105122029	0.00283433611721864	0.216643441239248
P-0025000-T01-IM6	0.157803300675962	0.00283433611721864	0.160637636793181
P-0025026-T01-IM6	0	0	0
P-0025063-T01-IM6	0.213809105122029	0.00283433611721864	0.216643441239248
P-0025136-T01-IM6	0.213809105122029	0.00283433611721864	0.216643441239248
P-0025144-T01-IM6	0.0760409756706945	0.00283433611721864	0.0788753117879131
P-0025545-T01-IM6	0.213809105122029	0.00283433611721864	0.216643441239248
P-0025859-T01-IM6	0.213809105122029	0.00283433611721864	0.216643441239248
P-0025958-T01-IM6	0.0088183170176232	0.00283433611721864	0.0116526531348418
P-0025993-T01-IM6	0	0	0
P-0026190-T01-IM6	0	0	0
P-0026279-T01-IM6	0.213809105122029	0.00283433611721864	0.216643441239248
P-0026493-T01-IM6	0	0	0
P-0026510-T01-IM6	0	0	0
P-0027103-T01-IM6	0.213809105122029	0.00283433611721864	0.216643441239248
P-0027108-T01-IM6	0.213809105122029	0.00283433611721864	0.216643441239248
P-0027109-T01-IM6	0.213809105122029	0.00283433611721864	0.216643441239248
P-0027239-T01-IM6	0.157803300675962	0.00283433611721864	0.160637636793181
P-0027886-T01-IM6	0.213809105122029	0.00283433611721864	0.216643441239248
P-0027958-T01-IM6	0.213809105122029	0.00283433611721864	0.216643441239248
P-0027978-T01-IM6	0.213809105122029	0.00283433611721864	0.216643441239248
P-0028009-T01-IM6	0.213809105122029	0.00283433611721864	0.216643441239248
P-0028066-T01-IM6	0.213809105122029	0.00283433611721864	0.216643441239248
P-0028308-T01-IM6	0.213809105122029	0.00283433611721864	0.216643441239248
P-0028326-T01-IM6	0.213809105122029	0.00283433611721864	0.216643441239248
P-0028329-T01-IM6	0	0	0
P-0028432-T01-IM6	0	0	0
P-0028499-T01-IM6	0.213809105122029	0.00283433611721864	0.216643441239248
P-0028695-T01-IM6	0	0	0
P-0029292-T01-IM6	0.213809105122029	0.00283433611721864	0.216643441239248
P-0029325-T01-IM6	0.213809105122029	0.00283433611721864	0.216643441239248
P-0029331-T01-IM6	0.213809105122029	0.00283433611721864	0.216643441239248
P-0029354-T01-IM6	0	0	0
P-0029393-T01-IM6	0.0760409756706945	0.00283433611721864	0.0788753117879131
P-0029463-T01-IM6	0	0	0
P-0029464-T01-IM6	0.185360906031044	0.00283433611721864	0.188195242148262
P-0029548-T01-IM6	0.213809105122029	0.00283433611721864	0.216643441239248
P-0029643-T01-IM6	0.213809105122029	0.00283433611721864	0.216643441239248
P-0029768-T01-IM6	0.213809105122029	0.00283433611721864	0.216643441239248
P-0029960-T01-IM6	0	0	0
P-0030033-T01-IM6	0	0	0
P-0030339-T01-IM6	0.213809105122029	0.00283433611721864	0.216643441239248
P-0030380-T01-IM6	0.185360906031044	0.00283433611721864	0.188195242148262
P-0030632-T01-IM6	0	0	0
P-0030669-T01-IM6	0.213809105122029	0.00283433611721864	0.216643441239248
P-0030958-T01-IM6	0.213809105122029	0.00283433611721864	0.216643441239248
P-0031085-T01-IM6	0.213809105122029	0.00283433611721864	0.216643441239248
P-0031402-T01-IM6	0	0	0
P-0031498-T01-IM6	0.185360906031044	0.00283433611721864	0.188195242148262
P-0031687-T01-IM6	0.213809105122029	0.00283433611721864	0.216643441239248
P-0031840-T01-IM6	0.213809105122029	0.00283433611721864	0.216643441239248
P-0031946-T01-IM6	0.163447011110926	0.00283433611721864	0.216643441239248
P-0032093-T01-IM6	0.0088183170176232	0.00283433611721864	0.0116526531348418
P-0032992-T01-IM6	0.213809105122029	0.00283433611721864	0.216643441239248
P-0033193-T01-IM6	0	0	0
P-0033335-T01-IM6	0.213809105122029	0.00283433611721864	0.216643441239248
P-0033690-T01-IM6	0.0146692857817008	0.00283433611721864	0.0175036218989195
P-0033693-T01-IM6	0	0	0
P-0033798-T01-IM6	0.213809105122029	0.00283433611721864	0.216643441239248
P-0034239-T01-IM6	0.213809105122029	0.00283433611721864	0.216643441239248
P-0034383-T01-IM6	0.0088183170176232	0.00283433611721864	0.0116526531348418
P-0034415-T01-IM6	0	0	0
P-0034484-T01-IM6	0.213809105122029	0.00283433611721864	0.216643441239248
P-0034561-T01-IM6	0.0541415939964299	0.00283433611721864	0.0569759301136485
P-0035237-T01-IM6	0.213809105122029	0.00283433611721864	0.216643441239248
P-0035382-T01-IM6	0.213809105122029	0.00283433611721864	0.216643441239248
P-0035757-T01-IM6	0	0	0
P-0035898-T01-IM6	0.213809105122029	0.00283433611721864	0.216643441239248
P-0036013-T01-IM6	0	0	0
P-0036325-T01-IM6	0	0	0
P-0036515-T01-IM6	0.0760409756706945	0.00283433611721864	0.0788753117879131
P-0036627-T01-IM6	0.213809105122029	0.00283433611721864	0.216643441239248
P-0036727-T01-IM6	0.213809105122029	0.00283433611721864	0.216643441239248
P-0036750-T01-IM6	0.213809105122029	0.00283433611721864	0.216643441239248
P-0036814-T01-IM6	0.213809105122029	0.00283433611721864	0.216643441239248
P-0036872-T01-IM6	0.213809105122029	0.00283433611721864	0.216643441239248
P-0036874-T01-IM6	0.213809105122029	0.00283433611721864	0.216643441239248
P-0036886-T01-IM6	0	0	0
P-0037070-T01-IM6	0	0	0
P-0037160-T01-IM6	0.0760409756706945	0.00283433611721864	0.0788753117879131
P-0037167-T01-IM6	0.213809105122029	0.00283433611721864	0.216643441239248
P-0037196-T01-IM6	0.0754010406874135	0.00283433611721864	0.0782353768046322
P-0037342-T01-IM6	0.0146692857817008	0.00283433611721864	0.0175036218989195
P-0037478-T01-IM6	0.185360906031044	0.00283433611721864	0.188195242148262
P-0037810-T01-IM6	0.0760409756706945	0.00283433611721864	0.0788753117879131
P-0037819-T01-IM6	0.129451179108623	0.00283433611721864	0.132285515225841
P-0037891-T01-IM6	0.0760409756706945	0.00283433611721864	0.0788753117879131
P-0037909-T01-IM6	0.213809105122029	0.00283433611721864	0.216643441239248
P-0037988-T01-IM6	0.213809105122029	0.00283433611721864	0.216643441239248
P-0038047-T01-IM6	0	0	0
P-0038086-T01-IM6	0.213809105122029	0.00283433611721864	0.216643441239248
P-0038295-T01-IM6	0.213809105122029	0.00283433611721864	0.216643441239248
P-0038554-T01-IM6	0.213809105122029	0.00283433611721864	0.216643441239248
P-0038660-T01-IM6	0.146861575324414	0.00283433611721864	0.216643441239248
P-0038663-T01-IM6	0.213809105122029	0.00283433611721864	0.216643441239248
P-0038779-T01-IM6	0	0	0
P-0038809-T01-IM6	0.213809105122029	0.00283433611721864	0.216643441239248
P-0038997-T01-IM6	0.213809105122029	0.00283433611721864	0.216643441239248
P-0039070-T01-IM6	0.213809105122029	0.00283433611721864	0.216643441239248
P-0039104-T02-IM6	0.213809105122029	0.00283433611721864	0.216643441239248
P-0039132-T01-IM6	0.0878076614515218	0.00283433611721864	0.160637636793181
P-0039241-T01-IM6	0.213809105122029	0.00283433611721864	0.216643441239248
P-0039242-T01-IM6	0.213809105122029	0.00283433611721864	0.216643441239248
P-0039297-T01-IM6	0.170717352373554	0.00283433611721864	0.173551688490772
P-0039422-T01-IM6	0.213809105122029	0.00283433611721864	0.216643441239248
P-0039511-T02-IM6	0.185360906031044	0.00283433611721864	0.188195242148262
P-0039514-T01-IM6	0.213809105122029	0.00283433611721864	0.216643441239248
P-0039583-T01-IM6	0.213809105122029	0.00283433611721864	0.216643441239248
P-0039772-T01-IM6	0.213809105122029	0.00283433611721864	0.216643441239248
P-0039782-T01-IM6	0.213809105122029	0.00283433611721864	0.216643441239248
P-0039798-T01-IM6	0.213809105122029	0.00283433611721864	0.216643441239248
P-0039993-T01-IM6	0.213809105122029	0.00283433611721864	0.216643441239248
P-0040043-T01-IM6	0.0760409756706945	0.00283433611721864	0.0788753117879131
P-0040044-T01-IM6	0.213809105122029	0.00283433611721864	0.216643441239248
P-0040118-T01-IM6	0.213809105122029	0.00283433611721864	0.216643441239248
P-0040212-T01-IM6	0.0760409756706945	0.00283433611721864	0.0788753117879131
P-0040365-T01-IM6	0.185360906031044	0.00283433611721864	0.188195242148262
P-0040504-T01-IM6	0.198081581634685	0.00283433611721864	0.216643441239248
P-0040521-T01-IM6	0.157803300675962	0.00283433611721864	0.160637636793181
P-0040605-T01-IM6	0	0	0
P-0040702-T01-IM6	0	0	0
P-0041026-T01-IM6	0.199165551464539	0.00283433611721864	0.216643441239248
P-0041176-T01-IM6	0.213809105122029	0.00283433611721864	0.216643441239248
P-0041225-T01-IM6	0.213809105122029	0.00283433611721864	0.216643441239248
P-0041235-T01-IM6	0.0146692857817008	0.00283433611721864	0.0175036218989195
P-0041236-T01-IM6	0.185360906031044	0.00283433611721864	0.188195242148262
P-0041279-T01-IM6	0.213809105122029	0.00283433611721864	0.216643441239248
P-0041289-T01-IM6	0	0	0
P-0041544-T01-IM6	0	0	0
P-0041618-T01-IM6	0.075374972570498	0.00283433611721864	0.0782093086877167
P-0041719-T01-IM6	0.147719487623582	0.00283433611721864	0.216643441239248
P-0041886-T01-IM6	0	0	0
P-0041962-T02-IM6	0.213809105122029	0.00283433611721864	0.216643441239248
P-0041985-T01-IM6	0.129451179108623	0.00283433611721864	0.132285515225841
P-0042152-T01-IM6	0.185360906031044	0.00283433611721864	0.188195242148262
P-0042548-T01-IM6	0.213809105122029	0.00283433611721864	0.216643441239248
P-0042584-T01-IM6	0.213809105122029	0.00283433611721864	0.216643441239248
P-0042632-T01-IM6	0.213809105122029	0.00283433611721864	0.216643441239248
P-0042638-T01-IM6	0.213809105122029	0.00283433611721864	0.216643441239248
P-0042831-T01-IM6	0.185360906031044	0.00283433611721864	0.188195242148262
P-0043037-T01-IM6	0.213809105122029	0.00283433611721864	0.216643441239248
P-0043081-T01-IM6	0.213809105122029	0.00283433611721864	0.216643441239248
P-0043135-T01-IM6	0	0	0
P-0043201-T01-IM6	0.0760409756706945	0.00283433611721864	0.0788753117879131
P-0043240-T01-IM6	0.213809105122029	0.00283433611721864	0.216643441239248
P-0043587-T01-IM6	0.213809105122029	0.00283433611721864	0.216643441239248
P-0043789-T01-IM6	0.213809105122029	0.00283433611721864	0.216643441239248
P-0043933-T01-IM6	0.213809105122029	0.00283433611721864	0.216643441239248
P-0043942-T01-IM6	0.213809105122029	0.00283433611721864	0.216643441239248
P-0043950-T01-IM6	0	0	0
P-0044065-T01-IM6	0.213809105122029	0.00283433611721864	0.216643441239248
P-0044084-T01-IM6	0.213809105122029	0.00283433611721864	0.216643441239248
P-0044131-T01-IM6	0.0760409756706945	0.00283433611721864	0.0788753117879131
P-0044345-T01-IM6	0.213809105122029	0.00283433611721864	0.216643441239248
P-0044402-T01-IM6	0.185360906031044	0.00283433611721864	0.188195242148262
P-0044700-T01-IM6	0.213809105122029	0.00283433611721864	0.216643441239248
P-0044821-T01-IM6	0.213809105122029	0.00283433611721864	0.216643441239248
P-0045161-T01-IM6	0.0760409756706945	0.00283433611721864	0.0788753117879131
P-0045231-T02-IM6	0	0	0
P-0045469-T01-IM6	0.213809105122029	0.00283433611721864	0.216643441239248
P-0045473-T01-IM6	0.0760409756706945	0.00283433611721864	0.0788753117879131
P-0045494-T01-IM6	0.213809105122029	0.00283433611721864	0.216643441239248
P-0045545-T01-IM6	0.213809105122029	0.00283433611721864	0.216643441239248
P-0045993-T01-IM6	0.213809105122029	0.00283433611721864	0.216643441239248
P-0046098-T01-IM6	0	0	0
P-0046249-T01-IM6	0.213809105122029	0.00283433611721864	0.216643441239248
P-0046280-T01-IM6	0.213809105122029	0.00283433611721864	0.216643441239248
P-0046443-T01-IM6	0	0	0
P-0046496-T01-IM6	0.0146692857817008	0.00283433611721864	0.0175036218989195
P-0046745-T01-IM6	0	0	0
P-0046802-T01-IM6	0	0	0
P-0046854-T01-IM6	0.213809105122029	0.00283433611721864	0.216643441239248
P-0046857-T01-IM6	0.213809105122029	0.00283433611721864	0.216643441239248
P-0046884-T01-IM6	0.213809105122029	0.00283433611721864	0.216643441239248
P-0046903-T01-IM6	0	0	0
P-0046940-T01-IM6	0.213809105122029	0.00283433611721864	0.216643441239248
P-0047075-T01-IM6	0	0	0
P-0047149-T01-IM6	0.0146692857817008	0.00283433611721864	0.0175036218989195
P-0047215-T01-IM6	0.213809105122029	0.00283433611721864	0.216643441239248
P-0047362-T01-IM6	0.213809105122029	0.00283433611721864	0.216643441239248
P-0047432-T01-IM6	0.213809105122029	0.00283433611721864	0.216643441239248
P-0047466-T01-IM6	0.213809105122029	0.00283433611721864	0.216643441239248
P-0047883-T01-IM6	0.132046780116761	0.00283433611721864	0.216643441239248
P-0048214-T01-IM6	0.0760409756706945	0.00283433611721864	0.0788753117879131
P-0048239-T01-IM6	0.0760409756706945	0.00283433611721864	0.0788753117879131
P-0048463-T01-IM6	0.185360906031044	0.00283433611721864	0.188195242148262
P-0048554-T01-IM6	0.213809105122029	0.00283433611721864	0.216643441239248
P-0048755-T01-IM6	0.213809105122029	0.00283433611721864	0.216643441239248
P-0048851-T01-IM6	0.213809105122029	0.00283433611721864	0.216643441239248
P-0048923-T01-IM6	0.213809105122029	0.00283433611721864	0.216643441239248
P-0049040-T01-IM6	0.213809105122029	0.00283433611721864	0.216643441239248
P-0049127-T01-IM6	0	0	0
P-0049277-T01-IM6	0.213809105122029	0.00283433611721864	0.216643441239248
P-0049292-T01-IM6	0.185360906031044	0.00283433611721864	0.188195242148262
P-0049532-T01-IM6	0.0146692857817008	0.00283433611721864	0.0175036218989195
P-0049541-T01-IM6	0.185360906031044	0.00283433611721864	0.188195242148262
P-0049687-T01-IM6	0.213809105122029	0.00283433611721864	0.216643441239248
P-0050233-T01-IM6	0.213809105122029	0.00283433611721864	0.216643441239248
P-0050316-T01-IM6	0.213809105122029	0.00283433611721864	0.216643441239248
P-0050400-T01-IM6	0	0	0
P-0050523-T01-IM6	0.0146692857817008	0.00283433611721864	0.0175036218989195
P-0000376-T02-IM3	0.0760409756706945	0.00283433611721864	0.0788753117879131
P-0001265-T01-IM3	0.163447011110926	0.00283433611721864	0.216643441239248
P-0001681-T01-IM3	0.213809105122029	0.00283433611721864	0.216643441239248
P-0002136-T01-IM3	0.0760409756706945	0.00283433611721864	0.0788753117879131
P-0002257-T01-IM3	0	0	0
P-0003050-T01-IM3	0.213809105122029	0.00283433611721864	0.216643441239248
P-0004262-T01-IM5	0.213809105122029	0.00283433611721864	0.216643441239248
P-0004524-T01-IM5	0.213809105122029	0.00283433611721864	0.216643441239248
P-0005339-T01-IM5	0.213809105122029	0.00283433611721864	0.216643441239248
P-0005599-T01-IM5	0.213809105122029	0.00283433611721864	0.216643441239248
P-0005766-T01-IM5	0.075374972570498	0.00283433611721864	0.0782093086877167
P-0006531-T01-IM5	0.213809105122029	0.00283433611721864	0.216643441239248
P-0007221-T01-IM5	0	0	0
P-0010051-T01-IM5	0.213809105122029	0.00283433611721864	0.216643441239248
P-0010250-T01-IM5	0.213809105122029	0.00283433611721864	0.216643441239248
P-0012338-T01-IM5	0	0	0
TCGA-72-4233-01	0	0	0
TCGA-72-4234-01	0	0	0
TCGA-72-4238-01	0	0	0
TCGA-72-4236-01	0	0	0
TCGA-72-4235-01	0	0	0
TCGA-72-4241-01	0	0	0
TCGA-72-4231-01	0	0	0
TCGA-04-1519-01	0	0	0
TCGA-09-1665-01	0	0	0
TCGA-24-1557-01	0	0	0
TCGA-57-1585-01	0	0	0
TCGA-24-1567-01	0	0	0
TCGA-36-1575-01	0	0	0
TCGA-24-1558-01	0	0	0
TCGA-04-1536-01	0	0	0
TCGA-25-1628-01	0	0	0
TCGA-24-1544-01	0	0	0
TCGA-36-1581-01	0	0	0
TCGA-57-1582-01	0	0	0
TCGA-57-1583-01	0	0	0
TCGA-25-1630-01	0	0	0
TCGA-36-1571-01	0	0	0
TCGA-09-1659-01	0	0	0
TCGA-25-1633-01	0	0	0
TCGA-25-1627-01	0	0	0
TCGA-36-1576-01	0	0	0
TCGA-36-1570-01	0	0	0
TCGA-04-1517-01	0	0	0
TCGA-36-1569-01	0	0	0
TCGA-09-1661-01	0	0	0
TCGA-36-1578-01	0	0	0
TCGA-36-1568-01	0	0	0
TCGA-24-1545-01	0	0	0
TCGA-25-1626-01	0	0	0
TCGA-25-1631-01	0	0	0
TCGA-24-1556-01	0	0	0
TCGA-25-1634-01	0	0	0
TCGA-24-1548-01	0	0	0
TCGA-61-1738-01	0	0	0
TCGA-29-1775-01	0	0	0
TCGA-04-1638-01	0	0	0
TCGA-24-1846-01	0	0	0
TCGA-04-1651-01	0	0	0
TCGA-24-1842-01	0	0	0
TCGA-61-1733-01	0	0	0
TCGA-29-1774-01	0	0	0
TCGA-24-1843-01	0	0	0
TCGA-61-1722-01	0	0	0
TCGA-04-1649-01	0	0	0
TCGA-61-1900-01	0	0	0
TCGA-61-1906-01	0	0	0
TCGA-61-1895-01	0	0	0
TCGA-61-1904-01	0	0	0
TCGA-61-1899-01	0	0	0
TCGA-61-1915-01	0	0	0
TCGA-24-1844-01	0	0	0
TCGA-61-1727-01	0	0	0
TCGA-04-1646-01	0	0	0
TCGA-30-1856-01	0	0	0
TCGA-61-1903-01	0	0	0
TCGA-29-1776-01	0	0	0
TCGA-29-1777-01	0	0	0
TCGA-23-1111-01	0	0	0
TCGA-29-1769-01	0	0	0
TCGA-61-1741-01	0	0	0
TCGA-04-1652-01	0	0	0
TCGA-61-1911-01	0	0	0
TCGA-30-1857-01	0	0	0
TCGA-24-1850-01	0	0	0
TCGA-61-1910-01	0	0	0
TCGA-13-1494-01	0	0	0
TCGA-24-1418-01	0	0	0
TCGA-13-1482-01	0	0	0
TCGA-13-1511-01	0	0	0
TCGA-24-1426-01	0	0	0
TCGA-13-1507-01	0	0	0
TCGA-13-1492-01	0	0	0
TCGA-24-1422-01	0	0	0
TCGA-13-1485-01	0	0	0
TCGA-13-1512-01	0	0	0
TCGA-24-1467-01	0	0	0
TCGA-13-1504-01	0	0	0
TCGA-24-1464-01	0	0	0
TCGA-24-1430-01	0	0	0
TCGA-24-1436-01	0	0	0
TCGA-13-1489-02	0	0	0
TCGA-13-1501-01	0	0	0
TCGA-13-1510-01	0	0	0
TCGA-24-1417-01	0	0	0
TCGA-13-1487-01	0	0	0
TCGA-13-1484-01	0	0	0
TCGA-24-1434-01	0	0	0
TCGA-13-1491-01	0	0	0
TCGA-24-1428-01	0	0	0
TCGA-13-1505-01	0	0	0
TCGA-13-1481-01	0	0	0
TCGA-13-1497-01	0	0	0
TCGA-13-1488-01	0	0	0
TCGA-24-1423-01	0	0	0
TCGA-24-1431-01	0	0	0
TCGA-24-1466-01	0	0	0
TCGA-24-1463-01	0	0	0
TCGA-13-1506-01	0	0	0
TCGA-24-1424-01	0	0	0
TCGA-13-1489-01	0	0	0
TCGA-13-0723-01	0	0	0
TCGA-13-0802-01	0	0	0
TCGA-13-0727-01	0	0	0
TCGA-13-0761-01	0	0	0
TCGA-13-0791-01	0	0	0
TCGA-13-0792-01	0	0	0
TCGA-09-0364-01	0	0	0
TCGA-13-0804-01	0	0	0
TCGA-09-0367-01	0	0	0
TCGA-13-0751-01	0	0	0
TCGA-13-0725-01	0	0	0
TCGA-13-0764-01	0	0	0
TCGA-13-0720-01	0	0	0
TCGA-09-0366-01	0	0	0
TCGA-13-0724-01	0	0	0
TCGA-13-0801-01	0	0	0
TCGA-13-0717-01	0	0	0
TCGA-13-0760-01	0	0	0
TCGA-13-0762-01	0	0	0
TCGA-13-0791-02	0	0	0
TCGA-09-0369-01	0	0	0
TCGA-13-0758-01	0	0	0
TCGA-13-0803-01	0	0	0
TCGA-13-0757-01	0	0	0
TCGA-13-0799-01	0	0	0
TCGA-13-0794-01	0	0	0
TCGA-13-0730-01	0	0	0
TCGA-13-0766-01	0	0	0
TCGA-13-1407-01	0	0	0
TCGA-04-1350-01	0	0	0
TCGA-04-1351-01	0	0	0
TCGA-13-1403-01	0	0	0
TCGA-04-1356-01	0	0	0
TCGA-25-1320-01	0	0	0
TCGA-25-1312-01	0	0	0
TCGA-25-1317-01	0	0	0
TCGA-25-1315-01	0	0	0
TCGA-04-1362-01	0	0	0
TCGA-04-1367-01	0	0	0
TCGA-04-1365-01	0	0	0
TCGA-25-1318-01	0	0	0
TCGA-25-1321-01	0	0	0
TCGA-13-1405-01	0	0	0
TCGA-25-1319-01	0	0	0
TCGA-04-1348-01	0	0	0
TCGA-25-1329-01	0	0	0
TCGA-13-1408-01	0	0	0
TCGA-13-0901-01	0	0	0
TCGA-04-1349-01	0	0	0
TCGA-24-1413-01	0	0	0
TCGA-13-1409-01	0	0	0
TCGA-25-1323-01	0	0	0
TCGA-13-0884-01	0	0	0
TCGA-25-1322-01	0	0	0
TCGA-04-1364-01	0	0	0
TCGA-13-1410-01	0	0	0
TCGA-13-0893-01	0	0	0
TCGA-04-1360-01	0	0	0
TCGA-25-1313-01	0	0	0
TCGA-13-1404-01	0	0	0
TCGA-04-1371-01	0	0	0
TCGA-25-1314-01	0	0	0
TCGA-24-2295-01	0	0	0
TCGA-09-2050-01	0	0	0
TCGA-24-2293-01	0	0	0
TCGA-09-2044-01	0	0	0
TCGA-59-2352-01	0	0	0
TCGA-59-2351-01	0	0	0
TCGA-24-2280-01	0	0	0
TCGA-09-2043-01	0	0	0
TCGA-25-2397-01	0	0	0
TCGA-25-2409-01	0	0	0
TCGA-29-2414-01	0	0	0
TCGA-09-2055-01	0	0	0
TCGA-25-2404-01	0	0	0
TCGA-29-2428-01	0	0	0
TCGA-24-2289-01	0	0	0
TCGA-25-2408-01	0	0	0
TCGA-59-2355-01	0	0	0
TCGA-59-2363-01	0	0	0
TCGA-24-2290-01	0	0	0
TCGA-25-2396-01	0	0	0
TCGA-09-2049-01	0	0	0
TCGA-59-2348-01	0	0	0
TCGA-24-2262-01	0	0	0
TCGA-29-2425-01	0	0	0
TCGA-25-2401-01	0	0	0
TCGA-25-2400-01	0	0	0
TCGA-29-1707-02	0	0	0
TCGA-13-1819-01	0	0	0
TCGA-61-1916-02	0	0	0
TCGA-24-1852-02	0	0	0
TCGA-61-2095-02	0	0	0
TCGA-29-1710-02	0	0	0
TCGA-29-1692-01	0	0	0
TCGA-29-1704-01	0	0	0
TCGA-13-1819-02	0	0	0
TCGA-29-1704-02	0	0	0
TCGA-29-1692-02	0	0	0
TCGA-13-0913-02	0	0	0
TCGA-24-1852-01	0	0	0
TCGA-29-2414-02	0	0	0
TCGA-23-2643-01	0	0	0
TCGA-36-2543-01	0	0	0
TCGA-04-1353-01	0	0	0
TCGA-36-2534-01	0	0	0
TCGA-13-2059-01	0	0	0
TCGA-36-2529-01	0	0	0
TCGA-13-2057-01	0	0	0
TCGA-04-1369-01	0	0	0
TCGA-36-2547-01	0	0	0
TCGA-36-2530-01	0	0	0
TCGA-13-2065-01	0	0	0
TCGA-29-2429-01	0	0	0
TCGA-29-2431-01	0	0	0
TCGA-61-2613-01	0	0	0
TCGA-13-2066-01	0	0	0
TCGA-23-2647-01	0	0	0
TCGA-36-2544-01	0	0	0
TCGA-36-2548-01	0	0	0
TCGA-13-2061-01	0	0	0
TCGA-36-2532-01	0	0	0
TCGA-61-2611-02	0	0	0
TCGA-29-2434-01	0	0	0
TCGA-42-2589-01	0	0	0
TCGA-36-2539-01	0	0	0
TCGA-23-2649-01	0	0	0
TCGA-61-2612-01	0	0	0
TCGA-42-2582-01	0	0	0
TCGA-36-2551-01	0	0	0
TCGA-42-2588-01	0	0	0
TCGA-42-2587-01	0	0	0
TCGA-61-2614-01	0	0	0
TCGA-42-2593-01	0	0	0
TCGA-23-2645-01	0	0	0
TCGA-29-2436-01	0	0	0
TCGA-61-2610-02	0	0	0
TCGA-36-2533-01	0	0	0
TCGA-59-2372-01	0	0	0
TCGA-36-2545-01	0	0	0
TCGA-3P-A9WA-01	0	0	0
TCGA-13-A5FT-01	0	0	0
TCGA-OY-A56Q-01	0	0	0
TCGA-OY-A56P-01	0	0	0
TCGA-5X-AA5U-01	0	0	0
TCGA-13-A5FU-01	0	0	0
TCGA-VG-A8LO-01	0	0	0
TCGA-59-A5PD-01	0	0	0
TCGA-10-0937-01	0	0	0
TCGA-13-0891-01	0	0	0
TCGA-13-0886-01	0	0	0
TCGA-10-0935-01	0	0	0
TCGA-10-0928-01	0	0	0
TCGA-13-0888-01	0	0	0
TCGA-13-0904-01	0	0	0
TCGA-13-0916-01	0	0	0
TCGA-13-0923-01	0	0	0
TCGA-10-0933-01	0	0	0
TCGA-13-0921-01	0	0	0
TCGA-13-0887-01	0	0	0
TCGA-10-0938-01	0	0	0
TCGA-10-0927-01	0	0	0
TCGA-13-0885-01	0	0	0
TCGA-10-0936-01	0	0	0
TCGA-10-0930-01	0	0	0
TCGA-13-0920-01	0	0	0
TCGA-13-0913-01	0	0	0
TCGA-10-0934-01	0	0	0
TCGA-10-0931-01	0	0	0
TCGA-13-0911-01	0	0	0
TCGA-57-1994-01	0	0	0
TCGA-30-1860-01	0	0	0
TCGA-31-1944-01	0	0	0
TCGA-24-1930-01	0	0	0
TCGA-30-1862-01	0	0	0
TCGA-24-1920-01	0	0	0
TCGA-30-1859-01	0	0	0
TCGA-57-1993-01	0	0	0
TCGA-24-1924-01	0	0	0
TCGA-25-1871-01	0	0	0
TCGA-25-1878-01	0	0	0
TCGA-24-2020-01	0	0	0
TCGA-30-1891-01	0	0	0
TCGA-30-1861-01	0	0	0
TCGA-31-1946-01	0	0	0
TCGA-30-1867-01	0	0	0
TCGA-24-1928-01	0	0	0
TCGA-25-1877-01	0	0	0
TCGA-24-2023-01	0	0	0
TCGA-61-1743-01	0	0	0
TCGA-30-1887-01	0	0	0
TCGA-25-1870-01	0	0	0
TCGA-61-1917-01	0	0	0
TCGA-61-1918-01	0	0	0
TCGA-30-1853-01	0	0	0
TCGA-61-1724-01	0	0	0
TCGA-24-2026-01	0	0	0
TCGA-30-1892-01	0	0	0
TCGA-31-1953-01	0	0	0
TCGA-57-1992-01	0	0	0
TCGA-30-1866-01	0	0	0
TCGA-31-1951-01	0	0	0
TCGA-61-1919-01	0	0	0
TCGA-29-1784-01	0	0	0
TCGA-30-1714-01	0	0	0
TCGA-09-1673-01	0	0	0
TCGA-29-1688-01	0	0	0
TCGA-20-1684-01	0	0	0
TCGA-24-1847-01	0	0	0
TCGA-29-1711-01	0	0	0
TCGA-29-1768-01	0	0	0
TCGA-29-1697-01	0	0	0
TCGA-20-1682-01	0	0	0
TCGA-29-1699-01	0	0	0
TCGA-29-1695-01	0	0	0
TCGA-29-1770-02	0	0	0
TCGA-20-1683-01	0	0	0
TCGA-29-1763-01	0	0	0
TCGA-29-1702-01	0	0	0
TCGA-09-1675-01	0	0	0
TCGA-30-1718-01	0	0	0
TCGA-29-1766-01	0	0	0
TCGA-29-1705-02	0	0	0
TCGA-57-1586-01	0	0	0
TCGA-29-1703-01	0	0	0
TCGA-29-1698-01	0	0	0
TCGA-29-1707-01	0	0	0
TCGA-29-1761-01	0	0	0
TCGA-29-1705-01	0	0	0
TCGA-09-1674-01	0	0	0
TCGA-29-1781-01	0	0	0
TCGA-29-1783-01	0	0	0
TCGA-04-1655-01	0	0	0
TCGA-29-1770-01	0	0	0
TCGA-29-1762-01	0	0	0
TCGA-23-1809-01	0	0	0
TCGA-29-1785-01	0	0	0
TCGA-29-1696-01	0	0	0
TCGA-23-1114-01	0	0	0
TCGA-09-1670-01	0	0	0
TCGA-24-1604-01	0	0	0
TCGA-24-1474-01	0	0	0
TCGA-24-1552-01	0	0	0
TCGA-04-1514-01	0	0	0
TCGA-24-1551-01	0	0	0
TCGA-24-1555-01	0	0	0
TCGA-24-1549-01	0	0	0
TCGA-24-1550-01	0	0	0
TCGA-04-1542-01	0	0	0
TCGA-24-1470-01	0	0	0
TCGA-04-1530-01	0	0	0
TCGA-24-1553-01	0	0	0
TCGA-24-1469-01	0	0	0
TCGA-23-1120-01	0	0	0
TCGA-23-1021-01	0	0	0
TCGA-24-0979-01	0	0	0
TCGA-23-1032-01	0	0	0
TCGA-04-1342-01	0	0	0
TCGA-23-1022-01	0	0	0
TCGA-24-0970-01	0	0	0
TCGA-24-0981-01	0	0	0
TCGA-23-1023-01	0	0	0
TCGA-23-1122-01	0	0	0
TCGA-20-0990-01	0	0	0
TCGA-04-1347-01	0	0	0
TCGA-04-1346-01	0	0	0
TCGA-23-1124-01	0	0	0
TCGA-23-1121-01	0	0	0
TCGA-23-1026-01	0	0	0
TCGA-23-1110-01	0	0	0
TCGA-24-1103-01	0	0	0
TCGA-23-1030-01	0	0	0
TCGA-04-1341-01	0	0	0
TCGA-23-1109-01	0	0	0
TCGA-23-1123-01	0	0	0
TCGA-04-1331-01	0	0	0
TCGA-23-1024-01	0	0	0
TCGA-04-1343-01	0	0	0
TCGA-23-1118-01	0	0	0
TCGA-23-1113-01	0	0	0
TCGA-23-1117-01	0	0	0
TCGA-61-2098-01	0	0	0
TCGA-61-2101-01	0	0	0
TCGA-24-2019-01	0	0	0
TCGA-23-2078-01	0	0	0
TCGA-61-2102-01	0	0	0
TCGA-61-2104-01	0	0	0
TCGA-61-2092-01	0	0	0
TCGA-24-2035-01	0	0	0
TCGA-24-2260-01	0	0	0
TCGA-23-2072-01	0	0	0
TCGA-09-2054-01	0	0	0
TCGA-61-2018-01	0	0	0
TCGA-23-2079-01	0	0	0
TCGA-61-2008-02	0	0	0
TCGA-61-2009-01	0	0	0
TCGA-61-1998-01	0	0	0
TCGA-23-2084-01	0	0	0
TCGA-61-2113-01	0	0	0
TCGA-61-2000-01	0	0	0
TCGA-61-2094-01	0	0	0
TCGA-24-2033-01	0	0	0
TCGA-61-2003-01	0	0	0
TCGA-61-2008-01	0	0	0
TCGA-61-1736-01	0	0	0
TCGA-61-2097-01	0	0	0
TCGA-61-2002-01	0	0	0
X1032	0.188802757933015	0.000717877095819031	0.216643441239248
X103	0	0	0
X1097	0.00423760555077649	0.00071869659022065	0.00495630214099714
X1098	0.214739755744285	0.00071869659022065	0.216643441239248
X1177	0.2078713109261	0.00071951608462227	0.208590827010722
X1192	0.215765787319945	0.00071869659022065	0.216643441239248
X119	0.207764448856129	0.000717877095819031	0.208591769429284
X120	0	0	0
X1237	0.207333255486828	0.000717877095819031	0.211228148478848
X1269	0.214882732932536	0.000717877095819031	0.216643441239248
X128	0.214584027223145	0.00071951608462227	0.216643441239248
X1326	0	0	0
X1364	0	0	0
X137	0.214677867527075	0.00071869659022065	0.216643441239248
X1410	0	0	0
X1530	0.203965985770348	0.00071951608462227	0.211826977622943
X1552	0.215924744649027	0.000717877095819031	0.216643441239248
X1568	0.215920647177019	0.00071951608462227	0.216643441239248
X1580	0.213728368533582	0.000717877095819031	0.216643441239248
X1593	0.215349287485266	0.000717877095819031	0.216643441239248
X1605	0.215821496549367	0.00071869659022065	0.216643441239248
X1689	0.0548340094011906	0.00071951608462227	0.0555535254858129
X1718	0.0494294438225074	0.00071869659022065	0.050148140412728
X1751	0.0490754222410076	0.00071951608462227	0.0497949383256299
X1922	0.215835632827795	0.00071951608462227	0.216643441239248
X1979	0.174324266837899	0.00071951608462227	0.216643441239248
X2090	0.215789683776696	0.00071951608462227	0.216643441239248
X2120	0.215923925154626	0.00071951608462227	0.216643441239248
X2152	0.120673009121735	0.00071869659022065	0.216643441239248
X2176	0.00214871432104737	0.00071951608462227	0.00286823040566964
X2212	0	0	0
X2354	0	0	0
X2357	0.0815449787000703	0.00071951608462227	0.0822644947846926
X2362	0.207017258445564	0.00071951608462227	0.216643441239248
X2374	0.21553142831097	0.00071869659022065	0.216643441239248
X23	0.215651033518886	0.00071951608462227	0.216643441239248
X2401	0.214140115300732	0.00071869659022065	0.216643441239248
X2412	0.0963542996851199	0.00071951608462227	0.216643441239248
X2415	0.214201331532533	0.000717877095819031	0.216643441239248
X2429	0.00263221601800311	0.00071869659022065	0.00335091260822376
X2443	0.00463178235795566	0.00071951608462227	0.00535129844257793
X2503	0.215878025273191	0.00071951608462227	0.216643441239248
X2529	0.215913337286957	0.00071951608462227	0.216643441239248
X2554	0.215646419765405	0.000717877095819031	0.216643441239248
X2556	0.215855685855803	0.000717877095819031	0.216643441239248
X2577	0	0	0
X2587	0	0	0
X2593	0	0	0
X2638	0.215781103670311	0.000717877095819031	0.216643441239248
X2648	0	0	0
X2665	0.214300564109625	0.000717877095819031	0.216643441239248
X2700	0.149095754716606	0.00071951608462227	0.21391672112685
X2716	0	0	0
X2763	0.206346379353678	0.000717877095819031	0.207896461209286
X2773	0.0263516619784894	0.000717877095819031	0.0270810119959311
X2797	0.189983755900022	0.00071869659022065	0.208357271106261
X2825	0.215822701206138	0.000717877095819031	0.216643441239248
X2902	0.215091368012244	0.00071869659022065	0.216643441239248
X2949	0.00157015127350372	0.00071951608462227	0.00228966735812599
X2991	0.215877418847334	0.00071951608462227	0.216643441239248
X2998	0.212262415973244	0.00071951608462227	0.216643441239248
X3059	0.212485760977461	0.000717877095819031	0.216643441239248
X3080	0	0	0
X3107	0	0	0
X3151	0.208752619790434	0.00071869659022065	0.216643441239248
X3238	0.215894284042119	0.000717877095819031	0.216643441239248
X3297	0.215705579066258	0.00071869659022065	0.216643441239248
X3349	0	0	0
X451	0.190161168243028	0.00071951608462227	0.195691985129225
X472	0.214312799161041	0.00071951608462227	0.216643441239248
X544	0.215923925154626	0.00071951608462227	0.216643441239248
X592	0.215589325590444	0.00071951608462227	0.216643441239248
X603	0.190731847754428	0.00071951608462227	0.216643441239248
X80	0.215279458367304	0.00071869659022065	0.216643441239248
X935	0.215924744649027	0.00071869659022065	0.216643441239248
X93	0.215215595168586	0.00071951608462227	0.216643441239248
X94	0.21583325629403	0.00071869659022065	0.216643441239248
X970	0	0	0
X987	0.215700342497032	0.00071951608462227	0.216643441239248
X991	0.215898299564687	0.00071951608462227	0.216643441239248
OVCA10-02	0	0	0
OVCA100	0.00125464592888006	0.000603967373993865	0.00185861330287393
OVCA110	0.0485361949247417	0.00232408612299403	0.0508602810477357
OVCA115	0.215949894932213	0.000603967373993865	0.216643441239248
OVCA118	0	0	0
OVCA119	0	0	0
OVCA121	0.0409247309224961	0.000603967373993865	0.0415286982964899
OVCA123	0	0	0
OVCA124	0.213412478026589	0.000603147879592245	0.216643441239248
OVCA125	0	0	0
OVCA128	0.0226106700350946	0.000603147879592245	0.0232138179146868
OVCA130	0.0447181705075946	0.000603147879592245	0.0453213183871868
OVCA131	0	0	0
OVCA132	0.216037564443298	0.000603967373993865	0.216643441239248
OVCA133	0	0	0
OVCA135	0.162482859557533	0.000603147879592245	0.163086007437125
OVCA136	0.215117542663432	0.0014128083483927	0.216643441239248
OVCA138	0.00154638593585675	0.000603967373993865	0.00215035330985061
OVCA139	0	0	0
OVCA140	0.0106649001426814	0.000603967373993865	0.0112688675166752
OVCA142	0.102327709107744	0.000603147879592245	0.174565321116136
OVCA144	0.00737708860338232	0.000603967373993865	0.00798105597737619
OVCA148	0.12448888646355	0.000603147879592245	0.168349456079849
OVCA15	0.215023808893774	0.000603147879592245	0.216643441239248
OVCA150	0.215737301694545	0.000603147879592245	0.216643441239248
OVCA152	0.0015693317791021	0.000603967373993865	0.00217329915309597
OVCA155	0.00165046172486247	0.000603967373993865	0.00225442909885634
OVCA160	0.215709111087129	0.000603147879592245	0.216643441239248
OVCA166	0	0	0
OVCA168	0.074685441786031	0.000603147879592245	0.0752885896656233
OVCA169	0.114783302857293	0.000603147879592245	0.115386450736885
OVCA174	0.214913332853492	0.000603967373993865	0.216643441239248
OVCA180	0.176725082221717	0.000603967373993865	0.177392544021949
OVCA181	0	0	0
OVCA189	0.00171192380498397	0.000603967373993865	0.00231589117897783
OVCA19	0.215884974585717	0.000603967373993865	0.216643441239248
OVCA193	0	0	0
OVCA194	0	0	0
OVCA199	0	0	0
OVCA2	0	0	0
OVCA206	0.174436496596201	0.000603147879592245	0.175039644475794
OVCA207	0	0	0
OVCA217	0.140454784482438	0.000603147879592245	0.14105793236203
OVCA219	0.0923488241185463	0.000603967373993865	0.0929527914925402
OVCA221	0.00136199969549227	0.000603147879592245	0.00196514757508452
OVCA222	0	0	0
OVCA225	0	0	0
OVCA227	0.074924734151304	0.000603967373993865	0.0755287015252979
OVCA228	0.215161885505503	0.000603967373993865	0.216643441239248
OVCA231	0.13649578244338	0.000603147879592245	0.137165768286368
OVCA232	0	0	0
OVCA233	0.214737493939736	0.000603147879592245	0.216643441239248
OVCA234	0	0	0
OVCA249	0.204177398936078	0.000603967373993865	0.205712787257065
OVCA25-02	0	0	0
OVCA260	0	0	0
OVCA262	0.190682825599324	0.000603967373993865	0.191436350701613
OVCA27	0.00118662789354561	0.000603967373993865	0.00179059526753948
OVCA273	0	0	0
OVCA277	0	0	0
OVCA280	0.0838760715001982	0.000603147879592245	0.0844792193797904
OVCA282	0.198830435618885	0.000603147879592245	0.216643441239248
OVCA285	0.120946572742884	0.000603967373993865	0.126721697300091
OVCA293	0	0	0
OVCA297	0	0	0
OVCA298	0	0	0
OVCA302	0	0	0
OVCA304	0	0	0
OVCA313	0	0	0
OVCA314	0	0	0
OVCA315	0	0	0
OVCA317	0	0	0
OVCA319	0.0207840170138839	0.000603967373993865	0.03971761566891
OVCA32	0.110420478561949	0.000603147879592245	0.11108410512838
OVCA325	0	0	0
OVCA328	0	0	0
OVCA334	0	0	0
OVCA339	0	0	0
OVCA34	0.0213322587685676	0.000603147879592245	0.0219354066481598
OVCA343	0	0	0
OVCA348	0.00393111464457065	0.000603147879592245	0.0045342625241629
OVCA350	0	0	0
OVCA353	0	0	0
OVCA36	0	0	0
OVCA361	0	0	0
OVCA363	0	0	0
OVCA37	0	0	0
OVCA372	0	0	0
OVCA381	0	0	0
OVCA388	0	0	0
OVCA395	0	0	0
OVCA397	0.0981795267860719	0.000603147879592245	0.0987826746656641
OVCA399	0	0	0
OVCA401	0	0	0
OVCA405	0	0	0
OVCA415	0	0	0
OVCA424	0	0	0
OVCA427	0	0	0
OVCA43	0	0	0
OVCA44	0.215633217710595	0.000603967373993865	0.216643441239248
OVCA45	0	0	0
OVCA58	0.214419816934949	0.0020716818472951	0.216643441239248
OVCA60	0	0	0
OVCA75	0	0	0
OVCA77	0.216039473865254	0.000603967373993865	0.216643441239248
OVCA79	0.215735154619213	0.000603967373993865	0.216643441239248
OVCA8	0.216026583218317	0.000603147879592245	0.216643441239248
OVCA85	0	0	0
OVCA94	0.216037064551713	0.000603967373993865	0.216643441239248
OVCA99	0.130960941839671	0.000603147879592245	0.131564089719263
GSM692781_JB0715	0	0	0
GSM692803_JB0783	0	0	0
