Sample	Percent	Start	End
P-0000067-T02-IM5	0	0	0
P-0000199-T01-IM3	0	0	0
P-0000666-T01-IM3	0.213809105122029	0.00283433611721864	0.216643441239248
P-0001080-T01-IM3	0	0	0
P-0001086-T01-IM3	0.213809105122029	0.00283433611721864	0.216643441239248
P-0001105-T01-IM3	0	0	0
P-0001285-T01-IM3	0	0	0
P-0001457-T01-IM3	0	0	0
P-0001561-T01-IM3	0	0	0
P-0001634-T01-IM3	0.185360906031044	0.00283433611721864	0.188195242148262
P-0001796-T01-IM3	0.123600210344545	0.00283433611721864	0.132285515225841
P-0002010-T02-IM5	0.213809105122029	0.00283433611721864	0.216643441239248
P-0002302-T01-IM3	0.0755190396863028	0.00283433611721864	0.0783533758035214
P-0002771-T01-IM3	0	0	0
P-0003191-T01-IM5	0.185360906031044	0.00283433611721864	0.188195242148262
P-0003631-T01-IM5	0.213809105122029	0.00283433611721864	0.216643441239248
P-0003744-T01-IM5	0.185360906031044	0.00283433611721864	0.188195242148262
P-0003818-T01-IM5	0	0	0
P-0003873-T01-IM5	0.185360906031044	0.00283433611721864	0.188195242148262
P-0003880-T01-IM5	0.185360906031044	0.00283433611721864	0.188195242148262
P-0004360-T01-IM5	0.185360906031044	0.00283433611721864	0.188195242148262
P-0004829-T01-IM5	0.198081581634685	0.00283433611721864	0.216643441239248
P-0005341-T01-IM5	0	0	0
P-0005516-T01-IM5	0.185360906031044	0.00283433611721864	0.188195242148262
P-0005531-T01-IM5	0.185360906031044	0.00283433611721864	0.188195242148262
P-0005744-T01-IM5	0	0	0
P-0005745-T01-IM5	0.059455539884182	0.00283433611721864	0.0622898760014006
P-0005896-T01-IM5	0.213809105122029	0.00283433611721864	0.216643441239248
P-0006217-T01-IM5	0.185360906031044	0.00283433611721864	0.188195242148262
P-0006892-T01-IM5	0.0760409756706945	0.00283433611721864	0.0788753117879131
P-0006984-T01-IM5	0.170212576601932	0.00283433611721864	0.17304691271915
P-0007003-T01-IM5	0	0	0
P-0007535-T01-IM5	0.185360906031044	0.00283433611721864	0.188195242148262
P-0007738-T01-IM5	0.129451179108623	0.00283433611721864	0.132285515225841
P-0007899-T01-IM5	0.213809105122029	0.00283433611721864	0.216643441239248
P-0008037-T01-IM5	0.213809105122029	0.00283433611721864	0.216643441239248
P-0009394-T02-IM6	0.170717352373554	0.00283433611721864	0.173551688490772
P-0009840-T01-IM5	0	0	0
P-0010510-T01-IM5	0.104627734875106	0.00283433611721864	0.173551688490772
P-0011086-T01-IM5	0	0	0
P-0011589-T01-IM5	0.185360906031044	0.00283433611721864	0.188195242148262
P-0013101-T01-IM5	0	0	0
P-0013641-T01-IM5	0.147719487623582	0.00283433611721864	0.216643441239248
P-0013840-T01-IM5	0.213809105122029	0.00283433611721864	0.216643441239248
P-0014146-T01-IM5	0.185360906031044	0.00283433611721864	0.188195242148262
P-0014175-T01-IM5	0.185360906031044	0.00283433611721864	0.188195242148262
P-0014697-T01-IM6	0	0	0
P-0015076-T01-IM6	0	0	0
P-0015095-T01-IM6	0.185360906031044	0.00283433611721864	0.188195242148262
P-0015271-T01-IM6	0.213809105122029	0.00283433611721864	0.216643441239248
P-0015651-T03-IM6	0.059455539884182	0.00283433611721864	0.0622898760014006
P-0015726-T01-IM6	0.185360906031044	0.00283433611721864	0.188195242148262
P-0015810-T01-IM6	0.185360906031044	0.00283433611721864	0.188195242148262
P-0016488-T01-IM6	0.170717352373554	0.00283433611721864	0.173551688490772
P-0016553-T01-IM6	0.113723655621278	0.00283433611721864	0.132285515225841
P-0017175-T01-IM6	0.185360906031044	0.00283433611721864	0.188195242148262
P-0017516-T01-IM6	0.185360906031044	0.00283433611721864	0.188195242148262
P-0017787-T01-IM6	0.185360906031044	0.00283433611721864	0.188195242148262
P-0018026-T01-IM6	0.0146692857817008	0.00283433611721864	0.0175036218989195
P-0018184-T01-IM6	0	0	0
P-0018612-T01-IM6	0.0088183170176232	0.00283433611721864	0.0116526531348418
P-0018944-T01-IM6	0	0	0
P-0019325-T01-IM6	0	0	0
P-0019423-T01-IM6	0.0760409756706945	0.00283433611721864	0.0788753117879131
P-0019841-T01-IM6	0.129451179108623	0.00283433611721864	0.132285515225841
P-0019934-T01-IM6	0	0	0
P-0019991-T01-IM6	0.213809105122029	0.00283433611721864	0.216643441239248
P-0020058-T01-IM6	0.0146692857817008	0.00283433611721864	0.0175036218989195
P-0020298-T01-IM6	0.185360906031044	0.00283433611721864	0.188195242148262
P-0020323-T01-IM6	0.0755190396863028	0.00283433611721864	0.0783533758035214
P-0020364-T01-IM6	0.213809105122029	0.00283433611721864	0.216643441239248
P-0020525-T01-IM6	0.185360906031044	0.00283433611721864	0.188195242148262
P-0020549-T01-IM6	0	0	0
P-0020688-T01-IM6	0.185360906031044	0.00283433611721864	0.188195242148262
P-0020831-T01-IM6	0.153627140815419	0.00283433611721864	0.17304691271915
P-0021303-T01-IM6	0.170717352373554	0.00283433611721864	0.173551688490772
P-0021409-T01-IM6	0.120355258362451	0.00283433611721864	0.173551688490772
P-0021524-T01-IM6	0.170212576601932	0.00283433611721864	0.17304691271915
P-0021534-T01-IM6	0.185360906031044	0.00283433611721864	0.188195242148262
P-0021602-T01-IM6	0.213809105122029	0.00283433611721864	0.216643441239248
P-0021632-T01-IM6	0.0760409756706945	0.00283433611721864	0.0788753117879131
P-0021891-T01-IM6	0	0	0
P-0021905-T02-IM6	0.185360906031044	0.00283433611721864	0.188195242148262
P-0022397-T01-IM6	0.170212576601932	0.00283433611721864	0.17304691271915
P-0022610-T01-IM6	0.213809105122029	0.00283433611721864	0.216643441239248
P-0023069-T01-IM6	0.0760409756706945	0.00283433611721864	0.0788753117879131
P-0023560-T01-IM6	0.059455539884182	0.00283433611721864	0.0622898760014006
P-0023834-T01-IM6	0.213809105122029	0.00283433611721864	0.216643441239248
P-0024048-T01-IM6	0.213809105122029	0.00283433611721864	0.216643441239248
P-0024405-T01-IM6	0.0603134521833498	0.00283433611721864	0.0788753117879131
P-0024444-T01-IM6	0.213809105122029	0.00283433611721864	0.216643441239248
P-0024726-T01-IM6	0.0603134521833498	0.00283433611721864	0.0788753117879131
P-0024935-T01-IM6	0.185360906031044	0.00283433611721864	0.188195242148262
P-0024971-T01-IM6	0.129451179108623	0.00283433611721864	0.132285515225841
P-0025000-T01-IM6	0	0	0
P-0025026-T01-IM6	0.138246583062777	0.00283433611721864	0.159856552094165
P-0025149-T01-IM6	0	0	0
P-0025811-T01-IM6	0.185360906031044	0.00283433611721864	0.188195242148262
P-0025993-T01-IM6	0.157803300675962	0.00283433611721864	0.160637636793181
P-0026493-T01-IM6	0.118413376233428	0.00283433611721864	0.188195242148262
P-0026495-T01-IM6	0.185360906031044	0.00283433611721864	0.188195242148262
P-0026707-T01-IM6	0.185360906031044	0.00283433611721864	0.188195242148262
P-0026882-T01-IM6	0.170717352373554	0.00283433611721864	0.173551688490772
P-0027262-T01-IM6	0.213809105122029	0.00283433611721864	0.216643441239248
P-0027999-T01-IM6	0.185360906031044	0.00283433611721864	0.188195242148262
P-0028330-T01-IM6	0.185360906031044	0.00283433611721864	0.188195242148262
P-0028414-T01-IM6	0.185360906031044	0.00283433611721864	0.188195242148262
P-0028513-T01-IM6	0	0	0
P-0028704-T01-IM6	0.170212576601932	0.00283433611721864	0.17304691271915
P-0029354-T01-IM6	0.129451179108623	0.00283433611721864	0.132285515225841
P-0030026-T01-IM6	0.185360906031044	0.00283433611721864	0.188195242148262
P-0030033-T01-IM6	0.170212576601932	0.00283433611721864	0.17304691271915
P-0030632-T01-IM6	0.129451179108623	0.00283433611721864	0.132285515225841
P-0030697-T01-IM6	0.185360906031044	0.00283433611721864	0.188195242148262
P-0030836-T01-IM6	0	0	0
P-0031150-T01-IM6	0	0	0
P-0031382-T01-IM6	0.0603134521833498	0.00283433611721864	0.0788753117879131
P-0031402-T01-IM6	0.17304770762872	0.00283433611721864	0.216643441239248
P-0031648-T01-IM6	0.170717352373554	0.00283433611721864	0.173551688490772
P-0031749-T01-IM6	0.185360906031044	0.00283433611721864	0.188195242148262
P-0032375-T01-IM6	0.185360906031044	0.00283433611721864	0.188195242148262
P-0033193-T01-IM6	0	0	0
P-0033679-T01-IM6	0.213809105122029	0.00283433611721864	0.216643441239248
P-0033692-T01-IM6	0.185360906031044	0.00283433611721864	0.188195242148262
P-0033693-T01-IM6	0.126403069681797	0.00283433611721864	0.129237405799016
P-0033715-T01-IM6	0.213809105122029	0.00283433611721864	0.216643441239248
P-0033718-T01-IM6	0.213809105122029	0.00283433611721864	0.216643441239248
P-0033726-T01-IM6	0.185360906031044	0.00283433611721864	0.188195242148262
P-0033784-T01-IM6	0.213809105122029	0.00283433611721864	0.216643441239248
P-0033879-T01-IM6	0	0	0
P-0034011-T01-IM6	0.156270067625252	0.00283433611721864	0.15910440374247
P-0034086-T01-IM6	0.185360906031044	0.00283433611721864	0.188195242148262
P-0034383-T01-IM6	0	0	0
P-0034415-T01-IM6	0.0760409756706945	0.00283433611721864	0.0788753117879131
P-0034814-T01-IM6	0.185360906031044	0.00283433611721864	0.188195242148262
P-0034872-T01-IM6	0.185360906031044	0.00283433611721864	0.188195242148262
P-0034885-T01-IM6	0.213809105122029	0.00283433611721864	0.216643441239248
P-0035101-T01-IM6	0	0	0
P-0035125-T01-IM6	0	0	0
P-0035378-T01-IM6	0	0	0
P-0036013-T01-IM6	0.170717352373554	0.00283433611721864	0.173551688490772
P-0036236-T01-IM6	0.185360906031044	0.00283433611721864	0.188195242148262
P-0036292-T01-IM6	0.129451179108623	0.00283433611721864	0.132285515225841
P-0036325-T01-IM6	0.170717352373554	0.00283433611721864	0.173551688490772
P-0036348-T01-IM6	0.213809105122029	0.00283433611721864	0.216643441239248
P-0036457-T01-IM6	0.059455539884182	0.00283433611721864	0.0622898760014006
P-0036488-T01-IM6	0.0760409756706945	0.00283433611721864	0.0788753117879131
P-0036717-T01-IM6	0.119271288532596	0.00283433611721864	0.188195242148262
P-0036770-T01-IM6	0.185360906031044	0.00283433611721864	0.188195242148262
P-0036784-T01-IM6	0	0	0
P-0036886-T01-IM6	0	0	0
P-0036895-T01-IM6	0.185360906031044	0.00283433611721864	0.188195242148262
P-0036971-T01-IM6	0	0	0
P-0037025-T01-IM6	0.0760409756706945	0.00283433611721864	0.0788753117879131
P-0037049-T01-IM6	0.185360906031044	0.00283433611721864	0.188195242148262
P-0037070-T01-IM6	0.157803300675962	0.00283433611721864	0.160637636793181
P-0037128-T01-IM6	0.119271288532596	0.00283433611721864	0.188195242148262
P-0037178-T01-IM6	0.185360906031044	0.00283433611721864	0.188195242148262
P-0037263-T01-IM6	0.185360906031044	0.00283433611721864	0.188195242148262
P-0037342-T01-IM6	0	0	0
P-0037375-T01-IM6	0	0	0
P-0037425-T01-IM6	0	0	0
P-0037460-T01-IM6	0.185360906031044	0.00283433611721864	0.188195242148262
P-0037553-T01-IM6	0.185360906031044	0.00283433611721864	0.188195242148262
P-0037794-T01-IM6	0.185360906031044	0.00283433611721864	0.188195242148262
P-0037872-T01-IM6	0.213809105122029	0.00283433611721864	0.216643441239248
P-0037905-T01-IM6	0.059455539884182	0.00283433611721864	0.0622898760014006
P-0038069-T01-IM6	0	0	0
P-0038096-T01-IM6	0.213809105122029	0.00283433611721864	0.216643441239248
P-0038097-T01-IM6	0	0	0
P-0038345-T02-IM6	0.213809105122029	0.00283433611721864	0.216643441239248
P-0038427-T01-IM6	0.185360906031044	0.00283433611721864	0.188195242148262
P-0038483-T01-IM6	0.213809105122029	0.00283433611721864	0.216643441239248
P-0038534-T01-IM6	0.185360906031044	0.00283433611721864	0.188195242148262
P-0038583-T01-IM6	0.185360906031044	0.00283433611721864	0.188195242148262
P-0038779-T01-IM6	0.0146692857817008	0.00283433611721864	0.0175036218989195
P-0038960-T01-IM6	0.185360906031044	0.00283433611721864	0.188195242148262
P-0038996-T01-IM6	0.213809105122029	0.00283433611721864	0.216643441239248
P-0039012-T01-IM6	0.185360906031044	0.00283433611721864	0.188195242148262
P-0039094-T01-IM6	0.185360906031044	0.00283433611721864	0.188195242148262
P-0039180-T01-IM6	0.185360906031044	0.00283433611721864	0.188195242148262
P-0039289-T01-IM6	0.213809105122029	0.00283433611721864	0.216643441239248
P-0039377-T01-IM6	0.0603134521833498	0.00283433611721864	0.0788753117879131
P-0039563-T01-IM6	0.119271288532596	0.00283433611721864	0.188195242148262
P-0039605-T01-IM6	0.185360906031044	0.00283433611721864	0.188195242148262
P-0039734-T01-IM6	0.119271288532596	0.00283433611721864	0.188195242148262
P-0039810-T01-IM6	0.185360906031044	0.00283433611721864	0.188195242148262
P-0039814-T01-IM6	0.185360906031044	0.00283433611721864	0.188195242148262
P-0040143-T01-IM6	0.185360906031044	0.00283433611721864	0.188195242148262
P-0040212-T01-IM6	0	0	0
P-0040343-T01-IM6	0	0	0
P-0040523-T01-IM6	0.0760409756706945	0.00283433611721864	0.0788753117879131
P-0040555-T02-IM6	0.213809105122029	0.00283433611721864	0.216643441239248
P-0040605-T01-IM6	0	0	0
P-0040702-T01-IM6	0.0760409756706945	0.00283433611721864	0.0788753117879131
P-0040800-T01-IM6	0	0	0
P-0040812-T01-IM6	0	0	0
P-0040860-T01-IM6	0	0	0
P-0040931-T01-IM6	0.185360906031044	0.00283433611721864	0.188195242148262
P-0041035-T01-IM6	0.213809105122029	0.00283433611721864	0.216643441239248
P-0041163-T01-IM6	0.185360906031044	0.00283433611721864	0.188195242148262
P-0041235-T01-IM6	0	0	0
P-0041289-T01-IM6	0.170717352373554	0.00283433611721864	0.173551688490772
P-0041413-T01-IM6	0	0	0
P-0041544-T01-IM6	0.129451179108623	0.00283433611721864	0.132285515225841
P-0041836-T01-IM6	0.126403069681797	0.00283433611721864	0.129237405799016
P-0041837-T01-IM6	0.213809105122029	0.00283433611721864	0.216643441239248
P-0041952-T01-IM6	0.213809105122029	0.00283433611721864	0.216643441239248
P-0042164-T01-IM6	0	0	0
P-0042511-T01-IM6	0	0	0
P-0042866-T01-IM6	0.185360906031044	0.00283433611721864	0.188195242148262
P-0043016-T01-IM6	0.185360906031044	0.00283433611721864	0.188195242148262
P-0043133-T01-IM6	0.213809105122029	0.00283433611721864	0.216643441239248
P-0043634-T01-IM6	0	0	0
P-0043838-T01-IM6	0.185360906031044	0.00283433611721864	0.188195242148262
P-0044056-T01-IM6	0	0	0
P-0044146-T01-IM6	0.170212576601932	0.00283433611721864	0.17304691271915
P-0044451-T01-IM6	0.213809105122029	0.00283433611721864	0.216643441239248
P-0044817-T01-IM6	0.0760409756706945	0.00283433611721864	0.0788753117879131
P-0045231-T02-IM6	0.157803300675962	0.00283433611721864	0.160637636793181
P-0045411-T01-IM6	0.185360906031044	0.00283433611721864	0.188195242148262
P-0045534-T01-IM6	0	0	0
P-0045578-T01-IM6	0.0088183170176232	0.00283433611721864	0.0116526531348418
P-0045749-T01-IM6	0.129451179108623	0.00283433611721864	0.132285515225841
P-0046054-T01-IM6	0.185360906031044	0.00283433611721864	0.188195242148262
P-0046443-T01-IM6	0.170717352373554	0.00283433611721864	0.173551688490772
P-0046745-T01-IM6	0	0	0
P-0046749-T02-IM6	0.185360906031044	0.00283433611721864	0.188195242148262
P-0046802-T01-IM6	0.0603134521833498	0.00283433611721864	0.0788753117879131
P-0047075-T01-IM6	0	0	0
P-0047149-T01-IM6	0	0	0
P-0047214-T01-IM6	0.170212576601932	0.00283433611721864	0.17304691271915
P-0047577-T01-IM6	0.170717352373554	0.00283433611721864	0.173551688490772
P-0047853-T01-IM6	0.185360906031044	0.00283433611721864	0.188195242148262
P-0048171-T01-IM6	0.0917136831775148	0.00283433611721864	0.160637636793181
P-0048559-T01-IM6	0.213809105122029	0.00283433611721864	0.216643441239248
P-0048593-T01-IM6	0	0	0
P-0049075-T01-IM6	0	0	0
P-0049519-T01-IM6	0.126403069681797	0.00283433611721864	0.129237405799016
P-0049560-T01-IM6	0.0760409756706945	0.00283433611721864	0.0788753117879131
P-0000067-T01-IM3	0	0	0
P-0000185-T01-IM3	0.185360906031044	0.00283433611721864	0.188195242148262
P-0001978-T01-IM3	0.213809105122029	0.00283433611721864	0.216643441239248
P-0002660-T01-IM3	0.185360906031044	0.00283433611721864	0.188195242148262
P-0004722-T01-IM5	0.185360906031044	0.00283433611721864	0.188195242148262
P-0007571-T01-IM5	0.213809105122029	0.00283433611721864	0.216643441239248
P-0009075-T01-IM5	0.213809105122029	0.00283433611721864	0.216643441239248
TCGA-72-4233-01	0	0	0
TCGA-72-4237-01	0	0	0
TCGA-72-4232-01	0	0	0
TCGA-72-4241-01	0	0	0
TCGA-72-4240-01	0	0	0
TCGA-72-4231-01	0	0	0
TCGA-04-1519-01	0	0	0
TCGA-25-1632-01	0	0	0
TCGA-09-1667-01	0	0	0
TCGA-36-1577-01	0	0	0
TCGA-36-1575-01	0	0	0
TCGA-04-1536-01	0	0	0
TCGA-36-1581-01	0	0	0
TCGA-24-1546-01	0	0	0
TCGA-09-1659-01	0	0	0
TCGA-25-1627-01	0	0	0
TCGA-04-1517-01	0	0	0
TCGA-36-1569-01	0	0	0
TCGA-36-1578-01	0	0	0
TCGA-24-1545-01	0	0	0
TCGA-25-1634-01	0	0	0
TCGA-25-1625-01	0	0	0
TCGA-24-1548-01	0	0	0
TCGA-61-1730-01	0	0	0
TCGA-61-1740-01	0	0	0
TCGA-61-1738-01	0	0	0
TCGA-29-1775-01	0	0	0
TCGA-61-1907-01	0	0	0
TCGA-09-1664-01	0	0	0
TCGA-04-1651-01	0	0	0
TCGA-29-1778-01	0	0	0
TCGA-24-1842-01	0	0	0
TCGA-24-1849-01	0	0	0
TCGA-61-1737-01	0	0	0
TCGA-30-1855-01	0	0	0
TCGA-61-1900-01	0	0	0
TCGA-61-1906-01	0	0	0
TCGA-61-1899-01	0	0	0
TCGA-61-1915-01	0	0	0
TCGA-04-1646-01	0	0	0
TCGA-61-1903-01	0	0	0
TCGA-29-1777-01	0	0	0
TCGA-61-1914-01	0	0	0
TCGA-61-1741-01	0	0	0
TCGA-04-1652-01	0	0	0
TCGA-61-1911-01	0	0	0
TCGA-24-1850-01	0	0	0
TCGA-61-1910-01	0	0	0
TCGA-13-1494-01	0	0	0
TCGA-24-1418-01	0	0	0
TCGA-13-1511-01	0	0	0
TCGA-13-1492-01	0	0	0
TCGA-24-1419-01	0	0	0
TCGA-24-1435-01	0	0	0
TCGA-24-1422-01	0	0	0
TCGA-13-1485-01	0	0	0
TCGA-24-1467-01	0	0	0
TCGA-13-1489-02	0	0	0
TCGA-13-1501-01	0	0	0
TCGA-13-1510-01	0	0	0
TCGA-24-1417-01	0	0	0
TCGA-13-1509-01	0	0	0
TCGA-24-1427-01	0	0	0
TCGA-24-1428-01	0	0	0
TCGA-13-1505-01	0	0	0
TCGA-13-1481-01	0	0	0
TCGA-13-1495-01	0	0	0
TCGA-13-1499-01	0	0	0
TCGA-13-1488-01	0	0	0
TCGA-13-1498-01	0	0	0
TCGA-24-1431-01	0	0	0
TCGA-24-1463-01	0	0	0
TCGA-13-1506-01	0	0	0
TCGA-13-1489-01	0	0	0
TCGA-13-0723-01	0	0	0
TCGA-13-0727-01	0	0	0
TCGA-13-0755-01	0	0	0
TCGA-13-0791-01	0	0	0
TCGA-13-0792-01	0	0	0
TCGA-09-0364-01	0	0	0
TCGA-13-0714-01	0	0	0
TCGA-13-0804-01	0	0	0
TCGA-13-0764-01	0	0	0
TCGA-09-0366-01	0	0	0
TCGA-13-0760-01	0	0	0
TCGA-13-0791-02	0	0	0
TCGA-09-0369-01	0	0	0
TCGA-13-0799-01	0	0	0
TCGA-13-0730-01	0	0	0
TCGA-13-0726-01	0	0	0
TCGA-13-0766-01	0	0	0
TCGA-04-1351-01	0	0	0
TCGA-04-1356-01	0	0	0
TCGA-13-0905-01	0	0	0
TCGA-04-1357-01	0	0	0
TCGA-04-1362-01	0	0	0
TCGA-04-1365-01	0	0	0
TCGA-13-1405-01	0	0	0
TCGA-04-1348-01	0	0	0
TCGA-25-1329-01	0	0	0
TCGA-13-1408-01	0	0	0
TCGA-13-0901-01	0	0	0
TCGA-13-1409-01	0	0	0
TCGA-13-1410-01	0	0	0
TCGA-13-0893-01	0	0	0
TCGA-13-1404-01	0	0	0
TCGA-04-1361-01	0	0	0
TCGA-04-1371-01	0	0	0
TCGA-25-1314-01	0	0	0
TCGA-24-2295-01	0	0	0
TCGA-24-2297-01	0	0	0
TCGA-25-2392-01	0	0	0
TCGA-25-2397-01	0	0	0
TCGA-25-2391-01	0	0	0
TCGA-29-2427-01	0	0	0
TCGA-25-2042-01	0	0	0
TCGA-09-2051-01	0	0	0
TCGA-24-2298-01	0	0	0
TCGA-25-2404-01	0	0	0
TCGA-24-2289-01	0	0	0
TCGA-13-2060-01	0	0	0
TCGA-59-2355-01	0	0	0
TCGA-59-2363-01	0	0	0
TCGA-24-2290-01	0	0	0
TCGA-24-2288-01	0	0	0
TCGA-59-2348-01	0	0	0
TCGA-09-2048-01	0	0	0
TCGA-29-2414-01	0	0	0
TCGA-59-2354-01	0	0	0
TCGA-25-2401-01	0	0	0
TCGA-29-1707-02	0	0	0
TCGA-13-1819-01	0	0	0
TCGA-61-1916-02	0	0	0
TCGA-61-2095-02	0	0	0
TCGA-29-1710-02	0	0	0
TCGA-29-1692-01	0	0	0
TCGA-13-1819-02	0	0	0
TCGA-13-0913-02	0	0	0
TCGA-24-1852-01	0	0	0
TCGA-29-1705-02	0	0	0
TCGA-29-2414-02	0	0	0
TCGA-36-2543-01	0	0	0
TCGA-36-2538-01	0	0	0
TCGA-36-2534-01	0	0	0
TCGA-13-2059-01	0	0	0
TCGA-36-2542-01	0	0	0
TCGA-36-2529-01	0	0	0
TCGA-23-2641-01	0	0	0
TCGA-13-2071-01	0	0	0
TCGA-04-1369-01	0	0	0
TCGA-36-2547-01	0	0	0
TCGA-13-2065-01	0	0	0
TCGA-04-1516-01	0	0	0
TCGA-61-2613-01	0	0	0
TCGA-13-2066-01	0	0	0
TCGA-23-2647-01	0	0	0
TCGA-36-2549-01	0	0	0
TCGA-36-2548-01	0	0	0
TCGA-36-2540-01	0	0	0
TCGA-61-2611-02	0	0	0
TCGA-42-2590-01	0	0	0
TCGA-29-2434-01	0	0	0
TCGA-36-2539-01	0	0	0
TCGA-23-2649-01	0	0	0
TCGA-42-2588-01	0	0	0
TCGA-42-2587-01	0	0	0
TCGA-42-2593-01	0	0	0
TCGA-23-2645-01	0	0	0
TCGA-29-2436-01	0	0	0
TCGA-61-2610-02	0	0	0
TCGA-29-2432-01	0	0	0
TCGA-36-2533-01	0	0	0
TCGA-36-2545-01	0	0	0
TCGA-3P-A9WA-01	0	0	0
TCGA-13-A5FT-01	0	0	0
TCGA-WR-A838-01	0	0	0
TCGA-OY-A56P-01	0	0	0
TCGA-13-A5FU-01	0	0	0
TCGA-VG-A8LO-01	0	0	0
TCGA-24-0980-01	0	0	0
TCGA-13-0897-01	0	0	0
TCGA-10-0937-01	0	0	0
TCGA-13-0891-01	0	0	0
TCGA-13-0886-01	0	0	0
TCGA-10-0928-01	0	0	0
TCGA-24-0966-01	0	0	0
TCGA-13-0888-01	0	0	0
TCGA-13-0904-01	0	0	0
TCGA-13-0916-01	0	0	0
TCGA-13-0921-01	0	0	0
TCGA-13-0887-01	0	0	0
TCGA-13-0906-01	0	0	0
TCGA-13-0890-01	0	0	0
TCGA-10-0930-01	0	0	0
TCGA-13-0920-01	0	0	0
TCGA-13-0912-01	0	0	0
TCGA-13-0913-01	0	0	0
TCGA-10-0934-01	0	0	0
TCGA-10-0931-01	0	0	0
TCGA-13-0919-01	0	0	0
TCGA-57-1994-01	0	0	0
TCGA-30-1860-01	0	0	0
TCGA-31-1956-01	0	0	0
TCGA-31-1944-01	0	0	0
TCGA-30-1862-01	0	0	0
TCGA-24-1920-01	0	0	0
TCGA-04-1654-01	0	0	0
TCGA-57-1993-01	0	0	0
TCGA-31-1950-01	0	0	0
TCGA-30-1867-01	0	0	0
TCGA-24-1928-01	0	0	0
TCGA-24-2023-01	0	0	0
TCGA-30-1887-01	0	0	0
TCGA-61-1917-01	0	0	0
TCGA-30-1853-01	0	0	0
TCGA-30-1892-01	0	0	0
TCGA-31-1953-01	0	0	0
TCGA-30-1866-01	0	0	0
TCGA-31-1951-01	0	0	0
TCGA-24-1927-01	0	0	0
TCGA-24-2027-01	0	0	0
TCGA-30-1880-01	0	0	0
TCGA-09-1673-01	0	0	0
TCGA-20-1686-01	0	0	0
TCGA-29-1711-01	0	0	0
TCGA-29-1697-01	0	0	0
TCGA-20-1682-01	0	0	0
TCGA-29-1695-01	0	0	0
TCGA-29-1764-01	0	0	0
TCGA-20-1683-01	0	0	0
TCGA-29-1763-01	0	0	0
TCGA-29-1702-01	0	0	0
TCGA-09-1675-01	0	0	0
TCGA-57-1586-01	0	0	0
TCGA-29-1703-01	0	0	0
TCGA-29-1698-01	0	0	0
TCGA-20-1687-01	0	0	0
TCGA-29-1691-01	0	0	0
TCGA-29-1707-01	0	0	0
TCGA-29-1761-01	0	0	0
TCGA-09-1672-01	0	0	0
TCGA-29-1781-01	0	0	0
TCGA-29-1783-01	0	0	0
TCGA-29-1785-01	0	0	0
TCGA-23-1114-01	0	0	0
TCGA-29-1693-01	0	0	0
TCGA-24-1425-01	0	0	0
TCGA-24-1471-01	0	0	0
TCGA-24-1552-01	0	0	0
TCGA-24-1603-01	0	0	0
TCGA-24-1551-01	0	0	0
TCGA-24-1555-01	0	0	0
TCGA-24-1614-01	0	0	0
TCGA-24-1549-01	0	0	0
TCGA-24-1550-01	0	0	0
TCGA-04-1542-01	0	0	0
TCGA-24-1470-01	0	0	0
TCGA-24-1553-01	0	0	0
TCGA-24-1469-01	0	0	0
TCGA-24-0968-01	0	0	0
TCGA-20-0987-01	0	0	0
TCGA-23-1027-01	0	0	0
TCGA-23-1028-01	0	0	0
TCGA-23-1116-01	0	0	0
TCGA-24-0979-01	0	0	0
TCGA-23-1022-01	0	0	0
TCGA-04-1336-01	0	0	0
TCGA-23-1119-01	0	0	0
TCGA-24-0975-01	0	0	0
TCGA-23-1023-01	0	0	0
TCGA-23-1124-01	0	0	0
TCGA-23-1121-01	0	0	0
TCGA-24-1103-01	0	0	0
TCGA-04-1338-01	0	0	0
TCGA-23-1024-01	0	0	0
TCGA-04-1343-01	0	0	0
TCGA-23-1118-01	0	0	0
TCGA-23-1117-01	0	0	0
TCGA-09-2053-01	0	0	0
TCGA-24-2038-01	0	0	0
TCGA-61-2109-01	0	0	0
TCGA-23-2078-01	0	0	0
TCGA-23-2081-01	0	0	0
TCGA-61-2092-01	0	0	0
TCGA-24-2024-01	0	0	0
TCGA-24-2035-01	0	0	0
TCGA-61-2088-01	0	0	0
TCGA-61-1734-01	0	0	0
TCGA-61-2096-01	0	0	0
TCGA-09-2054-01	0	0	0
TCGA-61-2018-01	0	0	0
TCGA-23-2079-01	0	0	0
TCGA-61-2095-01	0	0	0
TCGA-23-2084-01	0	0	0
TCGA-61-2000-01	0	0	0
TCGA-24-2036-01	0	0	0
TCGA-24-2261-01	0	0	0
TCGA-23-2077-01	0	0	0
TCGA-61-2087-01	0	0	0
X103	0.0339541115423172	0.00071951608462227	0.0348178586416246
X1097	0	0	0
X1172	0	0	0
X120	0.166974508372811	0.00364756958161017	0.206657639717301
X1230	0	0	0
X1283	0.214049905357001	0.00071869659022065	0.214776796891238
X1341	0	0	0
X1364	0	0	0
X1419	0.179568998228491	0.00071951608462227	0.216643441239248
X1548	0.205583282556777	0.00071951608462227	0.234092673294732
X1652	0	0	0
X1689	0	0	0
X1851	0	0	0
X1928	0	0	0
X2152	0	0	0
X2212	0.00423678605637487	0.00071951608462227	0.00495630214099714
X2316	0	0	0
X2360	0	0	0
X2438	0	0	0
X2593	0	0	0
X2763	0	0	0
X2816	0	0	0
X2890	0	0	0
X300	0.215913197972908	0.00071951608462227	0.216643441239248
X3080	0	0	0
X3144	0	0	0
X3225	0.195734262845405	0.00071951608462227	0.196605475538711
X3349	0	0	0
X429	0.203102730367682	0.00071869659022065	0.215345083478985
X655	0	0	0
X736	0	0	0
X860	0.164720833208804	0.00071869659022065	0.165439529799025
X93	0	0	0
X970	0	0	0
OVCA10-02	0	0	0
OVCA103	0.167106520725968	0.000603967373993865	0.167710488099962
OVCA104	0.241521390045416	0.00232244713419079	0.243843837179607
OVCA105	0	0	0
OVCA108	0.215982109257141	0.000603147879592245	0.216643441239248
OVCA109	0.216039473865254	0.000603967373993865	0.216643441239248
OVCA11	0.216040293359656	0.000603147879592245	0.216643441239248
OVCA111	0	0	0
OVCA112	0.216039473865254	0.000603967373993865	0.216643441239248
OVCA117	0	0	0
OVCA118	0.0114835750498996	0.000603147879592245	0.0120867229294919
OVCA119	0.0797581121320582	0.000603967373993865	0.080362079506052
OVCA12-02	0.0022527901100531	0.000603967373993865	0.00285675748404696
OVCA120	0.216039473865254	0.000603967373993865	0.216643441239248
OVCA129	0.216040293359656	0.000603147879592245	0.216643441239248
OVCA13	0.216040293359656	0.000603147879592245	0.216643441239248
OVCA133	0.190628566874992	0.000603147879592245	0.191231714754585
OVCA134	0.214225146039844	0.000603967373993865	0.215060063326102
OVCA136	0.000808021479997219	0.000603147879592245	0.00141116935958946
OVCA138	0.231874301949547	0.00217411864749759	0.234048420597044
OVCA140	0	0	0
OVCA143	0.21432263309386	0.00232080814538755	0.216643441239248
OVCA148	0	0	0
OVCA149	0.216040293359656	0.000603147879592245	0.216643441239248
OVCA15	0	0	0
OVCA151	0.216040293359656	0.000603147879592245	0.216643441239248
OVCA152	0.236466748576225	0.00219624499634133	0.238662993572566
OVCA154	0.216039473865254	0.000603967373993865	0.216643441239248
OVCA156	0.216039473865254	0.000603967373993865	0.216643441239248
OVCA157	0.216039473865254	0.000603967373993865	0.216643441239248
OVCA158	0.216037834876451	0.000603967373993865	0.216643441239248
OVCA159	0	0	0
OVCA16-02	0.216040293359656	0.000603147879592245	0.216643441239248
OVCA163	0	0	0
OVCA166	0	0	0
OVCA168	0	0	0
OVCA169	0	0	0
OVCA170	0.164536709206648	0.000603147879592245	0.216643441239248
OVCA172	0.179565310503683	0.000603967373993865	0.180169277877677
OVCA173	0.166289329103617	0.000603147879592245	0.216643441239248
OVCA176	0.216039473865254	0.000603967373993865	0.216643441239248
OVCA178	0	0	0
OVCA179	0.23733951011395	0.000603147879592245	0.237942657993542
OVCA18	0.216033737404443	0.000603147879592245	0.216643441239248
OVCA185	0.197363221037169	0.000603147879592245	0.216643441239248
OVCA186	0	0	0
OVCA188	0.237941019004739	0.000603147879592245	0.238544166884331
OVCA189	0	0	0
OVCA193	0	0	0
OVCA194	0.212619445099198	0.000603147879592245	0.213910968276151
OVCA196	0.216017536000123	0.000603967373993865	0.216643441239248
OVCA198	0.216040293359656	0.000603147879592245	0.216643441239248
OVCA199	0.215329898247723	0.000603967373993865	0.216643441239248
OVCA20-02	0.213193541902253	0.000603967373993865	0.216643441239248
OVCA201	0.21588177855755	0.000603967373993865	0.216643441239248
OVCA202	0.216039473865254	0.000603967373993865	0.216643441239248
OVCA203	0.216030459426836	0.000603967373993865	0.216643441239248
OVCA204	0.162873020842144	0.000603147879592245	0.163476168721736
OVCA207	0.212975384297597	0.000603967373993865	0.216643441239248
OVCA208	0.202385353163448	0.000603147879592245	0.216643441239248
OVCA209	0.215918762339895	0.000603967373993865	0.216643441239248
OVCA210	0	0	0
OVCA211	0.21603750707869	0.000603967373993865	0.216643441239248
OVCA212	0.213433481668103	0.00263057702919987	0.216643441239248
OVCA213	0.215310451645573	0.000603967373993865	0.216643441239248
OVCA215	0.210972351496326	0.000603967373993865	0.216643441239248
OVCA216	0.136631613640448	0.000603147879592245	0.191807352207114
OVCA218	0.216040293359656	0.000603147879592245	0.216643441239248
OVCA22	0.216040293359656	0.000603147879592245	0.216643441239248
OVCA221	0.214602900179214	0.00204054106003355	0.216643441239248
OVCA222	0.142032393154996	0.000603967373993865	0.148071165451093
OVCA223	0.164197995780571	0.000603147879592245	0.164801143660163
OVCA224	0.130395277634009	0.000603967373993865	0.178928194581144
OVCA225	0.21458569079678	0.000603967373993865	0.216643441239248
OVCA226	0	0	0
OVCA227	0	0	0
OVCA229	0.20336364099527	0.000603967373993865	0.203967608369264
OVCA23	0.243158739859853	0.000603147879592245	0.243761887739445
OVCA230	0	0	0
OVCA231	0	0	0
OVCA234	0.214428142998069	0.000603147879592245	0.216643441239248
OVCA235	0.215637897023628	0.000603147879592245	0.216643441239248
OVCA236	0.216040293359656	0.000603147879592245	0.216643441239248
OVCA237	0.0291281090111776	0.000603147879592245	0.0297312568907699
OVCA240	0.00214543634344089	0.000603967373993865	0.00274940371743476
OVCA241	0.215876599352932	0.000603147879592245	0.216643441239248
OVCA242	0.216040293359656	0.000603147879592245	0.216643441239248
OVCA243	0.216040293359656	0.000603147879592245	0.216643441239248
OVCA244	0.216040293359656	0.000603147879592245	0.216643441239248
OVCA245R	0.202851407824593	0.000603147879592245	0.216643441239248
OVCA247	0.216040293359656	0.000603147879592245	0.216643441239248
OVCA25-02	0.016465281517347	0.000603967373993865	0.0170692488913409
OVCA250	0	0	0
OVCA252	0.215982109257141	0.000603967373993865	0.216643441239248
OVCA253	0.216040293359656	0.000603147879592245	0.216643441239248
OVCA254	0.216040293359656	0.000603147879592245	0.216643441239248
OVCA255	0.216036318811808	0.000603147879592245	0.216643441239248
OVCA256	0.216038654370852	0.000603147879592245	0.216643441239248
OVCA257	0.216039473865254	0.000603967373993865	0.216643441239248
OVCA258	0.216040293359656	0.000603147879592245	0.216643441239248
OVCA259	0.216039473865254	0.000603967373993865	0.216643441239248
OVCA26-02	0.216039473865254	0.000603967373993865	0.216643441239248
OVCA260	0.201116677490412	0.000603147879592245	0.216643441239248
OVCA261	0.216039473865254	0.000603967373993865	0.216643441239248
OVCA262	0	0	0
OVCA264	0.216039473865254	0.000603967373993865	0.216643441239248
OVCA265	0.216040293359656	0.000603147879592245	0.216643441239248
OVCA266	0	0	0
OVCA267	0.216040293359656	0.000603147879592245	0.216643441239248
OVCA268	0.216016528022009	0.000603147879592245	0.216643441239248
OVCA269R	0.216039473865254	0.000603967373993865	0.216643441239248
OVCA270R	0	0	0
OVCA272	0.173747498483095	0.000603147879592245	0.174350646362688
OVCA273	0.00457851522185037	0.000603967373993865	0.00518248259584423
OVCA274	0	0	0
OVCA275	0	0	0
OVCA276	0.216039473865254	0.000603967373993865	0.216643441239248
OVCA277	0.210836217086329	0.000603147879592245	0.216643441239248
OVCA278	0.21549814864332	0.000603147879592245	0.216643441239248
OVCA279	0.216040293359656	0.000603147879592245	0.216643441239248
OVCA28-02	0.216039473865254	0.000603967373993865	0.216643441239248
OVCA280	0	0	0
OVCA281	0.19684404674891	0.000603147879592245	0.216643441239248
OVCA282	0	0	0
OVCA285	0	0	0
OVCA286	0.215966973195543	0.000603147879592245	0.216643441239248
OVCA288	0.0260000988801945	0.000603147879592245	0.0266032467597867
OVCA289	0.216036195887648	0.000603967373993865	0.216643441239248
OVCA29	0.216040293359656	0.000603147879592245	0.216643441239248
OVCA291	0.137219248491018	0.000603967373993865	0.216643441239248
OVCA292	0.178886056179013	0.000603147879592245	0.216643441239248
OVCA293	0	0	0
OVCA294	0.215971890161953	0.000603967373993865	0.216643441239248
OVCA295	0.170578038325278	0.000603967373993865	0.216643441239248
OVCA296	0.210062729100416	0.000603147879592245	0.216643441239248
OVCA297	0.215831420626571	0.000603967373993865	0.216643441239248
OVCA298	0	0	0
OVCA299	0.215904871909788	0.000603147879592245	0.216643441239248
OVCA3	0.216039473865254	0.000603967373993865	0.216643441239248
OVCA30	0.216040293359656	0.000603147879592245	0.216643441239248
OVCA300	0.207601959506176	0.000603967373993865	0.208390870376727
OVCA301	0.216040293359656	0.000603147879592245	0.216643441239248
OVCA303	0.216039473865254	0.000603967373993865	0.216643441239248
OVCA304	0.215709791267482	0.000603967373993865	0.216643441239248
OVCA305	0.233446092211854	0.000603147879592245	0.234049240091446
OVCA306	0.215966833881495	0.000603967373993865	0.216643441239248
OVCA308	0.215971464024864	0.000603147879592245	0.216643441239248
OVCA309	0.216039473865254	0.000603967373993865	0.216643441239248
OVCA31	0.0833040644078675	0.000603147879592245	0.0839072122874597
OVCA310	0.214598802707206	0.00204463853204165	0.216643441239248
OVCA311	0.216005874594788	0.000603967373993865	0.216643441239248
OVCA312	0.216040293359656	0.000603147879592245	0.216643441239248
OVCA314	0	0	0
OVCA315	0.215424476096614	0.000603147879592245	0.216643441239248
OVCA316	0	0	0
OVCA317	0.215353557051098	0.000603147879592245	0.216643441239248
OVCA318	0.207931396255627	0.000603967373993865	0.216643441239248
OVCA319	0	0	0
OVCA32	0	0	0
OVCA321	0.204234657009919	0.000603967373993865	0.216643441239248
OVCA322	0.19381363840116	0.000603967373993865	0.216643441239248
OVCA324	0.216038654370852	0.000603147879592245	0.216643441239248
OVCA325	0.207685572519973	0.000603967373993865	0.216643441239248
OVCA326	0.216039473865254	0.000603967373993865	0.216643441239248
OVCA328	0.215799911066829	0.000603967373993865	0.216643441239248
OVCA329	0.216040293359656	0.000603147879592245	0.216643441239248
OVCA33	0.14952242447681	0.000603967373993865	0.239996310964002
OVCA330	0.216040293359656	0.000603147879592245	0.216643441239248
OVCA331	0.216040293359656	0.000603147879592245	0.216643441239248
OVCA334	0	0	0
OVCA335	0.216040293359656	0.000603147879592245	0.216643441239248
OVCA336	0.196200587939702	0.000603147879592245	0.216643441239248
OVCA337	0.216040293359656	0.000603147879592245	0.216643441239248
OVCA338	0	0	0
OVCA339	0.214586928233327	0.000603147879592245	0.216643441239248
OVCA340	0	0	0
OVCA341	0.164499233727662	0.000603967373993865	0.216643441239248
OVCA342	0.214023542222101	0.00203890207123031	0.216643441239248
OVCA343	0.204894456537496	0.000603147879592245	0.216643441239248
OVCA344	0.216039473865254	0.000603967373993865	0.216643441239248
OVCA345	0.216039473865254	0.000603967373993865	0.216643441239248
OVCA346	0.206467779254334	0.000603967373993865	0.216643441239248
OVCA347	0.243276747053686	0.000603967373993865	0.244006916565529
OVCA349	0.177506027606685	0.000603147879592245	0.216643441239248
OVCA35	0.180256349157849	0.000603967373993865	0.216643441239248
OVCA350	0.208550565250771	0.000603967373993865	0.216643441239248
OVCA351	0.215761722627713	0.000603967373993865	0.216643441239248
OVCA352	0	0	0
OVCA353	0	0	0
OVCA354	0	0	0
OVCA355	0.201732625872558	0.000603147879592245	0.216643441239248
OVCA356	0.215956360743042	0.000603147879592245	0.216643441239248
OVCA357	0	0	0
OVCA358	0.212536094323609	0.000603967373993865	0.216643441239248
OVCA359	0.216040293359656	0.000603147879592245	0.216643441239248
OVCA360	0	0	0
OVCA361	0.215708398127	0.000603147879592245	0.216643441239248
OVCA363	0.197002618915624	0.000603967373993865	0.216643441239248
OVCA364	0.216040293359656	0.000603147879592245	0.216643441239248
OVCA365	0.208324212702099	0.000603967373993865	0.216643441239248
OVCA366	0.215847318817962	0.000603967373993865	0.216643441239248
OVCA367	0.216040293359656	0.000603147879592245	0.216643441239248
OVCA368	0.215959163413895	0.000603147879592245	0.216643441239248
OVCA369	0.233445272717452	0.000603967373993865	0.234049240091446
OVCA371	0.199897835271939	0.000603967373993865	0.216643441239248
OVCA372	0.19869524362745	0.000603147879592245	0.216643441239248
OVCA373	0.205624216302138	0.000603967373993865	0.216643441239248
OVCA375	0.215486774061026	0.000603147879592245	0.216643441239248
OVCA377	0.216040293359656	0.000603147879592245	0.216643441239248
OVCA378	0.216039473865254	0.000603967373993865	0.216643441239248
OVCA379	0.037930298378977	0.000603967373993865	0.0385342657529708
OVCA38	0.216039473865254	0.000603967373993865	0.216643441239248
OVCA380	0.210784277531154	0.000603147879592245	0.216643441239248
OVCA383	0.208785989602468	0.000603147879592245	0.216643441239248
OVCA384	0.216039473865254	0.000603967373993865	0.216643441239248
OVCA385	0.216029639932435	0.000603967373993865	0.216643441239248
OVCA386	0.197184374578959	0.000603967373993865	0.216643441239248
OVCA387	0.216039473865254	0.000603967373993865	0.216643441239248
OVCA388	0.214541741312022	0.000603967373993865	0.216643441239248
OVCA389	0	0	0
OVCA390	0.209588831877847	0.000603147879592245	0.216643441239248
OVCA392	0.216025542460427	0.000603147879592245	0.216643441239248
OVCA394	0.216040293359656	0.000603147879592245	0.216643441239248
OVCA395	0.21274991680288	0.000603967373993865	0.216643441239248
OVCA396	0.216039473865254	0.000603967373993865	0.216643441239248
OVCA397	0	0	0
OVCA398	0.205560852995005	0.000603967373993865	0.216643441239248
OVCA399	0.16926656865459	0.000603967373993865	0.191764967956663
OVCA4	0.214705074741208	0.000603147879592245	0.215308222620801
OVCA400	0	0	0
OVCA401	0	0	0
OVCA402	0.216039473865254	0.000603967373993865	0.216643441239248
OVCA403	0.216039473865254	0.000603967373993865	0.216643441239248
OVCA405	0.212571603016031	0.000603147879592245	0.216643441239248
OVCA406	0.21332504616888	0.000603967373993865	0.213929013542874
OVCA407	0.180463148570098	0.000603147879592245	0.216643441239248
OVCA408	0.211237654613906	0.000603147879592245	0.216643441239248
OVCA409	0.203328369956224	0.000603967373993865	0.216643441239248
OVCA41	0.21588249151768	0.000603967373993865	0.216643441239248
OVCA410	0.216039473865254	0.000603967373993865	0.216643441239248
OVCA411	0.215984567740346	0.000603147879592245	0.216643441239248
OVCA412	0.216039473865254	0.000603967373993865	0.216643441239248
OVCA414	0.211452534240955	0.000603147879592245	0.212057321109351
OVCA415	0.112082847540467	0.000603147879592245	0.112685995420059
OVCA416	0.208408653405242	0.000603147879592245	0.216643441239248
OVCA417	0.21603726123037	0.000603967373993865	0.216643441239248
OVCA418	0.216015708527607	0.000603147879592245	0.216643441239248
OVCA419	0.216040293359656	0.000603147879592245	0.216643441239248
OVCA420	0.216040293359656	0.000603147879592245	0.216643441239248
OVCA421	0.216039473865254	0.000603967373993865	0.216643441239248
OVCA422	0.216040293359656	0.000603147879592245	0.216643441239248
OVCA423	0.216014233437684	0.000603967373993865	0.216643441239248
OVCA424	0.215882950434545	0.000603967373993865	0.216643441239248
OVCA425	0.216039473865254	0.000603967373993865	0.216643441239248
OVCA426	0.215953574462076	0.000603147879592245	0.216643441239248
OVCA427	0.21563479933479	0.000603967373993865	0.216643441239248
OVCA43	0.211849128556619	0.000603147879592245	0.216643441239248
OVCA45	0.214760243104325	0.000603147879592245	0.216643441239248
OVCA46	0.215975733590696	0.000603147879592245	0.216643441239248
OVCA47	0.216040293359656	0.000603147879592245	0.216643441239248
OVCA5	0.215924080858562	0.000603967373993865	0.216643441239248
OVCA50	0.216039473865254	0.000603967373993865	0.216643441239248
OVCA53	0.242659667769266	0.000603147879592245	0.243262815648859
OVCA54	0.216039473865254	0.000603967373993865	0.216643441239248
OVCA55	0.240157751361121	0.000603967373993865	0.240761718735115
OVCA57	0.216039473865254	0.000603967373993865	0.216643441239248
OVCA6	0.216040293359656	0.000603147879592245	0.216643441239248
OVCA62	0.216039473865254	0.000603967373993865	0.216643441239248
OVCA64	0.216040293359656	0.000603147879592245	0.216643441239248
OVCA65	0	0	0
OVCA68	0.216040293359656	0.000603147879592245	0.216643441239248
OVCA70	0.196108288285248	0.000603147879592245	0.19671143616484
OVCA72	0.213200745258043	0.00319438917751436	0.216643441239248
OVCA73	0.216039473865254	0.000603967373993865	0.216643441239248
OVCA74	0.216040293359656	0.000603147879592245	0.216643441239248
OVCA80	0.216040293359656	0.000603147879592245	0.216643441239248
OVCA81	0.213844048363314	0.002751042706238	0.216643441239248
OVCA82	0.216039473865254	0.000603967373993865	0.216643441239248
OVCA83	0.216040293359656	0.000603147879592245	0.216643441239248
OVCA85	0.173327163414616	0.000603147879592245	0.173930311294209
OVCA86	0.216039473865254	0.000603967373993865	0.216643441239248
OVCA87	0	0	0
OVCA88	0.216039473865254	0.000603967373993865	0.216643441239248
OVCA9	0.214705255029977	0.000603147879592245	0.215308402909569
OVCA90	0.216040293359656	0.000603147879592245	0.216643441239248
OVCA91	0.216040293359656	0.000603147879592245	0.216643441239248
OVCA92	0.216039473865254	0.000603967373993865	0.216643441239248
OVCA95	0.216040293359656	0.000603147879592245	0.216643441239248
OVCA96	0.182351698003463	0.000603147879592245	0.216643441239248
OVCA98	0.216040293359656	0.000603147879592245	0.216643441239248
OVCA99	0	0	0
GSM692776_JB0175	0.216378146316612	0.00026529492263641	0.216643441239248
GSM692803_JB0783	0	0	0
GSM692808_JB0788	0	0	0
GSM692810_JB0791	0.207304433868723	0.00026529492263641	0.20756972879136
