Sample	Percent	Start	End
P-0000067-T02-IM5	0	0	0
P-0000334-T01-IM3	0	0	0
P-0000366-T01-IM3	0	0	0
P-0000667-T01-IM3	0	0	0
P-0001080-T01-IM3	0	0	0
P-0001140-T01-IM3	0	0	0
P-0001272-T01-IM3	0	0	0
P-0001392-T01-IM3	0	0	0
P-0001421-T01-IM3	0	0	0
P-0001457-T01-IM3	0	0	0
P-0001616-T01-IM3	0	0	0
P-0001634-T01-IM3	0	0	0
P-0001796-T01-IM3	0	0	0
P-0001801-T01-IM3	0	0	0
P-0001965-T01-IM3	0	0	0
P-0001985-T01-IM3	0	0	0
P-0001992-T01-IM3	0	0	0
P-0002010-T02-IM5	0	0	0
P-0002205-T01-IM3	0	0	0
P-0002242-T02-IM3	0	0	0
P-0002536-T01-IM3	0	0	0
P-0002771-T01-IM3	0	0	0
P-0003050-T01-IM5	0	0	0
P-0003191-T01-IM5	0	0	0
P-0003539-T01-IM5	0	0	0
P-0003744-T01-IM5	0	0	0
P-0003763-T01-IM5	0	0	0
P-0003818-T01-IM5	0	0	0
P-0003829-T01-IM5	0	0	0
P-0004167-T01-IM5	0	0	0
P-0004360-T01-IM5	0	0	0
P-0004524-T02-IM5	0	0	0
P-0004821-T01-IM5	0	0	0
P-0004829-T01-IM5	0	0	0
P-0005224-T01-IM5	0	0	0
P-0005341-T01-IM5	0	0	0
P-0005531-T01-IM5	0	0	0
P-0005946-T01-IM5	0	0	0
P-0006340-T01-IM5	0	0	0
P-0006892-T01-IM5	0	0	0
P-0006984-T01-IM5	0	0	0
P-0007064-T01-IM5	0	0	0
P-0007535-T01-IM5	0	0	0
P-0007899-T01-IM5	0	0	0
P-0008474-T01-IM5	0	0	0
P-0009372-T01-IM5	0	0	0
P-0009601-T01-IM5	0	0	0
P-0009750-T01-IM5	0	0	0
P-0009840-T01-IM5	0	0	0
P-0009979-T02-IM6	0	0	0
P-0010011-T01-IM5	0	0	0
P-0010214-T01-IM5	0	0	0
P-0010357-T01-IM5	0	0	0
P-0010946-T01-IM5	0	0	0
P-0011086-T01-IM5	0	0	0
P-0012367-T01-IM5	0	0	0
P-0012808-T01-IM5	0	0	0
P-0013279-T01-IM5	0	0	0
P-0013695-T01-IM5	0	0	0
P-0013699-T01-IM5	0	0	0
P-0014561-T01-IM6	0	0	0
P-0014861-T01-IM6	0	0	0
P-0015095-T01-IM6	0	0	0
P-0015507-T01-IM6	0	0	0
P-0016129-T01-IM6	0	0	0
P-0016322-T01-IM6	0	0	0
P-0016488-T01-IM6	0	0	0
P-0016553-T01-IM6	0	0	0
P-0017005-T01-IM6	0	0	0
P-0017327-T01-IM6	0	0	0
P-0017563-T01-IM5	0	0	0
P-0018184-T01-IM6	0	0	0
P-0018212-T01-IM6	0	0	0
P-0018550-T01-IM6	0	0	0
P-0018755-T01-IM6	0	0	0
P-0018944-T01-IM6	0	0	0
P-0019008-T01-IM6	0	0	0
P-0019325-T01-IM6	0	0	0
P-0019814-T01-IM6	0	0	0
P-0019841-T01-IM6	0	0	0
P-0019908-T01-IM6	0	0	0
P-0019934-T01-IM6	0	0	0
P-0019953-T01-IM6	0	0	0
P-0019991-T01-IM6	0	0	0
P-0020115-T01-IM6	0	0	0
P-0020313-T01-IM6	0	0	0
P-0020315-T01-IM6	0	0	0
P-0020323-T01-IM6	0	0	0
P-0020364-T01-IM6	0	0	0
P-0020432-T01-IM6	0	0	0
P-0020434-T01-IM6	0	0	0
P-0020515-T01-IM6	0	0	0
P-0020549-T01-IM6	0	0	0
P-0020687-T01-IM6	0	0	0
P-0020767-T01-IM6	0	0	0
P-0020924-T01-IM6	0	0	0
P-0021030-T01-IM6	0	0	0
P-0021114-T01-IM6	0	0	0
P-0021409-T01-IM6	0	0	0
P-0021891-T01-IM6	0	0	0
P-0021912-T01-IM6	0	0	0
P-0021932-T02-IM6	0	0	0
P-0022016-T01-IM6	0	0	0
P-0022046-T01-IM6	0	0	0
P-0022059-T01-IM6	0	0	0
P-0022131-T01-IM6	0	0	0
P-0022507-T01-IM6	0	0	0
P-0022610-T01-IM6	0	0	0
P-0023037-T01-IM6	0	0	0
P-0023069-T01-IM6	0	0	0
P-0023091-T01-IM6	0	0	0
P-0023506-T01-IM6	0	0	0
P-0023547-T01-IM6	0	0	0
P-0023560-T01-IM6	0	0	0
P-0023632-T01-IM6	0	0	0
P-0023747-T01-IM6	0	0	0
P-0023834-T01-IM6	0	0	0
P-0023920-T01-IM6	0	0	0
P-0023989-T01-IM6	0	0	0
P-0024118-T01-IM6	0	0	0
P-0024149-T01-IM6	0	0	0
P-0024181-T01-IM6	0	0	0
P-0024318-T01-IM6	0	0	0
P-0024405-T01-IM6	0	0	0
P-0024444-T01-IM6	0	0	0
P-0024726-T01-IM6	0	0	0
P-0024740-T01-IM6	0	0	0
P-0024935-T01-IM6	0	0	0
P-0024971-T01-IM6	0	0	0
P-0025026-T01-IM6	0	0	0
P-0025136-T01-IM6	0	0	0
P-0025144-T01-IM6	0	0	0
P-0025279-T01-IM6	0	0	0
P-0025545-T01-IM6	0	0	0
P-0025645-T01-IM6	0	0	0
P-0025761-T01-IM6	0	0	0
P-0025802-T02-IM6	0	0	0
P-0025811-T01-IM6	0	0	0
P-0025859-T01-IM6	0	0	0
P-0025946-T01-IM6	0	0	0
P-0025949-T01-IM6	0	0	0
P-0025993-T01-IM6	0	0	0
P-0026328-T01-IM6	0	0	0
P-0026493-T01-IM6	0	0	0
P-0026504-T01-IM6	0	0	0
P-0026506-T01-IM6	0	0	0
P-0026510-T01-IM6	0	0	0
P-0027019-T01-IM6	0	0	0
P-0027075-T01-IM6	0	0	0
P-0027262-T01-IM6	0	0	0
P-0027870-T01-IM6	0	0	0
P-0027958-T01-IM6	0	0	0
P-0028250-T01-IM6	0	0	0
P-0028308-T01-IM6	0	0	0
P-0028326-T01-IM6	0	0	0
P-0028329-T01-IM6	0	0	0
P-0028330-T01-IM6	0	0	0
P-0028695-T01-IM6	0	0	0
P-0028702-T01-IM6	0	0	0
P-0028778-T01-IM6	0	0	0
P-0029084-T01-IM6	0	0	0
P-0029129-T01-IM6	0	0	0
P-0029223-T01-IM6	0	0	0
P-0029267-T03-IM6	0	0	0
P-0029354-T01-IM6	0	0	0
P-0029461-T01-IM6	0	0	0
P-0029463-T01-IM6	0	0	0
P-0029474-T01-IM6	0	0	0
P-0029537-T01-IM6	0	0	0
P-0029548-T01-IM6	0	0	0
P-0029643-T01-IM6	0	0	0
P-0029723-T01-IM6	0	0	0
P-0029946-T01-IM6	0	0	0
P-0030010-T01-IM6	0	0	0
P-0030026-T01-IM6	0	0	0
P-0030505-T01-IM6	0	0	0
P-0030569-T01-IM6	0	0	0
P-0030836-T01-IM6	0	0	0
P-0030874-T01-IM6	0	0	0
P-0031150-T01-IM6	0	0	0
P-0031382-T01-IM6	0	0	0
P-0031402-T01-IM6	0	0	0
P-0031648-T01-IM6	0	0	0
P-0031751-T01-IM6	0	0	0
P-0032339-T01-IM6	0	0	0
P-0032375-T01-IM6	0	0	0
P-0032525-T01-IM6	0	0	0
P-0032819-T01-IM6	0	0	0
P-0033218-T02-IM6	0	0	0
P-0033335-T01-IM6	0	0	0
P-0033523-T01-IM6	0	0	0
P-0033718-T01-IM6	0	0	0
P-0033783-T01-IM6	0	0	0
P-0034011-T01-IM6	0	0	0
P-0034038-T01-IM6	0	0	0
P-0034304-T01-IM6	0	0	0
P-0034383-T01-IM6	0	0	0
P-0034415-T01-IM6	0	0	0
P-0034561-T01-IM6	0	0	0
P-0034814-T01-IM6	0	0	0
P-0034872-T01-IM6	0	0	0
P-0034885-T01-IM6	0	0	0
P-0034907-T01-IM6	0	0	0
P-0035118-T01-IM6	0	0	0
P-0035125-T01-IM6	0	0	0
P-0035382-T01-IM6	0	0	0
P-0035753-T01-IM6	0	0	0
P-0035898-T01-IM6	0	0	0
P-0036015-T01-IM6	0	0	0
P-0036061-T01-IM6	0	0	0
P-0036063-T01-IM6	0	0	0
P-0036236-T01-IM6	0	0	0
P-0036321-T01-IM6	0	0	0
P-0036409-T01-IM6	0	0	0
P-0036457-T01-IM6	0	0	0
P-0036515-T01-IM6	0	0	0
P-0036582-T01-IM6	0	0	0
P-0036627-T01-IM6	0	0	0
P-0036705-T01-IM6	0	0	0
P-0036717-T01-IM6	0	0	0
P-0036727-T01-IM6	0	0	0
P-0036750-T01-IM6	0	0	0
P-0036784-T01-IM6	0	0	0
P-0036814-T01-IM6	0	0	0
P-0036869-T01-IM6	0	0	0
P-0037070-T01-IM6	0	0	0
P-0037072-T01-IM6	0	0	0
P-0037087-T01-IM6	0	0	0
P-0037096-T01-IM6	0	0	0
P-0037100-T01-IM6	0	0	0
P-0037178-T01-IM6	0	0	0
P-0037342-T01-IM6	0	0	0
P-0037375-T01-IM6	0	0	0
P-0037460-T01-IM6	0	0	0
P-0037462-T01-IM6	0	0	0
P-0037794-T01-IM6	0	0	0
P-0037819-T01-IM6	0	0	0
P-0037899-T01-IM6	0	0	0
P-0037905-T01-IM6	0	0	0
P-0037909-T01-IM6	0	0	0
P-0037988-T01-IM6	0	0	0
P-0038047-T01-IM6	0	0	0
P-0038069-T01-IM6	0	0	0
P-0038096-T01-IM6	0	0	0
P-0038097-T01-IM6	0	0	0
P-0038154-T01-IM6	0	0	0
P-0038238-T01-IM6	0	0	0
P-0038295-T01-IM6	0	0	0
P-0038306-T01-IM6	0	0	0
P-0038323-T01-IM6	0	0	0
P-0038387-T01-IM6	0	0	0
P-0038419-T01-IM6	0	0	0
P-0038427-T01-IM6	0	0	0
P-0038481-T01-IM6	0	0	0
P-0038554-T01-IM6	0	0	0
P-0038663-T01-IM6	0	0	0
P-0038745-T01-IM6	0	0	0
P-0038779-T01-IM6	0	0	0
P-0038960-T01-IM6	0	0	0
P-0039045-T01-IM6	0	0	0
P-0039094-T01-IM6	0	0	0
P-0039120-T01-IM6	0	0	0
P-0039180-T01-IM6	0	0	0
P-0039227-T01-IM6	0	0	0
P-0039241-T01-IM6	0	0	0
P-0039242-T01-IM6	0	0	0
P-0039245-T01-IM6	0	0	0
P-0039289-T01-IM6	0	0	0
P-0039297-T01-IM6	0	0	0
P-0039511-T02-IM6	0	0	0
P-0039563-T01-IM6	0	0	0
P-0039605-T01-IM6	0	0	0
P-0039685-T01-IM6	0	0	0
P-0039774-T01-IM6	0	0	0
P-0039782-T01-IM6	0	0	0
P-0039797-T01-IM6	0	0	0
P-0039798-T01-IM6	0	0	0
P-0039804-T01-IM6	0	0	0
P-0039871-T01-IM6	0	0	0
P-0040007-T01-IM6	0	0	0
P-0040119-T01-IM6	0	0	0
P-0040143-T01-IM6	0	0	0
P-0040154-T01-IM6	0	0	0
P-0040177-T01-IM6	0	0	0
P-0040343-T01-IM6	0	0	0
P-0040365-T01-IM6	0	0	0
P-0040386-T01-IM6	0	0	0
P-0040504-T01-IM6	0	0	0
P-0040555-T02-IM6	0	0	0
P-0040593-T01-IM6	0	0	0
P-0040605-T01-IM6	0	0	0
P-0040803-T01-IM6	0	0	0
P-0041225-T01-IM6	0	0	0
P-0041235-T01-IM6	0	0	0
P-0041269-T01-IM6	0	0	0
P-0041279-T01-IM6	0	0	0
P-0041289-T01-IM6	0	0	0
P-0041614-T01-IM6	0	0	0
P-0041618-T01-IM6	0	0	0
P-0041721-T01-IM6	0	0	0
P-0041886-T01-IM6	0	0	0
P-0041952-T01-IM6	0	0	0
P-0041962-T02-IM6	0	0	0
P-0042152-T01-IM6	0	0	0
P-0042500-T01-IM6	0	0	0
P-0042511-T01-IM6	0	0	0
P-0042548-T01-IM6	0	0	0
P-0042638-T01-IM6	0	0	0
P-0042757-T01-IM6	0	0	0
P-0042764-T02-IM6	0	0	0
P-0042788-T01-IM6	0	0	0
P-0042805-T01-IM6	0	0	0
P-0042866-T01-IM6	0	0	0
P-0042974-T01-IM6	0	0	0
P-0043081-T01-IM6	0	0	0
P-0043587-T01-IM6	0	0	0
P-0043617-T01-IM6	0	0	0
P-0043833-T01-IM6	0	0	0
P-0043914-T01-IM6	0	0	0
P-0043933-T01-IM6	0	0	0
P-0044185-T01-IM6	0	0	0
P-0044345-T01-IM6	0	0	0
P-0044402-T01-IM6	0	0	0
P-0044451-T01-IM6	0	0	0
P-0044555-T01-IM6	0	0	0
P-0044700-T01-IM6	0	0	0
P-0044704-T01-IM6	0	0	0
P-0044770-T01-IM6	0	0	0
P-0045312-T01-IM6	0	0	0
P-0045534-T01-IM6	0	0	0
P-0045623-T01-IM6	0	0	0
P-0045643-T01-IM6	0	0	0
P-0045890-T01-IM6	0	0	0
P-0045944-T01-IM6	0	0	0
P-0046098-T01-IM6	0	0	0
P-0046282-T01-IM6	0	0	0
P-0046478-T01-IM6	0	0	0
P-0046480-T01-IM6	0	0	0
P-0046496-T01-IM6	0	0	0
P-0046802-T01-IM6	0	0	0
P-0046884-T01-IM6	0	0	0
P-0047214-T01-IM6	0	0	0
P-0047466-T01-IM6	0	0	0
P-0047577-T01-IM6	0	0	0
P-0047883-T01-IM6	0	0	0
P-0048171-T01-IM6	0	0	0
P-0048239-T01-IM6	0	0	0
P-0048254-T01-IM6	0	0	0
P-0048524-T01-IM6	0	0	0
P-0048525-T01-IM6	0	0	0
P-0048559-T01-IM6	0	0	0
P-0048588-T01-IM6	0	0	0
P-0048593-T01-IM6	0	0	0
P-0048755-T01-IM6	0	0	0
P-0048923-T01-IM6	0	0	0
P-0049040-T01-IM6	0	0	0
P-0049127-T01-IM6	0	0	0
P-0049444-T01-IM6	0	0	0
P-0049483-T01-IM6	0	0	0
P-0049519-T01-IM6	0	0	0
P-0049532-T01-IM6	0	0	0
P-0049560-T01-IM6	0	0	0
P-0049687-T01-IM6	0	0	0
P-0049782-T01-IM6	0	0	0
P-0049921-T01-IM6	0	0	0
P-0050400-T01-IM6	0	0	0
P-0050452-T01-IM6	0	0	0
P-0050454-T01-IM6	0	0	0
P-0000376-T02-IM3	0	0	0
P-0001265-T01-IM3	0	0	0
P-0002010-T01-IM3	0	0	0
P-0002110-T01-IM3	0	0	0
P-0002242-T01-IM3	0	0	0
P-0002257-T01-IM3	0	0	0
P-0002373-T01-IM3	0	0	0
P-0002573-T01-IM3	0	0	0
P-0002660-T01-IM3	0	0	0
P-0003050-T01-IM3	0	0	0
P-0003708-T01-IM5	0	0	0
P-0004524-T01-IM5	0	0	0
P-0004722-T01-IM5	0	0	0
P-0005339-T01-IM5	0	0	0
P-0005599-T01-IM5	0	0	0
P-0006444-T01-IM5	0	0	0
P-0006537-T01-IM5	0	0	0
P-0007150-T01-IM5	0	0	0
P-0007221-T01-IM5	0	0	0
P-0007370-T01-IM5	0	0	0
P-0008787-T01-IM5	0	0	0
P-0008873-T01-IM5	0	0	0
P-0009061-T01-IM5	0	0	0
P-0010524-T01-IM5	0	0	0
P-0012338-T01-IM5	0	0	0
TCGA-72-4238-01	0	0	0
TCGA-72-4237-01	0	0	0
TCGA-72-4236-01	0	0	0
TCGA-72-4241-01	0	0	0
TCGA-72-4240-01	0	0	0
TCGA-72-4231-01	0	0	0
TCGA-04-1519-01	0	0	0
TCGA-09-1667-01	0	0	0
TCGA-09-1665-01	0	0	0
TCGA-24-1557-01	0	0	0
TCGA-36-1577-01	0	0	0
TCGA-36-1580-01	0	0	0
TCGA-57-1585-01	0	0	0
TCGA-24-1567-01	0	0	0
TCGA-36-1575-01	0	0	0
TCGA-24-1558-01	0	0	0
TCGA-04-1525-01	0	0	0
TCGA-04-1536-01	0	0	0
TCGA-24-1560-01	0	0	0
TCGA-09-1662-01	0	0	0
TCGA-24-1544-01	0	0	0
TCGA-09-1666-01	0	0	0
TCGA-36-1574-01	0	0	0
TCGA-36-1581-01	0	0	0
TCGA-57-1582-01	0	0	0
TCGA-57-1583-01	0	0	0
TCGA-25-1630-01	0	0	0
TCGA-36-1571-01	0	0	0
TCGA-24-1546-01	0	0	0
TCGA-09-1659-01	0	0	0
TCGA-25-1633-01	0	0	0
TCGA-25-1627-01	0	0	0
TCGA-36-1570-01	0	0	0
TCGA-04-1517-01	0	0	0
TCGA-09-1661-01	0	0	0
TCGA-36-1578-01	0	0	0
TCGA-36-1568-01	0	0	0
TCGA-25-1631-01	0	0	0
TCGA-24-1556-01	0	0	0
TCGA-25-1634-01	0	0	0
TCGA-25-1625-01	0	0	0
TCGA-61-1730-01	0	0	0
TCGA-61-1740-01	0	0	0
TCGA-61-1738-01	0	0	0
TCGA-29-1775-01	0	0	0
TCGA-61-1907-01	0	0	0
TCGA-04-1638-01	0	0	0
TCGA-24-1846-01	0	0	0
TCGA-23-1029-01	0	0	0
TCGA-04-1651-01	0	0	0
TCGA-29-1778-01	0	0	0
TCGA-24-1842-01	0	0	0
TCGA-61-1733-01	0	0	0
TCGA-29-1774-01	0	0	0
TCGA-24-1843-01	0	0	0
TCGA-61-1722-01	0	0	0
TCGA-30-1855-01	0	0	0
TCGA-04-1649-01	0	0	0
TCGA-61-1900-01	0	0	0
TCGA-61-1906-01	0	0	0
TCGA-61-1895-01	0	0	0
TCGA-61-1904-01	0	0	0
TCGA-61-1899-01	0	0	0
TCGA-61-1915-01	0	0	0
TCGA-24-1845-01	0	0	0
TCGA-61-1727-01	0	0	0
TCGA-04-1646-01	0	0	0
TCGA-30-1856-01	0	0	0
TCGA-61-1725-01	0	0	0
TCGA-61-1903-01	0	0	0
TCGA-61-1901-01	0	0	0
TCGA-61-1913-01	0	0	0
TCGA-29-1777-01	0	0	0
TCGA-23-1111-01	0	0	0
TCGA-29-1769-01	0	0	0
TCGA-61-1914-01	0	0	0
TCGA-61-1911-01	0	0	0
TCGA-30-1857-01	0	0	0
TCGA-24-1850-01	0	0	0
TCGA-61-1910-01	0	0	0
TCGA-13-1494-01	0	0	0
TCGA-13-1482-01	0	0	0
TCGA-13-1511-01	0	0	0
TCGA-24-1426-01	0	0	0
TCGA-13-1507-01	0	0	0
TCGA-24-1435-01	0	0	0
TCGA-24-1422-01	0	0	0
TCGA-13-1512-01	0	0	0
TCGA-24-1467-01	0	0	0
TCGA-24-1430-01	0	0	0
TCGA-13-1489-02	0	0	0
TCGA-13-1501-01	0	0	0
TCGA-13-1510-01	0	0	0
TCGA-24-1417-01	0	0	0
TCGA-13-1487-01	0	0	0
TCGA-24-1416-01	0	0	0
TCGA-13-1509-01	0	0	0
TCGA-24-1434-01	0	0	0
TCGA-13-1491-01	0	0	0
TCGA-24-1428-01	0	0	0
TCGA-13-1505-01	0	0	0
TCGA-13-1483-01	0	0	0
TCGA-13-1495-01	0	0	0
TCGA-13-1497-01	0	0	0
TCGA-13-1496-01	0	0	0
TCGA-13-1488-01	0	0	0
TCGA-24-1423-01	0	0	0
TCGA-24-1431-01	0	0	0
TCGA-24-1466-01	0	0	0
TCGA-13-1506-01	0	0	0
TCGA-24-1424-01	0	0	0
TCGA-13-1489-01	0	0	0
TCGA-13-0723-01	0	0	0
TCGA-13-0800-01	0	0	0
TCGA-13-0802-01	0	0	0
TCGA-13-0727-01	0	0	0
TCGA-13-0755-01	0	0	0
TCGA-13-0761-01	0	0	0
TCGA-13-0791-01	0	0	0
TCGA-13-0792-01	0	0	0
TCGA-09-0364-01	0	0	0
TCGA-09-0365-01	0	0	0
TCGA-13-0793-01	0	0	0
TCGA-09-0367-01	0	0	0
TCGA-13-0751-01	0	0	0
TCGA-13-0797-01	0	0	0
TCGA-13-0764-01	0	0	0
TCGA-13-0720-01	0	0	0
TCGA-13-0724-01	0	0	0
TCGA-13-0801-01	0	0	0
TCGA-13-0760-01	0	0	0
TCGA-13-0762-01	0	0	0
TCGA-13-0791-02	0	0	0
TCGA-09-0369-01	0	0	0
TCGA-13-0758-01	0	0	0
TCGA-13-0803-01	0	0	0
TCGA-13-0757-01	0	0	0
TCGA-13-0794-01	0	0	0
TCGA-13-0730-01	0	0	0
TCGA-13-0726-01	0	0	0
TCGA-13-0766-01	0	0	0
TCGA-13-1407-01	0	0	0
TCGA-04-1350-01	0	0	0
TCGA-13-1403-01	0	0	0
TCGA-04-1356-01	0	0	0
TCGA-25-1320-01	0	0	0
TCGA-25-1312-01	0	0	0
TCGA-13-0900-01	0	0	0
TCGA-13-0905-01	0	0	0
TCGA-25-1317-01	0	0	0
TCGA-25-1315-01	0	0	0
TCGA-04-1357-01	0	0	0
TCGA-04-1362-01	0	0	0
TCGA-25-1318-01	0	0	0
TCGA-25-1321-01	0	0	0
TCGA-13-1405-01	0	0	0
TCGA-25-1319-01	0	0	0
TCGA-04-1348-01	0	0	0
TCGA-25-1329-01	0	0	0
TCGA-13-1408-01	0	0	0
TCGA-13-1412-01	0	0	0
TCGA-13-0901-01	0	0	0
TCGA-04-1349-01	0	0	0
TCGA-13-1409-01	0	0	0
TCGA-25-1323-01	0	0	0
TCGA-25-1322-01	0	0	0
TCGA-04-1364-01	0	0	0
TCGA-13-1410-01	0	0	0
TCGA-13-0893-01	0	0	0
TCGA-25-1313-01	0	0	0
TCGA-13-1404-01	0	0	0
TCGA-04-1361-01	0	0	0
TCGA-04-1371-01	0	0	0
TCGA-25-1314-01	0	0	0
TCGA-24-2267-01	0	0	0
TCGA-24-2295-01	0	0	0
TCGA-09-2050-01	0	0	0
TCGA-09-2044-01	0	0	0
TCGA-24-2297-01	0	0	0
TCGA-59-2352-01	0	0	0
TCGA-25-2392-01	0	0	0
TCGA-09-2045-01	0	0	0
TCGA-24-2280-01	0	0	0
TCGA-09-2043-01	0	0	0
TCGA-25-2397-01	0	0	0
TCGA-25-2391-01	0	0	0
TCGA-25-2409-01	0	0	0
TCGA-29-2427-01	0	0	0
TCGA-29-2414-01	0	0	0
TCGA-24-2271-01	0	0	0
TCGA-25-2042-01	0	0	0
TCGA-09-2051-01	0	0	0
TCGA-25-2399-01	0	0	0
TCGA-24-2298-01	0	0	0
TCGA-25-2404-01	0	0	0
TCGA-24-2289-01	0	0	0
TCGA-13-2060-01	0	0	0
TCGA-59-2355-01	0	0	0
TCGA-59-2363-01	0	0	0
TCGA-24-2288-01	0	0	0
TCGA-25-2398-01	0	0	0
TCGA-09-2049-01	0	0	0
TCGA-59-2348-01	0	0	0
TCGA-24-2262-01	0	0	0
TCGA-09-2048-01	0	0	0
TCGA-29-2425-01	0	0	0
TCGA-25-2401-01	0	0	0
TCGA-25-2400-01	0	0	0
TCGA-25-2393-01	0	0	0
TCGA-29-1707-02	0	0	0
TCGA-13-1819-01	0	0	0
TCGA-13-1817-02	0	0	0
TCGA-61-1916-02	0	0	0
TCGA-61-2095-02	0	0	0
TCGA-29-1710-02	0	0	0
TCGA-13-1817-01	0	0	0
TCGA-29-1692-01	0	0	0
TCGA-29-1704-01	0	0	0
TCGA-13-1819-02	0	0	0
TCGA-29-1704-02	0	0	0
TCGA-29-1692-02	0	0	0
TCGA-13-0913-02	0	0	0
TCGA-24-1852-01	0	0	0
TCGA-29-1705-02	0	0	0
TCGA-29-2414-02	0	0	0
TCGA-23-2643-01	0	0	0
TCGA-36-2543-01	0	0	0
TCGA-04-1353-01	0	0	0
TCGA-36-2538-01	0	0	0
TCGA-36-2534-01	0	0	0
TCGA-13-2059-01	0	0	0
TCGA-36-2542-01	0	0	0
TCGA-36-2529-01	0	0	0
TCGA-23-2641-01	0	0	0
TCGA-13-2057-01	0	0	0
TCGA-13-2071-01	0	0	0
TCGA-04-1369-01	0	0	0
TCGA-36-2547-01	0	0	0
TCGA-36-2530-01	0	0	0
TCGA-13-2065-01	0	0	0
TCGA-04-1644-01	0	0	0
TCGA-29-2429-01	0	0	0
TCGA-36-2552-01	0	0	0
TCGA-29-2431-01	0	0	0
TCGA-36-2537-01	0	0	0
TCGA-04-1516-01	0	0	0
TCGA-61-2613-01	0	0	0
TCGA-13-2066-01	0	0	0
TCGA-23-2647-01	0	0	0
TCGA-36-2549-01	0	0	0
TCGA-36-2544-01	0	0	0
TCGA-36-2548-01	0	0	0
TCGA-13-2061-01	0	0	0
TCGA-36-2532-01	0	0	0
TCGA-42-2590-01	0	0	0
TCGA-29-2434-01	0	0	0
TCGA-42-2589-01	0	0	0
TCGA-36-2539-01	0	0	0
TCGA-23-2649-01	0	0	0
TCGA-42-2582-01	0	0	0
TCGA-42-2588-01	0	0	0
TCGA-42-2591-01	0	0	0
TCGA-42-2587-01	0	0	0
TCGA-61-2614-01	0	0	0
TCGA-42-2593-01	0	0	0
TCGA-23-2645-01	0	0	0
TCGA-61-2610-02	0	0	0
TCGA-29-2432-01	0	0	0
TCGA-36-2533-01	0	0	0
TCGA-59-2372-01	0	0	0
TCGA-36-2545-01	0	0	0
TCGA-3P-A9WA-01	0	0	0
TCGA-13-A5FT-01	0	0	0
TCGA-WR-A838-01	0	0	0
TCGA-OY-A56Q-01	0	0	0
TCGA-OY-A56P-01	0	0	0
TCGA-5X-AA5U-01	0	0	0
TCGA-13-A5FU-01	0	0	0
TCGA-VG-A8LO-01	0	0	0
TCGA-59-A5PD-01	0	0	0
TCGA-13-0897-01	0	0	0
TCGA-10-0937-01	0	0	0
TCGA-13-0891-01	0	0	0
TCGA-13-0886-01	0	0	0
TCGA-10-0935-01	0	0	0
TCGA-10-0928-01	0	0	0
TCGA-24-0966-01	0	0	0
TCGA-13-0888-01	0	0	0
TCGA-13-0904-01	0	0	0
TCGA-13-0916-01	0	0	0
TCGA-13-0923-01	0	0	0
TCGA-10-0933-01	0	0	0
TCGA-13-0921-01	0	0	0
TCGA-13-0887-01	0	0	0
TCGA-10-0938-01	0	0	0
TCGA-10-0927-01	0	0	0
TCGA-13-0899-01	0	0	0
TCGA-13-0906-01	0	0	0
TCGA-13-0889-01	0	0	0
TCGA-13-0885-01	0	0	0
TCGA-13-0890-01	0	0	0
TCGA-10-0930-01	0	0	0
TCGA-13-0920-01	0	0	0
TCGA-13-0912-01	0	0	0
TCGA-13-0913-01	0	0	0
TCGA-10-0934-01	0	0	0
TCGA-10-0931-01	0	0	0
TCGA-13-0911-01	0	0	0
TCGA-30-1860-01	0	0	0
TCGA-31-1956-01	0	0	0
TCGA-31-1944-01	0	0	0
TCGA-30-1862-01	0	0	0
TCGA-24-1920-01	0	0	0
TCGA-30-1859-01	0	0	0
TCGA-04-1654-01	0	0	0
TCGA-24-1924-01	0	0	0
TCGA-25-1871-01	0	0	0
TCGA-31-1950-01	0	0	0
TCGA-25-1878-01	0	0	0
TCGA-31-1959-01	0	0	0
TCGA-24-2020-01	0	0	0
TCGA-30-1891-01	0	0	0
TCGA-30-1861-01	0	0	0
TCGA-31-1946-01	0	0	0
TCGA-30-1867-01	0	0	0
TCGA-25-1877-01	0	0	0
TCGA-24-2023-01	0	0	0
TCGA-61-1743-01	0	0	0
TCGA-30-1887-01	0	0	0
TCGA-25-1870-01	0	0	0
TCGA-61-1917-01	0	0	0
TCGA-61-1918-01	0	0	0
TCGA-30-1853-01	0	0	0
TCGA-61-1724-01	0	0	0
TCGA-24-2026-01	0	0	0
TCGA-31-1953-01	0	0	0
TCGA-10-0925-01	0	0	0
TCGA-57-1992-01	0	0	0
TCGA-30-1866-01	0	0	0
TCGA-31-1951-01	0	0	0
TCGA-24-1927-01	0	0	0
TCGA-61-1919-01	0	0	0
TCGA-24-2027-01	0	0	0
TCGA-24-2029-01	0	0	0
TCGA-31-1955-01	0	0	0
TCGA-29-1784-01	0	0	0
TCGA-20-1685-01	0	0	0
TCGA-30-1714-01	0	0	0
TCGA-09-1673-01	0	0	0
TCGA-20-1686-01	0	0	0
TCGA-20-1684-01	0	0	0
TCGA-24-1847-01	0	0	0
TCGA-29-1711-01	0	0	0
TCGA-29-1697-01	0	0	0
TCGA-29-1701-01	0	0	0
TCGA-20-1682-01	0	0	0
TCGA-29-1699-01	0	0	0
TCGA-29-1695-01	0	0	0
TCGA-29-1764-01	0	0	0
TCGA-20-1683-01	0	0	0
TCGA-29-1763-01	0	0	0
TCGA-29-1702-01	0	0	0
TCGA-09-1675-01	0	0	0
TCGA-29-1766-01	0	0	0
TCGA-57-1586-01	0	0	0
TCGA-29-1703-01	0	0	0
TCGA-29-1698-01	0	0	0
TCGA-20-1687-01	0	0	0
TCGA-29-1691-01	0	0	0
TCGA-29-1707-01	0	0	0
TCGA-29-1761-01	0	0	0
TCGA-29-1705-01	0	0	0
TCGA-09-1674-01	0	0	0
TCGA-29-1781-01	0	0	0
TCGA-29-1783-01	0	0	0
TCGA-04-1655-01	0	0	0
TCGA-29-1762-01	0	0	0
TCGA-23-1809-01	0	0	0
TCGA-29-1785-01	0	0	0
TCGA-29-1696-01	0	0	0
TCGA-29-1694-01	0	0	0
TCGA-23-1114-01	0	0	0
TCGA-29-1693-01	0	0	0
TCGA-24-1425-01	0	0	0
TCGA-24-1604-01	0	0	0
TCGA-24-1471-01	0	0	0
TCGA-24-1562-01	0	0	0
TCGA-24-1552-01	0	0	0
TCGA-24-1563-01	0	0	0
TCGA-24-1551-01	0	0	0
TCGA-24-1614-01	0	0	0
TCGA-24-1550-01	0	0	0
TCGA-24-1470-01	0	0	0
TCGA-24-1616-01	0	0	0
TCGA-24-1553-01	0	0	0
TCGA-24-1469-01	0	0	0
TCGA-24-0968-01	0	0	0
TCGA-24-0982-01	0	0	0
TCGA-23-1120-01	0	0	0
TCGA-20-0987-01	0	0	0
TCGA-23-1027-01	0	0	0
TCGA-23-1028-01	0	0	0
TCGA-23-1021-01	0	0	0
TCGA-23-1116-01	0	0	0
TCGA-24-0979-01	0	0	0
TCGA-23-1032-01	0	0	0
TCGA-04-1342-01	0	0	0
TCGA-04-1336-01	0	0	0
TCGA-24-0970-01	0	0	0
TCGA-04-1335-01	0	0	0
TCGA-24-0981-01	0	0	0
TCGA-24-1104-01	0	0	0
TCGA-23-1119-01	0	0	0
TCGA-23-1122-01	0	0	0
TCGA-20-0990-01	0	0	0
TCGA-04-1347-01	0	0	0
TCGA-23-1124-01	0	0	0
TCGA-23-1121-01	0	0	0
TCGA-23-1026-01	0	0	0
TCGA-23-1110-01	0	0	0
TCGA-24-1103-01	0	0	0
TCGA-23-1030-01	0	0	0
TCGA-04-1341-01	0	0	0
TCGA-04-1338-01	0	0	0
TCGA-23-1109-01	0	0	0
TCGA-23-1123-01	0	0	0
TCGA-23-1024-01	0	0	0
TCGA-04-1343-01	0	0	0
TCGA-23-1118-01	0	0	0
TCGA-23-1113-01	0	0	0
TCGA-23-1117-01	0	0	0
TCGA-61-2098-01	0	0	0
TCGA-09-2053-01	0	0	0
TCGA-61-2101-01	0	0	0
TCGA-24-2019-01	0	0	0
TCGA-61-2109-01	0	0	0
TCGA-23-2078-01	0	0	0
TCGA-23-2081-01	0	0	0
TCGA-61-2102-01	0	0	0
TCGA-61-2012-01	0	0	0
TCGA-61-2092-01	0	0	0
TCGA-24-2024-01	0	0	0
TCGA-61-2088-01	0	0	0
TCGA-61-1734-01	0	0	0
TCGA-23-2072-01	0	0	0
TCGA-61-2096-01	0	0	0
TCGA-09-2054-01	0	0	0
TCGA-61-2018-01	0	0	0
TCGA-23-2079-01	0	0	0
TCGA-61-2111-01	0	0	0
TCGA-61-2008-02	0	0	0
TCGA-61-2009-01	0	0	0
TCGA-61-1998-01	0	0	0
TCGA-23-2084-01	0	0	0
TCGA-61-2113-01	0	0	0
TCGA-61-2000-01	0	0	0
TCGA-61-2094-01	0	0	0
TCGA-24-2036-01	0	0	0
TCGA-24-2261-01	0	0	0
TCGA-24-2033-01	0	0	0
TCGA-61-1736-01	0	0	0
TCGA-61-2097-01	0	0	0
TCGA-61-2016-01	0	0	0
TCGA-09-2056-01	0	0	0
TCGA-24-2030-01	0	0	0
TCGA-61-2002-01	0	0	0
X1032	0.753655770671834	0.000118007193833265	0.755476687232234
X106	0	0	0
X1098	0.755355402060794	0.000118007193833265	0.755476687232234
X1172	0	0	0
X1177	0.753317319483965	0.000117187699431645	0.755476687232234
X1192	0.754969420197631	0.000340909671073878	0.755476687232234
X1196	0	0	0
X119	0.73554248591283	0.000117187699431645	0.755476687232234
X1230	0.755349665599983	0.000118007193833265	0.755476687232234
X1237	0.750323706434848	0.000117187699431645	0.755476687232234
X1265	0	0	0
X1269	0.735057345227071	0.000117187699431645	0.755476687232234
X1283	0	0	0
X128	0.755221004978928	0.000117187699431645	0.755476687232234
X1326	0	0	0
X1341	0	0	0
X1364	0.746593367918674	0.000118007193833265	0.755476687232234
X137	0.755358680038401	0.000118007193833265	0.755476687232234
X1410	0.744332382864605	0.000117187699431645	0.755476687232234
X1419	0.31742214202905	0.000116368205030025	0.317947437940488
X1471	0	0	0
X1530	0.703256864972211	0.000116368205030025	0.755476687232234
X1548	0	0	0
X1552	0.754655553841811	0.000118007193833265	0.755476687232234
X1568	0	0	0
X1580	0.732203046226229	0.000117187699431645	0.755476687232234
X1582	0.392632879726519	0.000117187699431645	0.477374337314828
X1593	0.754907138623108	0.000118007193833265	0.755476687232234
X1605	0.752605178848958	0.000117187699431645	0.755476687232234
X1652	0.462205864713324	0.000116368205030025	0.755476687232234
X1689	0	0	0
X1751	0	0	0
X1851	0.748324959589297	0.000117187699431645	0.755476687232234
X1922	0.755359499532802	0.000117187699431645	0.755476687232234
X1979	0.0605294954924489	0.000117187699431645	0.0606466831918805
X2090	0.74885763095035	0.000117187699431645	0.755476687232234
X2120	0.755323441779131	0.000117187699431645	0.755476687232234
X2152	0.617254205499809	0.000117187699431645	0.755476687232234
X2176	0.409168637762405	0.000118007193833265	0.409286644956239
X2212	0	0	0
X2354	0.389313476678038	0.000117187699431645	0.755476687232234
X2357	0.73930642369947	0.000116368205030025	0.755476687232234
X2362	0.751810269279386	0.000117187699431645	0.755476687232234
X2374	0.754480182039864	0.000117187699431645	0.755476687232234
X23	0.755193142169273	0.000117187699431645	0.755476687232234
X2401	0.699446216004678	0.000117187699431645	0.755476687232234
X2412	0.755348846105581	0.000117187699431645	0.755476687232234
X2415	0.752769077729282	0.000117187699431645	0.755476687232234
X2429	0.751473907802241	0.000117187699431645	0.753457084254162
X2443	0.749836107265884	0.000116368205030025	0.755476687232234
X2503	0.75517101582043	0.000117187699431645	0.755476687232234
X2529	0.755225102450936	0.000116368205030025	0.755476687232234
X2554	0.755311968857508	0.000116368205030025	0.755476687232234
X2556	0.755357860543999	0.000116368205030025	0.755476687232234
X2577	0.23780498293407	0.000117187699431645	0.237928726588715
X2587	0.755064481548219	0.000116368205030025	0.755476687232234
X2593	0.0714402439556162	0.000117187699431645	0.0715574316550479
X2638	0.754324478103556	0.000118007193833265	0.755476687232234
X2648	0.599869082491364	0.000117187699431645	0.60011001384544
X2665	0.745018299678761	0.000117187699431645	0.755476687232234
X2700	0.754895665701485	0.000117187699431645	0.755476687232234
X2716	0	0	0
X2773	0.746406523195105	0.000117187699431645	0.755476687232234
X2797	0.636493475566639	0.000118007193833265	0.755476687232234
X2825	0.49676111637395	0.000117187699431645	0.497725661284656
X2890	0	0	0
X2902	0.755355402060794	0.000116368205030025	0.755476687232234
X2949	0.755300495935886	0.000117187699431645	0.755476687232234
X2991	0.752229030918614	0.000117187699431645	0.755476687232234
X2998	0.754912055589518	0.000117187699431645	0.755476687232234
X300	0	0	0
X301	0.737093788815096	0.000117187699431645	0.755476687232234
X3059	0	0	0
X3107	0.704329583143931	0.000117187699431645	0.755476687232234
X3151	0.755280828070247	0.000118007193833265	0.755476687232234
X3225	0.253584347637261	0.000117187699431645	0.253701535336693
X3238	0.746888385903257	0.000118007193833265	0.755476687232234
X3297	0.413172236686799	0.000117187699431645	0.755476687232234
X3349	0.472896619904377	0.000117187699431645	0.604623789009562
X3391	0.403751779767698	0.000118007193833265	0.403869786961531
X429	0	0	0
X451	0	0	0
X472	0.748181548069013	0.000117187699431645	0.755476687232234
X544	0	0	0
X592	0	0	0
X80	0.749663193947142	0.000117187699431645	0.755476687232234
X935	0.7553078713855	0.000117187699431645	0.755476687232234
X93	0.754762088114021	0.000117187699431645	0.755476687232234
X94	0.75533819267836	0.000116368205030025	0.755476687232234
X970	0	0	0
X987	0.731179497718605	0.000117187699431645	0.755476687232234
X991	0.755359499532802	0.000117187699431645	0.755476687232234
OVCA106	0	0	0
OVCA11	0	0	0
OVCA115	0	0	0
OVCA119	0	0	0
OVCA121	0.170579398685985	0.000511364506610816	0.171185824543184
OVCA127	0.362427135577211	0.000511364506610816	0.362938500083822
OVCA13	0.754948932837591	0.000527754394643214	0.755476687232234
OVCA130	0	0	0
OVCA134	0	0	0
OVCA136	0.445668098916154	0.000511364506610816	0.446179463422765
OVCA137	0.754944835365582	0.000511364506610816	0.755476687232234
OVCA138	0	0	0
OVCA140	0	0	0
OVCA143	0	0	0
OVCA144	0.636414435331603	0.000511364506610816	0.697984688714109
OVCA145	0	0	0
OVCA149	0	0	0
OVCA15	0	0	0
OVCA150	0	0	0
OVCA151	0	0	0
OVCA152	0	0	0
OVCA155	0	0	0
OVCA158	0	0	0
OVCA159	0	0	0
OVCA16-02	0	0	0
OVCA160	0.754965322725623	0.000511364506610816	0.755476687232234
OVCA164	0	0	0
OVCA165	0	0	0
OVCA166	0	0	0
OVCA168	0	0	0
OVCA170	0	0	0
OVCA171	0	0	0
OVCA172	0	0	0
OVCA173	0	0	0
OVCA175	0.199757496855661	0.000511364506610816	0.200268861362272
OVCA179	0	0	0
OVCA180	0	0	0
OVCA181	0	0	0
OVCA183	0	0	0
OVCA185	0.26262419038153	0.000511364506610816	0.263135554888141
OVCA187	0	0	0
OVCA193	0	0	0
OVCA195	0	0	0
OVCA197	0.259174118950711	0.000527754394643214	0.259701873345354
OVCA200	0.263083107246437	0.000511364506610816	0.263594471753048
OVCA227	0.212942342283324	0.000511364506610816	0.213474194149975
OVCA229	0	0	0
OVCA231	0	0	0
OVCA235	0	0	0
OVCA239	0	0	0
OVCA240	0	0	0
OVCA25-02	0	0	0
OVCA250	0	0	0
OVCA259	0.524224012761036	0.0028747863608826	0.527098799121918
OVCA262	0	0	0
OVCA266	0	0	0
OVCA269R	0	0	0
OVCA27	0.297237994917152	0.000511364506610816	0.297749359423762
OVCA272	0.301651791764276	0.000527754394643214	0.30217954615892
OVCA279	0.726258884558799	0.000511364506610816	0.72677024906541
OVCA280	0	0	0
OVCA282	0.754965322725623	0.000511364506610816	0.755476687232234
OVCA293	0	0	0
OVCA302	0.00627077116119546	0.000511364506610816	0.00678213566780627
OVCA311	0	0	0
OVCA32	0	0	0
OVCA350	0	0	0
OVCA353	0	0	0
OVCA360	0.354644397245027	0.000511364506610816	0.355155761751638
OVCA381	0	0	0
OVCA397	0	0	0
OVCA407	0	0	0
OVCA419	0.217565110202862	0.0014046134043765	0.218969723607238
OVCA44	0	0	0
OVCA52	0	0	0
OVCA53	0.754931723455157	0.000511364506610816	0.755476687232234
OVCA54	0	0	0
OVCA6	0	0	0
OVCA67	0.125828448402326	0.000511364506610816	0.126339812908936
OVCA74	0	0	0
OVCA79	0.754930903960755	0.000511364506610816	0.755476687232234
OVCA83	0.231090865301598	0.000511364506610816	0.231602229808209
OVCA88	0	0	0
GSM692781_JB0715	0	0	0
GSM692796_JB0734	0	0	0
GSM692802_JB0782	0.755430426773262	4.62604589714432e-05	0.755476687232234
GSM692808_JB0788	0	0	0
GSM692810_JB0791	0	0	0
