Sample	Percent	Start	End
P-0000067-T02-IM5	0	0	0
P-0000199-T01-IM3	0	0	0
P-0000269-T01-IM3	0	0	0
P-0000366-T01-IM3	0	0	0
P-0000666-T01-IM3	0	0	0
P-0000667-T01-IM3	0	0	0
P-0001086-T01-IM3	0	0	0
P-0001140-T01-IM3	0	0	0
P-0001285-T01-IM3	0	0	0
P-0001421-T01-IM3	0	0	0
P-0001457-T01-IM3	0	0	0
P-0001547-T01-IM3	0	0	0
P-0001570-T01-IM3	0	0	0
P-0001616-T01-IM3	0	0	0
P-0001747-T01-IM3	0	0	0
P-0001796-T01-IM3	0	0	0
P-0001801-T01-IM3	0	0	0
P-0001965-T01-IM3	0	0	0
P-0001985-T01-IM3	0	0	0
P-0002242-T02-IM3	0	0	0
P-0002310-T01-IM3	0	0	0
P-0002643-T01-IM3	0	0	0
P-0002802-T01-IM3	0	0	0
P-0003191-T01-IM5	0	0	0
P-0003539-T01-IM5	0	0	0
P-0003763-T01-IM5	0	0	0
P-0003818-T01-IM5	0	0	0
P-0003829-T01-IM5	0	0	0
P-0003873-T01-IM5	0	0	0
P-0004167-T01-IM5	0	0	0
P-0004360-T01-IM5	0	0	0
P-0004821-T01-IM5	0	0	0
P-0004822-T01-IM5	0	0	0
P-0005224-T01-IM5	0	0	0
P-0005531-T01-IM5	0	0	0
P-0005745-T01-IM5	0	0	0
P-0005775-T02-IM5	0	0	0
P-0006217-T01-IM5	0	0	0
P-0006340-T01-IM5	0	0	0
P-0006656-T01-IM5	0	0	0
P-0006892-T01-IM5	0	0	0
P-0007134-T01-IM5	0	0	0
P-0007535-T01-IM5	0	0	0
P-0007899-T01-IM5	0	0	0
P-0008052-T01-IM5	0	0	0
P-0009372-T01-IM5	0	0	0
P-0009394-T02-IM6	0	0	0
P-0009524-T01-IM5	0	0	0
P-0009601-T01-IM5	0	0	0
P-0009750-T01-IM5	0	0	0
P-0009840-T01-IM5	0	0	0
P-0010011-T01-IM5	0	0	0
P-0010214-T01-IM5	0	0	0
P-0010357-T01-IM5	0	0	0
P-0010510-T01-IM5	0	0	0
P-0010690-T01-IM5	0	0	0
P-0011086-T01-IM5	0	0	0
P-0011426-T01-IM5	0	0	0
P-0011589-T01-IM5	0	0	0
P-0012367-T01-IM5	0	0	0
P-0012808-T01-IM5	0	0	0
P-0013279-T01-IM5	0	0	0
P-0014146-T01-IM5	0	0	0
P-0014175-T01-IM5	0	0	0
P-0014391-T01-IM6	0	0	0
P-0014561-T01-IM6	0	0	0
P-0015095-T01-IM6	0	0	0
P-0015457-T01-IM6	0	0	0
P-0015507-T01-IM6	0	0	0
P-0015651-T03-IM6	0	0	0
P-0015976-T01-IM6	0	0	0
P-0016322-T01-IM6	0	0	0
P-0016488-T01-IM6	0	0	0
P-0016553-T01-IM6	0	0	0
P-0017005-T01-IM6	0	0	0
P-0017434-T01-IM6	0	0	0
P-0017470-T01-IM6	0	0	0
P-0017516-T01-IM6	0	0	0
P-0017563-T01-IM5	0	0	0
P-0018024-T01-IM6	0	0	0
P-0018184-T01-IM6	0	0	0
P-0018202-T01-IM6	0	0	0
P-0018211-T01-IM6	0	0	0
P-0018212-T01-IM6	0	0	0
P-0018755-T01-IM6	0	0	0
P-0018757-T01-IM6	0	0	0
P-0018944-T01-IM6	0	0	0
P-0019008-T01-IM6	0	0	0
P-0019325-T01-IM6	0	0	0
P-0019338-T01-IM6	0	0	0
P-0019391-T01-IM6	0	0	0
P-0019814-T01-IM6	0	0	0
P-0019841-T01-IM6	0	0	0
P-0019934-T01-IM6	0	0	0
P-0019940-T01-IM6	0	0	0
P-0019953-T01-IM6	0	0	0
P-0019991-T01-IM6	0	0	0
P-0020112-T01-IM6	0	0	0
P-0020145-T01-IM6	0	0	0
P-0020315-T01-IM6	0	0	0
P-0020323-T01-IM6	0	0	0
P-0020354-T01-IM6	0	0	0
P-0020364-T01-IM6	0	0	0
P-0020385-T01-IM6	0	0	0
P-0020432-T01-IM6	0	0	0
P-0020434-T01-IM6	0	0	0
P-0020515-T01-IM6	0	0	0
P-0020549-T01-IM6	0	0	0
P-0020552-T01-IM6	0	0	0
P-0020687-T01-IM6	0	0	0
P-0020688-T01-IM6	0	0	0
P-0020767-T01-IM6	0	0	0
P-0020831-T01-IM6	0	0	0
P-0020924-T01-IM6	0	0	0
P-0020968-T01-IM6	0	0	0
P-0020970-T01-IM6	0	0	0
P-0020973-T01-IM6	0	0	0
P-0021030-T01-IM6	0	0	0
P-0021328-T01-IM6	0	0	0
P-0021602-T01-IM6	0	0	0
P-0021759-T01-IM6	0	0	0
P-0021762-T02-IM6	0	0	0
P-0021891-T01-IM6	0	0	0
P-0021905-T02-IM6	0	0	0
P-0021932-T02-IM6	0	0	0
P-0022003-T01-IM6	0	0	0
P-0022016-T01-IM6	0	0	0
P-0022046-T01-IM6	0	0	0
P-0022059-T01-IM6	0	0	0
P-0022079-T01-IM6	0	0	0
P-0022098-T01-IM6	0	0	0
P-0022126-T01-IM6	0	0	0
P-0022170-T01-IM6	0	0	0
P-0022507-T01-IM6	0	0	0
P-0022522-T01-IM6	0	0	0
P-0022610-T01-IM6	0	0	0
P-0023037-T01-IM6	0	0	0
P-0023069-T01-IM6	0	0	0
P-0023091-T01-IM6	0	0	0
P-0023506-T01-IM6	0	0	0
P-0023547-T01-IM6	0	0	0
P-0023632-T01-IM6	0	0	0
P-0023661-T01-IM6	0	0	0
P-0023747-T01-IM6	0	0	0
P-0023834-T01-IM6	0	0	0
P-0023920-T01-IM6	0	0	0
P-0024053-T01-IM6	0	0	0
P-0024118-T01-IM6	0	0	0
P-0024149-T01-IM6	0	0	0
P-0024181-T01-IM6	0	0	0
P-0024318-T01-IM6	0	0	0
P-0024389-T01-IM6	0	0	0
P-0024405-T01-IM6	0	0	0
P-0024444-T01-IM6	0	0	0
P-0024448-T01-IM6	0	0	0
P-0024723-T01-IM6	0	0	0
P-0024726-T01-IM6	0	0	0
P-0024740-T01-IM6	0	0	0
P-0024935-T01-IM6	0	0	0
P-0024971-T01-IM6	0	0	0
P-0025000-T01-IM6	0	0	0
P-0025026-T01-IM6	0	0	0
P-0025063-T01-IM6	0	0	0
P-0025136-T01-IM6	0	0	0
P-0025545-T01-IM6	0	0	0
P-0025761-T01-IM6	0	0	0
P-0025802-T02-IM6	0	0	0
P-0025859-T01-IM6	0	0	0
P-0025949-T01-IM6	0	0	0
P-0025993-T01-IM6	0	0	0
P-0026190-T01-IM6	0	0	0
P-0026493-T01-IM6	0	0	0
P-0026495-T01-IM6	0	0	0
P-0026504-T01-IM6	0	0	0
P-0026510-T01-IM6	0	0	0
P-0026514-T01-IM6	0	0	0
P-0026533-T01-IM6	0	0	0
P-0026707-T01-IM6	0	0	0
P-0026882-T01-IM6	0	0	0
P-0026969-T01-IM6	0	0	0
P-0027019-T01-IM6	0	0	0
P-0027075-T01-IM6	0	0	0
P-0027103-T01-IM6	0	0	0
P-0027109-T01-IM6	0	0	0
P-0027163-T01-IM6	0	0	0
P-0027262-T01-IM6	0	0	0
P-0027958-T01-IM6	0	0	0
P-0027999-T01-IM6	0	0	0
P-0028326-T01-IM6	0	0	0
P-0028328-T01-IM6	0	0	0
P-0028329-T01-IM6	0	0	0
P-0028330-T01-IM6	0	0	0
P-0028432-T01-IM6	0	0	0
P-0028513-T01-IM6	0	0	0
P-0028695-T01-IM6	0	0	0
P-0028702-T01-IM6	0	0	0
P-0028778-T01-IM6	0	0	0
P-0029084-T01-IM6	0	0	0
P-0029129-T01-IM6	0	0	0
P-0029223-T01-IM6	0	0	0
P-0029267-T03-IM6	0	0	0
P-0029354-T01-IM6	0	0	0
P-0029461-T01-IM6	0	0	0
P-0029464-T01-IM6	0	0	0
P-0029474-T01-IM6	0	0	0
P-0029537-T01-IM6	0	0	0
P-0029548-T01-IM6	0	0	0
P-0029723-T01-IM6	0	0	0
P-0029835-T01-IM6	0	0	0
P-0029946-T01-IM6	0	0	0
P-0030010-T01-IM6	0	0	0
P-0030023-T01-IM6	0	0	0
P-0030123-T01-IM6	0	0	0
P-0030346-T01-IM6	0	0	0
P-0030505-T01-IM6	0	0	0
P-0030569-T01-IM6	0	0	0
P-0030697-T01-IM6	0	0	0
P-0030779-T01-IM6	0	0	0
P-0030836-T01-IM6	0	0	0
P-0030874-T01-IM6	0	0	0
P-0030935-T01-IM6	0	0	0
P-0030958-T01-IM6	0	0	0
P-0030962-T01-IM6	0	0	0
P-0031210-T01-IM6	0	0	0
P-0031382-T01-IM6	0	0	0
P-0031385-T01-IM6	0	0	0
P-0031395-T01-IM6	0	0	0
P-0031645-T01-IM6	0	0	0
P-0031648-T01-IM6	0	0	0
P-0031749-T01-IM6	0	0	0
P-0031751-T01-IM6	0	0	0
P-0032093-T01-IM6	0	0	0
P-0032339-T01-IM6	0	0	0
P-0032525-T01-IM6	0	0	0
P-0032819-T01-IM6	0	0	0
P-0032956-T01-IM6	0	0	0
P-0033193-T01-IM6	0	0	0
P-0033218-T02-IM6	0	0	0
P-0033283-T03-IM6	0	0	0
P-0033335-T01-IM6	0	0	0
P-0033523-T01-IM6	0	0	0
P-0033548-T01-IM6	0	0	0
P-0033715-T01-IM6	0	0	0
P-0033718-T01-IM6	0	0	0
P-0033783-T01-IM6	0	0	0
P-0033879-T01-IM6	0	0	0
P-0034011-T01-IM6	0	0	0
P-0034038-T01-IM6	0	0	0
P-0034227-T01-IM6	0	0	0
P-0034383-T01-IM6	0	0	0
P-0034418-T01-IM6	0	0	0
P-0034814-T01-IM6	0	0	0
P-0034872-T01-IM6	0	0	0
P-0035101-T01-IM6	0	0	0
P-0035118-T01-IM6	0	0	0
P-0035378-T01-IM6	0	0	0
P-0035382-T01-IM6	0	0	0
P-0035556-T01-IM6	0	0	0
P-0035753-T01-IM6	0	0	0
P-0035898-T01-IM6	0	0	0
P-0036061-T01-IM6	0	0	0
P-0036063-T01-IM6	0	0	0
P-0036236-T01-IM6	0	0	0
P-0036292-T01-IM6	0	0	0
P-0036325-T01-IM6	0	0	0
P-0036409-T01-IM6	0	0	0
P-0036457-T01-IM6	0	0	0
P-0036515-T01-IM6	0	0	0
P-0036582-T01-IM6	0	0	0
P-0036627-T01-IM6	0	0	0
P-0036673-T01-IM6	0	0	0
P-0036727-T01-IM6	0	0	0
P-0036750-T01-IM6	0	0	0
P-0036895-T01-IM6	0	0	0
P-0036961-T01-IM6	0	0	0
P-0036971-T01-IM6	0	0	0
P-0037025-T01-IM6	0	0	0
P-0037049-T01-IM6	0	0	0
P-0037070-T01-IM6	0	0	0
P-0037072-T01-IM6	0	0	0
P-0037096-T01-IM6	0	0	0
P-0037128-T01-IM6	0	0	0
P-0037178-T01-IM6	0	0	0
P-0037263-T01-IM6	0	0	0
P-0037342-T01-IM6	0	0	0
P-0037375-T01-IM6	0	0	0
P-0037460-T01-IM6	0	0	0
P-0037462-T01-IM6	0	0	0
P-0037478-T01-IM6	0	0	0
P-0037553-T01-IM6	0	0	0
P-0037819-T01-IM6	0	0	0
P-0037891-T01-IM6	0	0	0
P-0037905-T01-IM6	0	0	0
P-0037909-T01-IM6	0	0	0
P-0037988-T01-IM6	0	0	0
P-0038047-T01-IM6	0	0	0
P-0038069-T01-IM6	0	0	0
P-0038096-T01-IM6	0	0	0
P-0038097-T01-IM6	0	0	0
P-0038238-T01-IM6	0	0	0
P-0038306-T01-IM6	0	0	0
P-0038323-T01-IM6	0	0	0
P-0038387-T01-IM6	0	0	0
P-0038419-T01-IM6	0	0	0
P-0038427-T01-IM6	0	0	0
P-0038483-T01-IM6	0	0	0
P-0038554-T01-IM6	0	0	0
P-0038663-T01-IM6	0	0	0
P-0038745-T01-IM6	0	0	0
P-0038779-T01-IM6	0	0	0
P-0038809-T01-IM6	0	0	0
P-0038960-T01-IM6	0	0	0
P-0039001-T01-IM6	0	0	0
P-0039070-T01-IM6	0	0	0
P-0039094-T01-IM6	0	0	0
P-0039104-T02-IM6	0	0	0
P-0039120-T01-IM6	0	0	0
P-0039132-T01-IM6	0	0	0
P-0039148-T01-IM6	0	0	0
P-0039165-T01-IM6	0	0	0
P-0039241-T01-IM6	0	0	0
P-0039242-T01-IM6	0	0	0
P-0039245-T01-IM6	0	0	0
P-0039289-T01-IM6	0	0	0
P-0039297-T01-IM6	0	0	0
P-0039377-T01-IM6	0	0	0
P-0039500-T01-IM6	0	0	0
P-0039563-T01-IM6	0	0	0
P-0039605-T01-IM6	0	0	0
P-0039685-T01-IM6	0	0	0
P-0039749-T01-IM6	0	0	0
P-0039774-T01-IM6	0	0	0
P-0039782-T01-IM6	0	0	0
P-0039797-T01-IM6	0	0	0
P-0039798-T01-IM6	0	0	0
P-0039810-T01-IM6	0	0	0
P-0039811-T01-IM6	0	0	0
P-0039871-T01-IM6	0	0	0
P-0039927-T01-IM6	0	0	0
P-0039935-T01-IM6	0	0	0
P-0039948-T01-IM6	0	0	0
P-0040007-T01-IM6	0	0	0
P-0040118-T01-IM6	0	0	0
P-0040143-T01-IM6	0	0	0
P-0040154-T01-IM6	0	0	0
P-0040281-T01-IM6	0	0	0
P-0040343-T01-IM6	0	0	0
P-0040386-T01-IM6	0	0	0
P-0040504-T01-IM6	0	0	0
P-0040555-T02-IM6	0	0	0
P-0040593-T01-IM6	0	0	0
P-0040605-T01-IM6	0	0	0
P-0040748-T01-IM6	0	0	0
P-0040800-T01-IM6	0	0	0
P-0040803-T01-IM6	0	0	0
P-0040812-T01-IM6	0	0	0
P-0040960-T01-IM6	0	0	0
P-0041163-T01-IM6	0	0	0
P-0041225-T01-IM6	0	0	0
P-0041235-T01-IM6	0	0	0
P-0041236-T01-IM6	0	0	0
P-0041269-T01-IM6	0	0	0
P-0041285-T01-IM6	0	0	0
P-0041289-T01-IM6	0	0	0
P-0041413-T01-IM6	0	0	0
P-0041464-T01-IM6	0	0	0
P-0041541-T01-IM6	0	0	0
P-0041618-T01-IM6	0	0	0
P-0041721-T01-IM6	0	0	0
P-0041733-T01-IM6	0	0	0
P-0041836-T01-IM6	0	0	0
P-0041837-T01-IM6	0	0	0
P-0041958-T01-IM6	0	0	0
P-0041962-T02-IM6	0	0	0
P-0041985-T01-IM6	0	0	0
P-0042152-T01-IM6	0	0	0
P-0042164-T01-IM6	0	0	0
P-0042200-T01-IM6	0	0	0
P-0042201-T01-IM6	0	0	0
P-0042351-T01-IM6	0	0	0
P-0042407-T01-IM6	0	0	0
P-0042500-T01-IM6	0	0	0
P-0042511-T01-IM6	0	0	0
P-0042548-T01-IM6	0	0	0
P-0042638-T01-IM6	0	0	0
P-0042788-T01-IM6	0	0	0
P-0042805-T01-IM6	0	0	0
P-0042815-T01-IM6	0	0	0
P-0042831-T01-IM6	0	0	0
P-0042866-T01-IM6	0	0	0
P-0043037-T01-IM6	0	0	0
P-0043081-T01-IM6	0	0	0
P-0043133-T01-IM6	0	0	0
P-0043135-T01-IM6	0	0	0
P-0043587-T01-IM6	0	0	0
P-0043617-T01-IM6	0	0	0
P-0043634-T01-IM6	0	0	0
P-0043914-T01-IM6	0	0	0
P-0043955-T01-IM6	0	0	0
P-0044136-T01-IM6	0	0	0
P-0044185-T01-IM6	0	0	0
P-0044224-T01-IM6	0	0	0
P-0044345-T01-IM6	0	0	0
P-0044402-T01-IM6	0	0	0
P-0044451-T01-IM6	0	0	0
P-0044555-T01-IM6	0	0	0
P-0044700-T01-IM6	0	0	0
P-0044817-T01-IM6	0	0	0
P-0044905-T01-IM6	0	0	0
P-0045161-T01-IM6	0	0	0
P-0045312-T01-IM6	0	0	0
P-0045494-T01-IM6	0	0	0
P-0045545-T01-IM6	0	0	0
P-0045641-T01-IM6	0	0	0
P-0045749-T01-IM6	0	0	0
P-0045947-T01-IM6	0	0	0
P-0046098-T01-IM6	0	0	0
P-0046282-T01-IM6	0	0	0
P-0046283-T01-IM6	0	0	0
P-0046401-T01-IM6	0	0	0
P-0046443-T01-IM6	0	0	0
P-0046496-T01-IM6	0	0	0
P-0046543-T01-IM6	0	0	0
P-0046676-T01-IM6	0	0	0
P-0046745-T01-IM6	0	0	0
P-0046802-T01-IM6	0	0	0
P-0046884-T01-IM6	0	0	0
P-0046940-T01-IM6	0	0	0
P-0047089-T01-IM6	0	0	0
P-0047214-T01-IM6	0	0	0
P-0047259-T01-IM6	0	0	0
P-0047432-T01-IM6	0	0	0
P-0047577-T01-IM6	0	0	0
P-0047883-T01-IM6	0	0	0
P-0048171-T01-IM6	0	0	0
P-0048214-T01-IM6	0	0	0
P-0048239-T01-IM6	0	0	0
P-0048525-T01-IM6	0	0	0
P-0048593-T01-IM6	0	0	0
P-0048624-T01-IM6	0	0	0
P-0048851-T01-IM6	0	0	0
P-0048902-T01-IM6	0	0	0
P-0049127-T01-IM6	0	0	0
P-0049292-T01-IM6	0	0	0
P-0049444-T01-IM6	0	0	0
P-0049519-T01-IM6	0	0	0
P-0049560-T01-IM6	0	0	0
P-0049687-T01-IM6	0	0	0
P-0049782-T01-IM6	0	0	0
P-0049921-T01-IM6	0	0	0
P-0050400-T01-IM6	0	0	0
P-0050454-T01-IM6	0	0	0
P-0000067-T01-IM3	0	0	0
P-0000141-T01-IM3	0	0	0
P-0000185-T01-IM3	0	0	0
P-0001311-T01-IM3	0	0	0
P-0002010-T01-IM3	0	0	0
P-0002110-T01-IM3	0	0	0
P-0002242-T01-IM3	0	0	0
P-0002257-T01-IM3	0	0	0
P-0002573-T01-IM3	0	0	0
P-0002645-T01-IM3	0	0	0
P-0003708-T01-IM5	0	0	0
P-0004262-T01-IM5	0	0	0
P-0004722-T01-IM5	0	0	0
P-0005599-T01-IM5	0	0	0
P-0006537-T01-IM5	0	0	0
P-0007150-T01-IM5	0	0	0
P-0007221-T01-IM5	0	0	0
P-0007370-T01-IM5	0	0	0
P-0008873-T01-IM5	0	0	0
P-0009061-T01-IM5	0	0	0
P-0010250-T01-IM5	0	0	0
P-0010348-T01-IM5	0	0	0
P-0012338-T01-IM5	0	0	0
TCGA-72-4233-01	0	0	0
TCGA-72-4234-01	0	0	0
TCGA-72-4238-01	0	0	0
TCGA-72-4237-01	0	0	0
TCGA-72-4236-01	0	0	0
TCGA-72-4235-01	0	0	0
TCGA-72-4241-01	0	0	0
TCGA-72-4240-01	0	0	0
TCGA-72-4231-01	0	0	0
TCGA-09-1669-01	0	0	0
TCGA-04-1519-01	0	0	0
TCGA-09-1665-01	0	0	0
TCGA-24-1557-01	0	0	0
TCGA-36-1577-01	0	0	0
TCGA-36-1580-01	0	0	0
TCGA-57-1585-01	0	0	0
TCGA-24-1567-01	0	0	0
TCGA-36-1575-01	0	0	0
TCGA-24-1558-01	0	0	0
TCGA-04-1525-01	0	0	0
TCGA-04-1536-01	0	0	0
TCGA-24-1560-01	0	0	0
TCGA-09-1662-01	0	0	0
TCGA-25-1628-01	0	0	0
TCGA-24-1544-01	0	0	0
TCGA-09-1666-01	0	0	0
TCGA-36-1574-01	0	0	0
TCGA-36-1581-01	0	0	0
TCGA-57-1582-01	0	0	0
TCGA-57-1583-01	0	0	0
TCGA-25-1630-01	0	0	0
TCGA-36-1571-01	0	0	0
TCGA-24-1546-01	0	0	0
TCGA-09-1659-01	0	0	0
TCGA-25-1633-01	0	0	0
TCGA-25-1627-01	0	0	0
TCGA-36-1576-01	0	0	0
TCGA-36-1570-01	0	0	0
TCGA-09-1668-01	0	0	0
TCGA-04-1517-01	0	0	0
TCGA-09-1661-01	0	0	0
TCGA-36-1578-01	0	0	0
TCGA-36-1568-01	0	0	0
TCGA-24-1545-01	0	0	0
TCGA-25-1631-01	0	0	0
TCGA-24-1556-01	0	0	0
TCGA-25-1634-01	0	0	0
TCGA-24-1548-01	0	0	0
TCGA-61-1730-01	0	0	0
TCGA-61-1740-01	0	0	0
TCGA-61-1738-01	0	0	0
TCGA-29-1775-01	0	0	0
TCGA-61-1907-01	0	0	0
TCGA-04-1638-01	0	0	0
TCGA-24-1846-01	0	0	0
TCGA-04-1651-01	0	0	0
TCGA-29-1778-01	0	0	0
TCGA-24-1842-01	0	0	0
TCGA-61-1733-01	0	0	0
TCGA-29-1774-01	0	0	0
TCGA-24-1843-01	0	0	0
TCGA-61-1722-01	0	0	0
TCGA-04-1648-01	0	0	0
TCGA-30-1855-01	0	0	0
TCGA-04-1649-01	0	0	0
TCGA-61-1900-01	0	0	0
TCGA-61-1906-01	0	0	0
TCGA-61-1895-01	0	0	0
TCGA-61-1899-01	0	0	0
TCGA-61-1915-01	0	0	0
TCGA-24-1844-01	0	0	0
TCGA-24-1845-01	0	0	0
TCGA-61-1727-01	0	0	0
TCGA-04-1646-01	0	0	0
TCGA-30-1856-01	0	0	0
TCGA-61-1725-01	0	0	0
TCGA-61-1903-01	0	0	0
TCGA-29-1776-01	0	0	0
TCGA-61-1913-01	0	0	0
TCGA-29-1777-01	0	0	0
TCGA-23-1111-01	0	0	0
TCGA-29-1769-01	0	0	0
TCGA-61-1914-01	0	0	0
TCGA-61-1911-01	0	0	0
TCGA-30-1857-01	0	0	0
TCGA-24-1850-01	0	0	0
TCGA-61-1910-01	0	0	0
TCGA-13-1494-01	0	0	0
TCGA-24-1418-01	0	0	0
TCGA-13-1482-01	0	0	0
TCGA-13-1511-01	0	0	0
TCGA-24-1426-01	0	0	0
TCGA-13-1507-01	0	0	0
TCGA-13-1492-01	0	0	0
TCGA-24-1435-01	0	0	0
TCGA-24-1422-01	0	0	0
TCGA-13-1512-01	0	0	0
TCGA-24-1467-01	0	0	0
TCGA-24-1430-01	0	0	0
TCGA-24-1436-01	0	0	0
TCGA-13-1489-02	0	0	0
TCGA-13-1501-01	0	0	0
TCGA-13-1510-01	0	0	0
TCGA-24-1417-01	0	0	0
TCGA-13-1487-01	0	0	0
TCGA-13-1509-01	0	0	0
TCGA-24-1434-01	0	0	0
TCGA-24-1427-01	0	0	0
TCGA-13-1491-01	0	0	0
TCGA-24-1428-01	0	0	0
TCGA-13-1505-01	0	0	0
TCGA-13-1483-01	0	0	0
TCGA-13-1481-01	0	0	0
TCGA-13-1495-01	0	0	0
TCGA-13-1499-01	0	0	0
TCGA-13-1497-01	0	0	0
TCGA-13-1488-01	0	0	0
TCGA-13-1498-01	0	0	0
TCGA-24-1423-01	0	0	0
TCGA-24-1466-01	0	0	0
TCGA-24-1463-01	0	0	0
TCGA-13-1506-01	0	0	0
TCGA-24-1424-01	0	0	0
TCGA-13-1489-01	0	0	0
TCGA-13-0723-01	0	0	0
TCGA-13-0800-01	0	0	0
TCGA-13-0802-01	0	0	0
TCGA-13-0727-01	0	0	0
TCGA-13-0755-01	0	0	0
TCGA-13-0761-01	0	0	0
TCGA-13-0791-01	0	0	0
TCGA-13-0792-01	0	0	0
TCGA-13-0805-01	0	0	0
TCGA-09-0364-01	0	0	0
TCGA-09-0365-01	0	0	0
TCGA-13-0714-01	0	0	0
TCGA-13-0804-01	0	0	0
TCGA-13-0768-01	0	0	0
TCGA-13-0793-01	0	0	0
TCGA-09-0367-01	0	0	0
TCGA-13-0751-01	0	0	0
TCGA-13-0797-01	0	0	0
TCGA-13-0725-01	0	0	0
TCGA-13-0764-01	0	0	0
TCGA-13-0724-01	0	0	0
TCGA-13-0801-01	0	0	0
TCGA-13-0717-01	0	0	0
TCGA-13-0760-01	0	0	0
TCGA-13-0791-02	0	0	0
TCGA-09-0369-01	0	0	0
TCGA-13-0758-01	0	0	0
TCGA-13-0803-01	0	0	0
TCGA-13-0757-01	0	0	0
TCGA-13-0799-01	0	0	0
TCGA-13-0794-01	0	0	0
TCGA-13-0730-01	0	0	0
TCGA-13-0766-01	0	0	0
TCGA-13-1407-01	0	0	0
TCGA-04-1350-01	0	0	0
TCGA-13-1403-01	0	0	0
TCGA-04-1356-01	0	0	0
TCGA-25-1320-01	0	0	0
TCGA-25-1312-01	0	0	0
TCGA-13-0900-01	0	0	0
TCGA-13-0905-01	0	0	0
TCGA-25-1317-01	0	0	0
TCGA-25-1315-01	0	0	0
TCGA-04-1362-01	0	0	0
TCGA-04-1367-01	0	0	0
TCGA-04-1365-01	0	0	0
TCGA-25-1318-01	0	0	0
TCGA-25-1321-01	0	0	0
TCGA-13-1405-01	0	0	0
TCGA-25-1319-01	0	0	0
TCGA-04-1348-01	0	0	0
TCGA-13-1408-01	0	0	0
TCGA-13-1412-01	0	0	0
TCGA-13-0901-01	0	0	0
TCGA-13-0908-01	0	0	0
TCGA-04-1349-01	0	0	0
TCGA-24-1413-01	0	0	0
TCGA-13-1409-01	0	0	0
TCGA-25-1323-01	0	0	0
TCGA-25-1322-01	0	0	0
TCGA-04-1364-01	0	0	0
TCGA-13-1410-01	0	0	0
TCGA-13-0893-01	0	0	0
TCGA-04-1360-01	0	0	0
TCGA-25-1313-01	0	0	0
TCGA-13-1404-01	0	0	0
TCGA-13-1411-01	0	0	0
TCGA-04-1361-01	0	0	0
TCGA-25-1314-01	0	0	0
TCGA-24-2267-01	0	0	0
TCGA-24-2295-01	0	0	0
TCGA-09-2050-01	0	0	0
TCGA-24-2293-01	0	0	0
TCGA-09-2044-01	0	0	0
TCGA-24-2297-01	0	0	0
TCGA-59-2352-01	0	0	0
TCGA-59-2351-01	0	0	0
TCGA-25-2392-01	0	0	0
TCGA-09-2045-01	0	0	0
TCGA-24-2280-01	0	0	0
TCGA-09-2043-01	0	0	0
TCGA-59-2349-01	0	0	0
TCGA-25-2397-01	0	0	0
TCGA-25-2391-01	0	0	0
TCGA-25-2409-01	0	0	0
TCGA-29-2414-01	0	0	0
TCGA-09-2055-01	0	0	0
TCGA-25-2042-01	0	0	0
TCGA-09-2051-01	0	0	0
TCGA-24-2298-01	0	0	0
TCGA-29-2428-01	0	0	0
TCGA-24-2289-01	0	0	0
TCGA-13-2060-01	0	0	0
TCGA-59-2363-01	0	0	0
TCGA-24-2290-01	0	0	0
TCGA-25-2396-01	0	0	0
TCGA-24-2288-01	0	0	0
TCGA-25-2398-01	0	0	0
TCGA-09-2049-01	0	0	0
TCGA-59-2348-01	0	0	0
TCGA-24-2281-01	0	0	0
TCGA-24-2262-01	0	0	0
TCGA-09-2048-01	0	0	0
TCGA-29-2425-01	0	0	0
TCGA-59-2354-01	0	0	0
TCGA-25-2401-01	0	0	0
TCGA-25-2400-01	0	0	0
TCGA-59-2350-01	0	0	0
TCGA-25-2393-01	0	0	0
TCGA-29-1707-02	0	0	0
TCGA-13-1819-01	0	0	0
TCGA-13-1817-02	0	0	0
TCGA-61-1916-02	0	0	0
TCGA-61-2095-02	0	0	0
TCGA-29-1710-02	0	0	0
TCGA-13-1817-01	0	0	0
TCGA-29-1692-01	0	0	0
TCGA-29-1704-01	0	0	0
TCGA-13-1819-02	0	0	0
TCGA-29-1704-02	0	0	0
TCGA-29-1692-02	0	0	0
TCGA-13-0913-02	0	0	0
TCGA-24-1852-01	0	0	0
TCGA-29-1705-02	0	0	0
TCGA-29-2414-02	0	0	0
TCGA-23-2643-01	0	0	0
TCGA-36-2543-01	0	0	0
TCGA-04-1353-01	0	0	0
TCGA-36-2538-01	0	0	0
TCGA-36-2534-01	0	0	0
TCGA-13-2059-01	0	0	0
TCGA-36-2542-01	0	0	0
TCGA-23-2641-01	0	0	0
TCGA-13-2057-01	0	0	0
TCGA-13-2071-01	0	0	0
TCGA-04-1369-01	0	0	0
TCGA-36-2547-01	0	0	0
TCGA-36-2530-01	0	0	0
TCGA-13-2065-01	0	0	0
TCGA-04-1644-01	0	0	0
TCGA-29-2429-01	0	0	0
TCGA-36-2552-01	0	0	0
TCGA-36-2537-01	0	0	0
TCGA-04-1516-01	0	0	0
TCGA-61-2613-01	0	0	0
TCGA-13-2066-01	0	0	0
TCGA-23-2647-01	0	0	0
TCGA-36-2549-01	0	0	0
TCGA-36-2544-01	0	0	0
TCGA-36-2548-01	0	0	0
TCGA-13-2061-01	0	0	0
TCGA-36-2532-01	0	0	0
TCGA-42-2590-01	0	0	0
TCGA-29-2434-01	0	0	0
TCGA-42-2589-01	0	0	0
TCGA-36-2539-01	0	0	0
TCGA-23-2649-01	0	0	0
TCGA-61-2612-01	0	0	0
TCGA-42-2582-01	0	0	0
TCGA-36-2551-01	0	0	0
TCGA-42-2588-01	0	0	0
TCGA-42-2591-01	0	0	0
TCGA-42-2587-01	0	0	0
TCGA-61-2614-01	0	0	0
TCGA-42-2593-01	0	0	0
TCGA-23-2645-01	0	0	0
TCGA-29-2436-01	0	0	0
TCGA-61-2610-02	0	0	0
TCGA-29-2432-01	0	0	0
TCGA-36-2533-01	0	0	0
TCGA-59-2372-01	0	0	0
TCGA-36-2545-01	0	0	0
TCGA-29-A5NZ-01	0	0	0
TCGA-3P-A9WA-01	0	0	0
TCGA-13-A5FT-01	0	0	0
TCGA-WR-A838-01	0	0	0
TCGA-OY-A56Q-01	0	0	0
TCGA-OY-A56P-01	0	0	0
TCGA-5X-AA5U-01	0	0	0
TCGA-VG-A8LO-01	0	0	0
TCGA-59-A5PD-01	0	0	0
TCGA-13-0910-01	0	0	0
TCGA-24-0980-01	0	0	0
TCGA-13-0897-01	0	0	0
TCGA-10-0937-01	0	0	0
TCGA-13-0903-01	0	0	0
TCGA-13-0891-01	0	0	0
TCGA-13-0886-01	0	0	0
TCGA-13-0807-01	0	0	0
TCGA-10-0935-01	0	0	0
TCGA-10-0928-01	0	0	0
TCGA-24-0966-01	0	0	0
TCGA-13-0888-01	0	0	0
TCGA-13-0904-01	0	0	0
TCGA-13-0916-01	0	0	0
TCGA-13-0923-01	0	0	0
TCGA-10-0933-01	0	0	0
TCGA-13-0921-01	0	0	0
TCGA-13-0887-01	0	0	0
TCGA-10-0938-01	0	0	0
TCGA-10-0927-01	0	0	0
TCGA-13-0906-01	0	0	0
TCGA-13-0889-01	0	0	0
TCGA-13-0885-01	0	0	0
TCGA-13-0883-01	0	0	0
TCGA-13-0890-01	0	0	0
TCGA-10-0936-01	0	0	0
TCGA-10-0930-01	0	0	0
TCGA-13-0920-01	0	0	0
TCGA-13-0913-01	0	0	0
TCGA-10-0934-01	0	0	0
TCGA-10-0931-01	0	0	0
TCGA-10-0926-01	0	0	0
TCGA-13-0911-01	0	0	0
TCGA-61-1728-01	0	0	0
TCGA-57-1994-01	0	0	0
TCGA-30-1860-01	0	0	0
TCGA-31-1956-01	0	0	0
TCGA-31-1944-01	0	0	0
TCGA-24-1930-01	0	0	0
TCGA-30-1862-01	0	0	0
TCGA-24-1920-01	0	0	0
TCGA-30-1859-01	0	0	0
TCGA-04-1654-01	0	0	0
TCGA-57-1993-01	0	0	0
TCGA-24-1924-01	0	0	0
TCGA-31-1950-01	0	0	0
TCGA-24-1923-01	0	0	0
TCGA-31-1959-01	0	0	0
TCGA-24-2020-01	0	0	0
TCGA-30-1891-01	0	0	0
TCGA-30-1861-01	0	0	0
TCGA-31-1946-01	0	0	0
TCGA-30-1867-01	0	0	0
TCGA-24-1928-01	0	0	0
TCGA-25-1877-01	0	0	0
TCGA-24-2023-01	0	0	0
TCGA-61-1743-01	0	0	0
TCGA-25-1870-01	0	0	0
TCGA-61-1917-01	0	0	0
TCGA-61-1918-01	0	0	0
TCGA-30-1853-01	0	0	0
TCGA-61-1724-01	0	0	0
TCGA-24-2026-01	0	0	0
TCGA-30-1892-01	0	0	0
TCGA-31-1953-01	0	0	0
TCGA-10-0925-01	0	0	0
TCGA-57-1992-01	0	0	0
TCGA-30-1866-01	0	0	0
TCGA-31-1951-01	0	0	0
TCGA-24-1927-01	0	0	0
TCGA-61-1919-01	0	0	0
TCGA-24-2027-01	0	0	0
TCGA-30-1880-01	0	0	0
TCGA-24-2029-01	0	0	0
TCGA-29-1784-01	0	0	0
TCGA-20-1685-01	0	0	0
TCGA-30-1714-01	0	0	0
TCGA-09-1673-01	0	0	0
TCGA-20-1686-01	0	0	0
TCGA-29-1688-01	0	0	0
TCGA-20-1684-01	0	0	0
TCGA-29-1711-01	0	0	0
TCGA-29-1768-01	0	0	0
TCGA-29-1697-01	0	0	0
TCGA-29-1701-01	0	0	0
TCGA-29-1699-01	0	0	0
TCGA-29-1695-01	0	0	0
TCGA-29-1764-01	0	0	0
TCGA-20-1683-01	0	0	0
TCGA-29-1763-01	0	0	0
TCGA-29-1702-01	0	0	0
TCGA-09-1675-01	0	0	0
TCGA-30-1718-01	0	0	0
TCGA-29-1766-01	0	0	0
TCGA-57-1586-01	0	0	0
TCGA-29-1703-01	0	0	0
TCGA-29-1698-01	0	0	0
TCGA-20-1687-01	0	0	0
TCGA-29-1691-01	0	0	0
TCGA-29-1707-01	0	0	0
TCGA-29-1761-01	0	0	0
TCGA-09-1672-01	0	0	0
TCGA-29-1705-01	0	0	0
TCGA-09-1674-01	0	0	0
TCGA-29-1781-01	0	0	0
TCGA-04-1655-01	0	0	0
TCGA-29-1770-01	0	0	0
TCGA-29-1762-01	0	0	0
TCGA-23-1809-01	0	0	0
TCGA-29-1785-01	0	0	0
TCGA-29-1696-01	0	0	0
TCGA-29-1694-01	0	0	0
TCGA-23-1114-01	0	0	0
TCGA-09-1670-01	0	0	0
TCGA-29-1693-01	0	0	0
TCGA-24-1425-01	0	0	0
TCGA-24-1604-01	0	0	0
TCGA-24-1471-01	0	0	0
TCGA-24-1474-01	0	0	0
TCGA-24-1562-01	0	0	0
TCGA-24-1552-01	0	0	0
TCGA-24-1563-01	0	0	0
TCGA-24-1603-01	0	0	0
TCGA-04-1514-01	0	0	0
TCGA-24-1551-01	0	0	0
TCGA-24-1555-01	0	0	0
TCGA-24-1614-01	0	0	0
TCGA-24-1549-01	0	0	0
TCGA-24-1550-01	0	0	0
TCGA-04-1542-01	0	0	0
TCGA-24-1470-01	0	0	0
TCGA-24-1616-01	0	0	0
TCGA-24-1553-01	0	0	0
TCGA-24-1469-01	0	0	0
TCGA-24-0968-01	0	0	0
TCGA-04-1337-01	0	0	0
TCGA-24-0982-01	0	0	0
TCGA-23-1120-01	0	0	0
TCGA-20-0987-01	0	0	0
TCGA-04-1332-01	0	0	0
TCGA-23-1027-01	0	0	0
TCGA-23-1028-01	0	0	0
TCGA-23-1031-01	0	0	0
TCGA-23-1021-01	0	0	0
TCGA-23-1116-01	0	0	0
TCGA-24-0979-01	0	0	0
TCGA-23-1032-01	0	0	0
TCGA-04-1342-01	0	0	0
TCGA-23-1022-01	0	0	0
TCGA-04-1336-01	0	0	0
TCGA-24-0970-01	0	0	0
TCGA-24-0981-01	0	0	0
TCGA-24-1104-01	0	0	0
TCGA-23-1119-01	0	0	0
TCGA-23-1023-01	0	0	0
TCGA-23-1122-01	0	0	0
TCGA-20-0990-01	0	0	0
TCGA-04-1347-01	0	0	0
TCGA-23-1124-01	0	0	0
TCGA-23-1121-01	0	0	0
TCGA-23-1026-01	0	0	0
TCGA-24-1103-01	0	0	0
TCGA-23-1030-01	0	0	0
TCGA-04-1341-01	0	0	0
TCGA-04-1338-01	0	0	0
TCGA-23-1109-01	0	0	0
TCGA-23-1123-01	0	0	0
TCGA-04-1331-01	0	0	0
TCGA-24-1105-01	0	0	0
TCGA-23-1024-01	0	0	0
TCGA-04-1343-01	0	0	0
TCGA-23-1118-01	0	0	0
TCGA-23-1113-01	0	0	0
TCGA-23-1117-01	0	0	0
TCGA-61-2098-01	0	0	0
TCGA-09-2053-01	0	0	0
TCGA-24-2038-01	0	0	0
TCGA-61-2101-01	0	0	0
TCGA-24-2019-01	0	0	0
TCGA-61-2109-01	0	0	0
TCGA-23-2078-01	0	0	0
TCGA-23-2081-01	0	0	0
TCGA-61-2102-01	0	0	0
TCGA-61-2012-01	0	0	0
TCGA-61-2104-01	0	0	0
TCGA-61-2092-01	0	0	0
TCGA-61-1995-01	0	0	0
TCGA-24-2035-01	0	0	0
TCGA-61-2088-01	0	0	0
TCGA-61-1734-01	0	0	0
TCGA-24-2260-01	0	0	0
TCGA-23-2072-01	0	0	0
TCGA-61-2096-01	0	0	0
TCGA-09-2054-01	0	0	0
TCGA-61-2018-01	0	0	0
TCGA-23-2079-01	0	0	0
TCGA-61-2008-02	0	0	0
TCGA-61-2009-01	0	0	0
TCGA-61-1998-01	0	0	0
TCGA-23-2084-01	0	0	0
TCGA-24-2254-01	0	0	0
TCGA-61-2113-01	0	0	0
TCGA-61-2110-01	0	0	0
TCGA-61-2000-01	0	0	0
TCGA-61-2094-01	0	0	0
TCGA-24-2036-01	0	0	0
TCGA-24-2261-01	0	0	0
TCGA-24-2033-01	0	0	0
TCGA-61-2003-01	0	0	0
TCGA-61-2008-01	0	0	0
TCGA-23-2077-01	0	0	0
TCGA-61-1736-01	0	0	0
TCGA-61-2097-01	0	0	0
TCGA-61-2016-01	0	0	0
TCGA-09-2056-01	0	0	0
TCGA-24-2030-01	0	0	0
TCGA-61-2002-01	0	0	0
X1032	0	0	0
X103	0	0	0
X106	0	0	0
X1097	0	0	0
X1098	0	0	0
X1172	0	0	0
X1177	0	0	0
X1192	0	0	0
X1196	0	0	0
X119	0	0	0
X120	0	0	0
X1230	0	0	0
X1237	0	0	0
X1265	0	0	0
X1269	0	0	0
X1283	0	0	0
X128	0	0	0
X1341	0	0	0
X1364	0	0	0
X137	0	0	0
X1410	0	0	0
X1419	0	0	0
X1471	0	0	0
X1499	0	0	0
X1530	0	0	0
X1552	0	0	0
X1568	0	0	0
X1580	0	0	0
X1582	0	0	0
X1593	0	0	0
X1605	0	0	0
X1634	0	0	0
X1652	0	0	0
X1689	0	0	0
X1751	0	0	0
X1851	0	0	0
X1922	0	0	0
X1979	0	0	0
X2090	0	0	0
X2120	0	0	0
X2152	0	0	0
X2212	0	0	0
X2354	0	0	0
X2357	0	0	0
X2362	0	0	0
X2374	0	0	0
X23	0	0	0
X2401	0	0	0
X2412	0	0	0
X2415	0	0	0
X2429	0	0	0
X2443	0	0	0
X2503	0	0	0
X2529	0	0	0
X2554	0	0	0
X2556	0	0	0
X2577	0	0	0
X2587	0	0	0
X2593	0	0	0
X2638	0	0	0
X2648	0	0	0
X2665	0	0	0
X2700	0	0	0
X2716	0	0	0
X2763	0	0	0
X2773	0	0	0
X2797	0	0	0
X2825	0	0	0
X2890	0	0	0
X2902	0	0	0
X2949	0	0	0
X2991	0	0	0
X2998	0	0	0
X300	0	0	0
X301	0	0	0
X3056	0	0	0
X3059	0	0	0
X3080	0	0	0
X3107	0	0	0
X3144	0	0	0
X3151	0	0	0
X3238	0	0	0
X3297	0	0	0
X3349	0	0	0
X3391	0	0	0
X342	0	0	0
X356	0	0	0
X429	0	0	0
X451	0	0	0
X472	0	0	0
X544	0	0	0
X592	0	0	0
X655	0	0	0
X80	0	0	0
X860	0	0	0
X88	0	0	0
X935	0	0	0
X93	0	0	0
X94	0	0	0
X970	0	0	0
X987	0	0	0
X991	0	0	0
OVCA10-02	0	0	0
OVCA102	0	0	0
OVCA103	0	0	0
OVCA104	0	0	0
OVCA105	0	0	0
OVCA107	0	0	0
OVCA11	0	0	0
OVCA110	0	0	0
OVCA111	0	0	0
OVCA112	0	0	0
OVCA113	0	0	0
OVCA114	0	0	0
OVCA115	0	0	0
OVCA116	0	0	0
OVCA117	0	0	0
OVCA118	0	0	0
OVCA119	0	0	0
OVCA12-02	0	0	0
OVCA120	0	0	0
OVCA121	0	0	0
OVCA122	0	0	0
OVCA124	0	0	0
OVCA125	0	0	0
OVCA126	0	0	0
OVCA127	0	0	0
OVCA128	0	0	0
OVCA129	0	0	0
OVCA13	0	0	0
OVCA130	0	0	0
OVCA131	0	0	0
OVCA132	0	0	0
OVCA133	0	0	0
OVCA134	0	0	0
OVCA135	0	0	0
OVCA136	0	0	0
OVCA137	0	0	0
OVCA138	0	0	0
OVCA139	0	0	0
OVCA14	0	0	0
OVCA140	0	0	0
OVCA141	0	0	0
OVCA142	0	0	0
OVCA143	0	0	0
OVCA144	0	0	0
OVCA145	0	0	0
OVCA146	0	0	0
OVCA147	0	0	0
OVCA148	0	0	0
OVCA149	0	0	0
OVCA150	0	0	0
OVCA151	0	0	0
OVCA152	0	0	0
OVCA153	0	0	0
OVCA154	0	0	0
OVCA155	0	0	0
OVCA156	0	0	0
OVCA157	0	0	0
OVCA158	0	0	0
OVCA159	0	0	0
OVCA160	0	0	0
OVCA161	0	0	0
OVCA162	0	0	0
OVCA163	0	0	0
OVCA164	0	0	0
OVCA165	0	0	0
OVCA166	0	0	0
OVCA168	0	0	0
OVCA169	0	0	0
OVCA17	0	0	0
OVCA170	0	0	0
OVCA171	0	0	0
OVCA172	0	0	0
OVCA173	0	0	0
OVCA174	0	0	0
OVCA175	0	0	0
OVCA176	0	0	0
OVCA177	0	0	0
OVCA178	0	0	0
OVCA179	0	0	0
OVCA18	0	0	0
OVCA180	0	0	0
OVCA181	0	0	0
OVCA182	0	0	0
OVCA184	0	0	0
OVCA185	0	0	0
OVCA186	0	0	0
OVCA187	0	0	0
OVCA188	0	0	0
OVCA189	0	0	0
OVCA19	0	0	0
OVCA190	0	0	0
OVCA192	0	0	0
OVCA193	0	0	0
OVCA194	0	0	0
OVCA195	0	0	0
OVCA196	0	0	0
OVCA197	0	0	0
OVCA198	0	0	0
OVCA199	0	0	0
OVCA2	0	0	0
OVCA20-02	0	0	0
OVCA200	0	0	0
OVCA201	0	0	0
OVCA202	0	0	0
OVCA203	0	0	0
OVCA204	0	0	0
OVCA205	0	0	0
OVCA206	0	0	0
OVCA207	0	0	0
OVCA208	0	0	0
OVCA209	0	0	0
OVCA210	0	0	0
OVCA211	0	0	0
OVCA212	0	0	0
OVCA213	0	0	0
OVCA214	0	0	0
OVCA215	0	0	0
OVCA216	0	0	0
OVCA217	0	0	0
OVCA218	0	0	0
OVCA219	0	0	0
OVCA22	0	0	0
OVCA221	0	0	0
OVCA222	0	0	0
OVCA223	0	0	0
OVCA224	0	0	0
OVCA225	0	0	0
OVCA226	0	0	0
OVCA227	0	0	0
OVCA228	0	0	0
OVCA229	0	0	0
OVCA23	0	0	0
OVCA230	0	0	0
OVCA231	0	0	0
OVCA232	0	0	0
OVCA234	0	0	0
OVCA235	0	0	0
OVCA236	0	0	0
OVCA237	0	0	0
OVCA239	0	0	0
OVCA24	0	0	0
OVCA240	0	0	0
OVCA241	0	0	0
OVCA242	0	0	0
OVCA243	0	0	0
OVCA244	0	0	0
OVCA245R	0	0	0
OVCA246	0	0	0
OVCA247	0	0	0
OVCA248	0	0	0
OVCA249	0	0	0
OVCA25-02	0	0	0
OVCA250	0	0	0
OVCA252	0	0	0
OVCA253	0	0	0
OVCA254	0	0	0
OVCA255	0	0	0
OVCA257	0	0	0
OVCA258	0	0	0
OVCA259	0	0	0
OVCA260	0	0	0
OVCA261	0	0	0
OVCA262	0	0	0
OVCA263	0	0	0
OVCA264	0	0	0
OVCA265	0	0	0
OVCA266	0	0	0
OVCA267	0	0	0
OVCA268	0	0	0
OVCA269R	0	0	0
OVCA27	0	0	0
OVCA270R	0	0	0
OVCA272	0	0	0
OVCA273	0	0	0
OVCA274	0	0	0
OVCA275	0	0	0
OVCA276	0	0	0
OVCA277	0	0	0
OVCA278	0	0	0
OVCA279	0	0	0
OVCA28-02	0	0	0
OVCA280	0	0	0
OVCA281	0	0	0
OVCA282	0	0	0
OVCA285	0	0	0
OVCA286	0	0	0
OVCA288	0	0	0
OVCA289	0	0	0
OVCA29	0	0	0
OVCA291	0	0	0
OVCA292	0	0	0
OVCA293	0	0	0
OVCA294	0	0	0
OVCA295	0	0	0
OVCA296	0	0	0
OVCA297	0	0	0
OVCA298	0	0	0
OVCA299	0	0	0
OVCA3	0	0	0
OVCA300	0	0	0
OVCA301	0	0	0
OVCA302	0	0	0
OVCA303	0	0	0
OVCA304	0	0	0
OVCA305	0	0	0
OVCA306	0	0	0
OVCA308	0	0	0
OVCA309	0	0	0
OVCA31	0	0	0
OVCA310	0	0	0
OVCA311	0	0	0
OVCA312	0	0	0
OVCA313	0	0	0
OVCA314	0	0	0
OVCA315	0	0	0
OVCA316	0	0	0
OVCA317	0	0	0
OVCA318	0	0	0
OVCA319	0	0	0
OVCA32	0	0	0
OVCA321	0	0	0
OVCA322	0	0	0
OVCA324	0	0	0
OVCA325	0	0	0
OVCA328	0	0	0
OVCA329	0	0	0
OVCA33	0	0	0
OVCA330	0	0	0
OVCA331	0	0	0
OVCA334	0	0	0
OVCA335	0	0	0
OVCA336	0	0	0
OVCA337	0	0	0
OVCA338	0	0	0
OVCA339	0	0	0
OVCA34	0	0	0
OVCA340	0	0	0
OVCA341	0	0	0
OVCA342	0	0	0
OVCA343	0	0	0
OVCA344	0	0	0
OVCA345	0	0	0
OVCA346	0	0	0
OVCA347	0	0	0
OVCA348	0	0	0
OVCA349	0	0	0
OVCA35	0	0	0
OVCA350	0	0	0
OVCA351	0	0	0
OVCA352	0	0	0
OVCA353	0	0	0
OVCA354	0	0	0
OVCA355	0	0	0
OVCA356	0	0	0
OVCA357	0	0	0
OVCA358	0	0	0
OVCA359	0	0	0
OVCA36	0	0	0
OVCA360	0	0	0
OVCA361	0	0	0
OVCA363	0	0	0
OVCA364	0	0	0
OVCA365	0	0	0
OVCA366	0	0	0
OVCA367	0	0	0
OVCA368	0	0	0
OVCA369	0	0	0
OVCA37	0	0	0
OVCA371	0	0	0
OVCA372	0	0	0
OVCA373	0	0	0
OVCA375	0	0	0
OVCA376	0	0	0
OVCA377	0	0	0
OVCA378	0	0	0
OVCA379	0	0	0
OVCA38	0	0	0
OVCA380	0	0	0
OVCA381	0	0	0
OVCA383	0	0	0
OVCA384	0	0	0
OVCA385	0	0	0
OVCA386	0	0	0
OVCA387	0	0	0
OVCA388	0	0	0
OVCA389	0	0	0
OVCA39	0	0	0
OVCA390	0	0	0
OVCA391	0	0	0
OVCA392	0	0	0
OVCA394	0	0	0
OVCA395	0	0	0
OVCA396	0	0	0
OVCA397	0	0	0
OVCA398	0	0	0
OVCA399	0	0	0
OVCA4	0	0	0
OVCA400	0	0	0
OVCA401	0	0	0
OVCA402	0	0	0
OVCA403	0	0	0
OVCA405	0	0	0
OVCA406	0	0	0
OVCA407	0	0	0
OVCA408	0	0	0
OVCA409	0	0	0
OVCA410	0	0	0
OVCA411	0	0	0
OVCA412	0	0	0
OVCA414	0	0	0
OVCA415	0	0	0
OVCA416	0	0	0
OVCA417	0	0	0
OVCA418	0	0	0
OVCA419	0	0	0
OVCA420	0	0	0
OVCA421	0	0	0
OVCA422	0	0	0
OVCA423	0	0	0
OVCA424	0	0	0
OVCA425	0	0	0
OVCA426	0	0	0
OVCA427	0	0	0
OVCA43	0	0	0
OVCA44	0	0	0
OVCA47	0	0	0
OVCA50	0	0	0
OVCA52	0	0	0
OVCA53	0	0	0
OVCA54	0	0	0
OVCA55	0	0	0
OVCA56	0	0	0
OVCA58	0	0	0
OVCA59	0	0	0
OVCA6	0	0	0
OVCA60	0	0	0
OVCA62	0	0	0
OVCA63	0	0	0
OVCA64	0	0	0
OVCA65	0	0	0
OVCA66	0	0	0
OVCA67	0	0	0
OVCA68	0	0	0
OVCA69	0	0	0
OVCA7-02	0	0	0
OVCA71	0	0	0
OVCA72	0	0	0
OVCA73	0	0	0
OVCA74	0	0	0
OVCA77	0	0	0
OVCA78	0	0	0
OVCA79	0	0	0
OVCA8	0	0	0
OVCA81	0	0	0
OVCA85	0	0	0
OVCA86	0	0	0
OVCA88	0	0	0
OVCA89	0	0	0
OVCA9	0	0	0
OVCA90	0	0	0
OVCA91	0	0	0
OVCA94	0	0	0
OVCA96	0	0	0
OVCA99	0	0	0
GSM692786_JB0722	0	0	0
GSM692802_JB0782	0	0	0
GSM692805_JB0785	0	0	0
