Sample	Percent	Start	End
P-0000067-T02-IM5	0	0	0
P-0000073-T01-IM3	0.731993591652119	0.0118816198706544	0.743875211522773
P-0000199-T01-IM3	0.716588571991588	0.0118816198706544	0.728470191862242
P-0000334-T01-IM3	0	0	0
P-0000366-T01-IM3	0	0	0
P-0000633-T01-IM3	0.0407535631268297	0.0118816198706544	0.0526351829974842
P-0000666-T01-IM3	0.0716491248836451	0.0118816198706544	0.0835307447542996
P-0000667-T01-IM3	0	0	0
P-0001080-T01-IM3	0	0	0
P-0001272-T01-IM3	0.731993591652119	0.0118816198706544	0.743875211522773
P-0001284-T01-IM3	0.393204264003104	0.0118816198706544	0.405104445421956
P-0001285-T01-IM3	0	0	0
P-0001392-T01-IM3	0	0	0
P-0001457-T01-IM3	0	0	0
P-0001478-T01-IM3	0	0	0
P-0001547-T01-IM3	0	0	0
P-0001570-T01-IM3	0.373761497086464	0.0118816198706544	0.385643116957118
P-0001575-T01-IM3	0.731993591652119	0.0118816198706544	0.743875211522773
P-0001677-T01-IM3	0	0	0
P-0001747-T01-IM3	0.731993591652119	0.0118816198706544	0.743875211522773
P-0001752-T01-IM3	0	0	0
P-0001796-T01-IM3	0.721800244978017	0.0118816198706544	0.733681864848672
P-0001799-T01-IM3	0	0	0
P-0001911-T01-IM3	0.0918673301828745	0.0118816198706544	0.103748950053529
P-0001965-T01-IM3	0	0	0
P-0002010-T02-IM5	0	0	0
P-0002242-T02-IM3	0.711127559638521	0.0118816198706544	0.743875211522773
P-0002288-T01-IM3	0	0	0
P-0002302-T01-IM3	0.7141242375967	0.0118816198706544	0.743875211522773
P-0002310-T01-IM3	0	0	0
P-0002363-T01-IM3	0.731993591652119	0.0118816198706544	0.743875211522773
P-0002536-T01-IM3	0.283179576652306	0.0118816198706544	0.323315593382907
P-0002802-T01-IM3	0.731993591652119	0.0118816198706544	0.743875211522773
P-0002982-T01-IM3	0.0045230354508607	0.0118816198706544	0.0164046553215151
P-0003050-T01-IM5	0.604090191619835	0.0118816198706544	0.61597181149049
P-0003191-T01-IM5	0	0	0
P-0003194-T01-IM5	0.697822928714173	0.0118816198706544	0.743875211522773
P-0003355-T01-IM5	0.395589386069131	0.0118816198706544	0.407471005939786
P-0003744-T01-IM5	0	0	0
P-0003748-T01-IM5	0	0	0
P-0003763-T01-IM5	0.685569717302048	0.0118816198706544	0.733681864848672
P-0003829-T01-IM5	0.731993591652119	0.0118816198706544	0.743875211522773
P-0003873-T01-IM5	0	0	0
P-0004167-T01-IM5	0.731993591652119	0.0118816198706544	0.743875211522773
P-0004360-T01-IM5	0.256110381765646	0.0118816198706544	0.452652854574761
P-0004821-T01-IM5	0.513911536185771	0.0118816198706544	0.743875211522773
P-0004822-T01-IM5	0.731993591652119	0.0118816198706544	0.743875211522773
P-0004829-T01-IM5	0	0	0
P-0004867-T01-IM5	0	0	0
P-0005224-T01-IM5	0.25585012673358	0.0118816198706544	0.267731746604234
P-0005516-T01-IM5	0.731993591652119	0.0118816198706544	0.743875211522773
P-0005531-T01-IM5	0.731993591652119	0.0118816198706544	0.743875211522773
P-0005744-T01-IM5	0	0	0
P-0005745-T01-IM5	0.721800244978017	0.0118816198706544	0.733681864848672
P-0005775-T02-IM5	0	0	0
P-0005896-T01-IM5	0	0	0
P-0005946-T01-IM5	0.561635440064683	0.0118816198706544	0.573715721768178
P-0006217-T01-IM5	0.731993591652119	0.0118816198706544	0.743875211522773
P-0006656-T01-IM5	0	0	0
P-0006797-T01-IM5	0	0	0
P-0006984-T01-IM5	0	0	0
P-0007003-T01-IM5	0	0	0
P-0007064-T01-IM5	0	0	0
P-0007134-T01-IM5	0.731993591652119	0.0118816198706544	0.743875211522773
P-0007297-T01-IM5	0	0	0
P-0007738-T01-IM5	0.731993591652119	0.0118816198706544	0.743875211522773
P-0009060-T01-IM5	0.702444147789292	0.0118816198706544	0.743875211522773
P-0009372-T01-IM5	0	0	0
P-0009394-T02-IM6	0	0	0
P-0009524-T01-IM5	0	0	0
P-0009601-T01-IM5	0	0	0
P-0009750-T01-IM5	0.361412970280486	0.0118816198706544	0.405104445421956
P-0009840-T01-IM5	0.418602411465533	0.0118816198706544	0.593547420727828
P-0009979-T02-IM6	0.386485663736256	0.0118816198706544	0.409259011605016
P-0010011-T01-IM5	0	0	0
P-0010214-T01-IM5	0.703930890922599	0.0118816198706544	0.715812510793253
P-0010225-T01-IM5	0	0	0
P-0010357-T01-IM5	0	0	0
P-0010510-T01-IM5	0	0	0
P-0010594-T01-IM5	0	0	0
P-0010633-T01-IM5	0.332216105689013	0.0118816198706544	0.409225707352534
P-0011086-T01-IM5	0	0	0
P-0011589-T01-IM5	0.0422875173326139	0.0118816198706544	0.0541691372032684
P-0012173-T01-IM5	0.731972776494317	0.0118816198706544	0.743875211522773
P-0012367-T01-IM5	0.716588571991588	0.0118816198706544	0.728470191862242
P-0012502-T01-IM5	0	0	0
P-0013101-T01-IM5	0	0	0
P-0013279-T01-IM5	0	0	0
P-0013641-T01-IM5	0	0	0
P-0013695-T01-IM5	0.570264150662603	0.0118816198706544	0.582145770533258
P-0013840-T01-IM5	0.731993591652119	0.0118816198706544	0.743875211522773
P-0014032-T01-IM5	0.370014342545169	0.0118816198706544	0.743875211522773
P-0014146-T01-IM5	0	0	0
P-0014391-T01-IM6	0	0	0
P-0014409-T02-IM6	0	0	0
P-0014561-T01-IM6	0	0	0
P-0014697-T01-IM6	0	0	0
P-0014723-T01-IM6	0	0	0
P-0014861-T01-IM6	0.60388390848906	0.0118816198706544	0.615765528359714
P-0014953-T01-IM6	0.731993591652119	0.0118816198706544	0.743875211522773
P-0015095-T01-IM6	0	0	0
P-0015271-T01-IM6	0	0	0
P-0015651-T03-IM6	0	0	0
P-0015810-T01-IM6	0.731993591652119	0.0118816198706544	0.743875211522773
P-0016129-T01-IM6	0.0045230354508607	0.0118816198706544	0.0164046553215151
P-0016322-T01-IM6	0.0422875173326139	0.0118816198706544	0.0541691372032684
P-0016553-T01-IM6	0.0942919272942272	0.0118816198706544	0.106173547164882
P-0016865-T01-IM6	0.731993591652119	0.0118816198706544	0.743875211522773
P-0017005-T01-IM6	0.0918673301828745	0.0118816198706544	0.103748950053529
P-0017327-T01-IM6	0	0	0
P-0017434-T01-IM6	0.731993591652119	0.0118816198706544	0.743875211522773
P-0017470-T01-IM6	0	0	0
P-0017516-T01-IM6	0.724753596267183	0.0118816198706544	0.743875211522773
P-0017563-T01-IM5	0	0	0
P-0017787-T01-IM6	0.509295365196166	0.0118816198706544	0.521176985066821
P-0018184-T01-IM6	0.534132199968205	0.0118816198706544	0.743875211522773
P-0018211-T01-IM6	0	0	0
P-0018212-T01-IM6	0	0	0
P-0018606-T01-IM6	0.731993591652119	0.0118816198706544	0.743875211522773
P-0018612-T01-IM6	0.0045230354508607	0.0118816198706544	0.0164046553215151
P-0018647-T01-IM6	0	0	0
P-0018755-T01-IM6	0.731993591652119	0.0118816198706544	0.743875211522773
P-0018757-T01-IM6	0	0	0
P-0018996-T01-IM6	0	0	0
P-0019008-T01-IM6	0.519048553232213	0.0118816198706544	0.743875211522773
P-0019026-T01-IM6	0.731993591652119	0.0118816198706544	0.743875211522773
P-0019325-T01-IM6	0	0	0
P-0019337-T01-IM6	0.731993591652119	0.0118816198706544	0.743875211522773
P-0019383-T01-IM6	0.731993591652119	0.0118816198706544	0.743875211522773
P-0019391-T01-IM6	0	0	0
P-0019454-T01-IM6	0.731993591652119	0.0118816198706544	0.743875211522773
P-0019652-T02-IM6	0	0	0
P-0019668-T01-IM6	0.719275571210339	0.0118816198706544	0.743875211522773
P-0019814-T01-IM6	0	0	0
P-0019841-T01-IM6	0.0896794112496536	0.0118816198706544	0.101561031120308
P-0019908-T01-IM6	0	0	0
P-0019953-T01-IM6	0	0	0
P-0019991-T01-IM6	0.442833836553431	0.0118816198706544	0.454715456424086
P-0020007-T01-IM6	0	0	0
P-0020012-T01-IM6	0	0	0
P-0020058-T01-IM6	0	0	0
P-0020105-T01-IM6	0.730362748623231	0.0118816198706544	0.743875211522773
P-0020112-T01-IM6	0	0	0
P-0020115-T01-IM6	0.731993591652119	0.0118816198706544	0.743875211522773
P-0020298-T01-IM6	0.420103864523349	0.0118816198706544	0.431985484394003
P-0020313-T01-IM6	0	0	0
P-0020323-T01-IM6	0	0	0
P-0020354-T01-IM6	0	0	0
P-0020432-T01-IM6	0.276332545222836	0.0118816198706544	0.304090680857993
P-0020525-T01-IM6	0.731993591652119	0.0118816198706544	0.743875211522773
P-0020552-T01-IM6	0	0	0
P-0020687-T01-IM6	0	0	0
P-0020688-T01-IM6	0	0	0
P-0020699-T01-IM6	0	0	0
P-0020767-T01-IM6	0	0	0
P-0020831-T01-IM6	0.397910333528567	0.0118816198706544	0.599170963405568
P-0020968-T01-IM6	0	0	0
P-0020970-T01-IM6	0.207792934481529	0.0118816198706544	0.219674554352184
P-0021303-T01-IM6	0	0	0
P-0021368-T01-IM6	0.715710467350364	0.0118816198706544	0.743875211522773
P-0021402-T01-IM6	0	0	0
P-0021409-T01-IM6	0	0	0
P-0021499-T01-IM6	0.71987126988582	0.0118816198706544	0.743875211522773
P-0021524-T01-IM6	0.618965989990745	0.0118816198706544	0.743875211522773
P-0021592-T01-IM6	0	0	0
P-0021602-T01-IM6	0	0	0
P-0021750-T01-IM6	0	0	0
P-0021759-T01-IM6	0	0	0
P-0021762-T02-IM6	0	0	0
P-0021785-T01-IM6	0	0	0
P-0021891-T01-IM6	0.731559005575996	0.0118816198706544	0.743875211522773
P-0021905-T02-IM6	0.731993591652119	0.0118816198706544	0.743875211522773
P-0021908-T01-IM6	0	0	0
P-0021924-T01-IM6	0.731993591652119	0.0118816198706544	0.743875211522773
P-0021932-T02-IM6	0	0	0
P-0022003-T01-IM6	0	0	0
P-0022016-T01-IM6	0.271769133282807	0.0118816198706544	0.573762441144015
P-0022058-T01-IM6	0	0	0
P-0022059-T01-IM6	0	0	0
P-0022079-T01-IM6	0	0	0
P-0022098-T01-IM6	0	0	0
P-0022130-T01-IM6	0	0	0
P-0022131-T01-IM6	0	0	0
P-0022185-T01-IM6	0.731990100605968	0.0118816198706544	0.743875211522773
P-0022522-T01-IM6	0	0	0
P-0022610-T01-IM6	0	0	0
P-0022867-T01-IM6	0.731993591652119	0.0118816198706544	0.743875211522773
P-0023037-T01-IM6	0.0422875173326139	0.0118816198706544	0.0541691372032684
P-0023069-T01-IM6	0	0	0
P-0023372-T01-IM6	0	0	0
P-0023507-T01-IM6	0.0716491248836451	0.0118816198706544	0.0835307447542996
P-0023547-T01-IM6	0.390063715607777	0.0118816198706544	0.743875211522773
P-0023632-T01-IM6	0	0	0
P-0023747-T01-IM6	0	0	0
P-0023834-T01-IM6	0	0	0
P-0023856-T01-IM6	0	0	0
P-0023920-T01-IM6	0	0	0
P-0023995-T01-IM6	0	0	0
P-0023996-T01-IM6	0.367689699165982	0.0118816198706544	0.409259011605016
P-0024019-T01-IM6	0.716588571991588	0.0118816198706544	0.728470191862242
P-0024048-T01-IM6	0	0	0
P-0024118-T01-IM6	0	0	0
P-0024149-T01-IM6	0	0	0
P-0024444-T01-IM6	0.731993591652119	0.0118816198706544	0.743875211522773
P-0024448-T01-IM6	0	0	0
P-0024723-T01-IM6	0.509295365196166	0.0118816198706544	0.521176985066821
P-0024726-T01-IM6	0.731993591652119	0.0118816198706544	0.743875211522773
P-0024738-T01-IM6	0	0	0
P-0024774-T01-IM6	0	0	0
P-0024831-T01-IM6	0	0	0
P-0024926-T01-IM6	0.731993591652119	0.0118816198706544	0.743875211522773
P-0024935-T01-IM6	0.731993591652119	0.0118816198706544	0.743875211522773
P-0024971-T01-IM6	0.223690486667322	0.0118816198706544	0.235572106537976
P-0025014-T01-IM6	0.0045230354508607	0.0118816198706544	0.0164046553215151
P-0025026-T01-IM6	0.731993591652119	0.0118816198706544	0.743875211522773
P-0025135-T01-IM6	0.731993591652119	0.0118816198706544	0.743875211522773
P-0025136-T01-IM6	0	0	0
P-0025545-T01-IM6	0.0918673301828745	0.0118816198706544	0.103748950053529
P-0025645-T01-IM6	0.723198556470446	0.0118816198706544	0.743875211522773
P-0025761-T01-IM6	0	0	0
P-0025802-T02-IM6	0.731993591652119	0.0118816198706544	0.743875211522773
P-0025859-T01-IM6	0	0	0
P-0025946-T01-IM6	0	0	0
P-0025958-T01-IM6	0	0	0
P-0025993-T01-IM6	0	0	0
P-0026190-T01-IM6	0	0	0
P-0026328-T01-IM6	0	0	0
P-0026490-T01-IM6	0.731988986093582	0.0118816198706544	0.743875211522773
P-0026493-T01-IM6	0	0	0
P-0026495-T01-IM6	0	0	0
P-0026514-T01-IM6	0.731993591652119	0.0118816198706544	0.743875211522773
P-0026533-T01-IM6	0.0045230354508607	0.0118816198706544	0.0164046553215151
P-0026539-T01-IM6	0	0	0
P-0026707-T01-IM6	0.546923712667922	0.0118816198706544	0.743875211522773
P-0026758-T01-IM6	0	0	0
P-0026882-T01-IM6	0	0	0
P-0026969-T01-IM6	0	0	0
P-0027035-T01-IM6	0.709677923211719	0.0118816198706544	0.733681864848672
P-0027075-T01-IM6	0.60342168086677	0.0118816198706544	0.743875211522773
P-0027109-T01-IM6	0	0	0
P-0027163-T01-IM6	0	0	0
P-0027164-T01-IM6	0	0	0
P-0027239-T01-IM6	0.227826196284201	0.0118816198706544	0.239707816154855
P-0027262-T01-IM6	0	0	0
P-0027714-T01-IM6	0.664930242710722	0.0118816198706544	0.743875211522773
P-0027958-T01-IM6	0	0	0
P-0027978-T01-IM6	0	0	0
P-0027999-T01-IM6	0	0	0
P-0028009-T01-IM6	0	0	0
P-0028066-T01-IM6	0	0	0
P-0028308-T01-IM6	0	0	0
P-0028329-T01-IM6	0	0	0
P-0028414-T01-IM6	0	0	0
P-0028499-T01-IM6	0.731993591652119	0.0118816198706544	0.743875211522773
P-0028513-T01-IM6	0	0	0
P-0028549-T01-IM6	0.731993591652119	0.0118816198706544	0.743875211522773
P-0028695-T01-IM6	0	0	0
P-0028702-T01-IM6	0.731993591652119	0.0118816198706544	0.743875211522773
P-0028778-T01-IM6	0	0	0
P-0028917-T01-IM6	0.70396966120274	0.0118816198706544	0.743875211522773
P-0029223-T01-IM6	0.566069879975785	0.0118816198706544	0.62868983193227
P-0029292-T01-IM6	0.731993591652119	0.0118816198706544	0.743875211522773
P-0029354-T01-IM6	0.388294009252534	0.0118816198706544	0.431985484394003
P-0029393-T01-IM6	0	0	0
P-0029474-T01-IM6	0.691126045048968	0.0118816198706544	0.733681864848672
P-0029537-T01-IM6	0.669781879026744	0.0118816198706544	0.743875211522773
P-0029723-T01-IM6	0	0	0
P-0029789-T01-IM6	0	0	0
P-0029835-T01-IM6	0.240008062513721	0.0118816198706544	0.599166349652086
P-0029946-T01-IM6	0	0	0
P-0030026-T01-IM6	0	0	0
P-0030139-T01-IM6	0.67142053183728	0.0118816198706544	0.743875211522773
P-0030380-T01-IM6	0.731993591652119	0.0118816198706544	0.743875211522773
P-0030503-T01-IM6	0.731993591652119	0.0118816198706544	0.743875211522773
P-0030505-T01-IM6	0.716588571991588	0.0118816198706544	0.728470191862242
P-0030569-T01-IM6	0	0	0
P-0030669-T01-IM6	0	0	0
P-0030676-T01-IM6	0	0	0
P-0030697-T01-IM6	0	0	0
P-0030836-T01-IM6	0	0	0
P-0030867-T01-IM6	0	0	0
P-0030958-T01-IM6	0.577134603242072	0.0118816198706544	0.743875211522773
P-0030962-T01-IM6	0.731993591652119	0.0118816198706544	0.743875211522773
P-0031085-T01-IM6	0.731993591652119	0.0118816198706544	0.743875211522773
P-0031385-T01-IM6	0	0	0
P-0031395-T01-IM6	0	0	0
P-0031498-T01-IM6	0	0	0
P-0031648-T01-IM6	0	0	0
P-0031749-T01-IM6	0	0	0
P-0031751-T01-IM6	0.0716376437670784	0.0118816198706544	0.0835192636377329
P-0031946-T01-IM6	0	0	0
P-0032092-T01-IM6	0	0	0
P-0032093-T01-IM6	0	0	0
P-0032130-T02-IM6	0	0	0
P-0032378-T01-IM6	0	0	0
P-0032525-T01-IM6	0	0	0
P-0032819-T01-IM6	0	0	0
P-0032956-T01-IM6	0.731993591652119	0.0118816198706544	0.743875211522773
P-0033218-T02-IM6	0	0	0
P-0033335-T01-IM6	0.587289343534913	0.0118816198706544	0.599170963405568
P-0033345-T01-IM6	0.731993591652119	0.0118816198706544	0.743875211522773
P-0033523-T01-IM6	0	0	0
P-0033555-T01-IM6	0	0	0
P-0033690-T01-IM6	0	0	0
P-0033692-T01-IM6	0	0	0
P-0033715-T01-IM6	0.651283653162467	0.0118816198706544	0.743875211522773
P-0033726-T01-IM6	0.353870827309674	0.0118816198706544	0.397578356346471
P-0033784-T01-IM6	0.731993591652119	0.0118816198706544	0.743875211522773
P-0033787-T01-IM6	0.661202756035066	0.0118816198706544	0.743875211522773
P-0033798-T01-IM6	0	0	0
P-0033879-T01-IM6	0	0	0
P-0034102-T01-IM6	0	0	0
P-0034239-T01-IM6	0	0	0
P-0034250-T01-IM6	0.292228433834993	0.0118816198706544	0.312905088887321
P-0034383-T01-IM6	0	0	0
P-0034418-T01-IM6	0.0942919272942272	0.0118816198706544	0.106173547164882
P-0034470-T01-IM6	0	0	0
P-0034484-T01-IM6	0.731993591652119	0.0118816198706544	0.743875211522773
P-0034622-T01-IM6	0.122546324154174	0.0118816198706544	0.134427944024828
P-0034814-T01-IM6	0	0	0
P-0034885-T01-IM6	0.0045230354508607	0.0118816198706544	0.0164046553215151
P-0034907-T01-IM6	0	0	0
P-0034976-T01-IM6	0	0	0
P-0035075-T01-IM6	0	0	0
P-0035118-T01-IM6	0	0	0
P-0035120-T01-IM6	0.731993591652119	0.0118816198706544	0.743875211522773
P-0035374-T01-IM6	0	0	0
P-0035378-T01-IM6	0	0	0
P-0035382-T01-IM6	0	0	0
P-0035530-T01-IM6	0	0	0
P-0035584-T01-IM6	0.731993591652119	0.0118816198706544	0.743875211522773
P-0035753-T01-IM6	0.731993591652119	0.0118816198706544	0.743875211522773
P-0035898-T01-IM6	0.607835158111078	0.0118816198706544	0.743875211522773
P-0036013-T01-IM6	0	0	0
P-0036015-T01-IM6	0.0942919272942272	0.0118816198706544	0.106173547164882
P-0036061-T01-IM6	0	0	0
P-0036236-T01-IM6	0.731993591652119	0.0118816198706544	0.743875211522773
P-0036257-T01-IM6	0	0	0
P-0036321-T01-IM6	0.682636664889211	0.0118816198706544	0.743875211522773
P-0036325-T01-IM6	0	0	0
P-0036326-T01-IM6	0	0	0
P-0036409-T01-IM6	0.71987126988582	0.0118816198706544	0.743875211522773
P-0036457-T01-IM6	0.731993591652119	0.0118816198706544	0.743875211522773
P-0036488-T01-IM6	0	0	0
P-0036705-T01-IM6	0.731993591652119	0.0118816198706544	0.743875211522773
P-0036717-T01-IM6	0.731993591652119	0.0118816198706544	0.743875211522773
P-0036727-T01-IM6	0	0	0
P-0036779-T01-IM6	0.731993591652119	0.0118816198706544	0.743875211522773
P-0036784-T01-IM6	0	0	0
P-0036814-T01-IM6	0.731993591652119	0.0118816198706544	0.743875211522773
P-0036828-T01-IM6	0.719258624066113	0.0118816198706544	0.743875211522773
P-0036869-T01-IM6	0.731993591652119	0.0118816198706544	0.743875211522773
P-0036872-T01-IM6	0.0045230354508607	0.0118816198706544	0.0164046553215151
P-0036886-T01-IM6	0	0	0
P-0036895-T01-IM6	0	0	0
P-0036963-T01-IM6	0	0	0
P-0037025-T01-IM6	0	0	0
P-0037027-T01-IM6	0	0	0
P-0037072-T01-IM6	0	0	0
P-0037085-T01-IM6	0.731993591652119	0.0118816198706544	0.743875211522773
P-0037096-T01-IM6	0.731993591652119	0.0118816198706544	0.743875211522773
P-0037128-T01-IM6	0	0	0
P-0037160-T01-IM6	0.731993591652119	0.0118816198706544	0.743875211522773
P-0037178-T01-IM6	0	0	0
P-0037196-T01-IM6	0.731993591652119	0.0118816198706544	0.743875211522773
P-0037263-T01-IM6	0	0	0
P-0037342-T01-IM6	0.662553422122984	0.0118816198706544	0.743875211522773
P-0037373-T01-IM6	0	0	0
P-0037375-T01-IM6	0	0	0
P-0037424-T01-IM6	0.731993591652119	0.0118816198706544	0.743875211522773
P-0037425-T01-IM6	0.731993591652119	0.0118816198706544	0.743875211522773
P-0037460-T01-IM6	0	0	0
P-0037462-T01-IM6	0	0	0
P-0037478-T01-IM6	0	0	0
P-0037553-T01-IM6	0	0	0
P-0037794-T01-IM6	0.398896611430805	0.0118816198706544	0.598618279991227
P-0037810-T01-IM6	0	0	0
P-0037819-T01-IM6	0.731993591652119	0.0118816198706544	0.743875211522773
P-0037872-T01-IM6	0.731993591652119	0.0118816198706544	0.743875211522773
P-0037874-T01-IM6	0.0045230354508607	0.0118816198706544	0.0164046553215151
P-0037891-T01-IM6	0.731993591652119	0.0118816198706544	0.743875211522773
P-0037899-T01-IM6	0.701945403496466	0.0118816198706544	0.743875211522773
P-0037905-T01-IM6	0	0	0
P-0037974-T01-IM6	0	0	0
P-0037990-T01-IM6	0	0	0
P-0038047-T01-IM6	0.256151528579552	0.0118816198706544	0.339625252913387
P-0038086-T01-IM6	0.731993591652119	0.0118816198706544	0.743875211522773
P-0038093-T01-IM6	0.489544034052484	0.0118816198706544	0.501425653923138
P-0038096-T01-IM6	0.0918673301828745	0.0118816198706544	0.103748950053529
P-0038097-T01-IM6	0.0918673301828745	0.0118816198706544	0.103748950053529
P-0038154-T01-IM6	0.709812402243025	0.0118816198706544	0.733681864848672
P-0038155-T01-IM6	0.731993591652119	0.0118816198706544	0.743875211522773
P-0038238-T01-IM6	0	0	0
P-0038295-T01-IM6	0	0	0
P-0038306-T01-IM6	0.731993591652119	0.0118816198706544	0.743875211522773
P-0038387-T01-IM6	0.731993591652119	0.0118816198706544	0.743875211522773
P-0038419-T01-IM6	0	0	0
P-0038481-T01-IM6	0.0716491248836451	0.0118816198706544	0.0835307447542996
P-0038534-T01-IM6	0.180694696713276	0.0118816198706544	0.323315593382907
P-0038554-T01-IM6	0	0	0
P-0038634-T01-IM6	0	0	0
P-0038660-T01-IM6	0	0	0
P-0038663-T01-IM6	0	0	0
P-0038744-T01-IM6	0	0	0
P-0038745-T01-IM6	0	0	0
P-0038779-T01-IM6	0	0	0
P-0038809-T01-IM6	0	0	0
P-0038960-T01-IM6	0	0	0
P-0038997-T01-IM6	0	0	0
P-0039001-T01-IM6	0	0	0
P-0039070-T01-IM6	0	0	0
P-0039094-T01-IM6	0	0	0
P-0039104-T02-IM6	0	0	0
P-0039120-T01-IM6	0.689125905062934	0.0118816198706544	0.743875211522773
P-0039132-T01-IM6	0	0	0
P-0039180-T01-IM6	0.731993591652119	0.0118816198706544	0.743875211522773
P-0039224-T01-IM6	0.731993591652119	0.0118816198706544	0.743875211522773
P-0039227-T01-IM6	0.230811638974134	0.0118816198706544	0.407495697306106
P-0039241-T01-IM6	0	0	0
P-0039242-T01-IM6	0	0	0
P-0039245-T01-IM6	0.708965413804231	0.0118816198706544	0.743875211522773
P-0039273-T01-IM6	0	0	0
P-0039289-T01-IM6	0.705360335007345	0.0118816198706544	0.743875211522773
P-0039297-T01-IM6	0.0716491248836451	0.0118816198706544	0.0835307447542996
P-0039301-T01-IM6	0.731993591652119	0.0118816198706544	0.743875211522773
P-0039377-T01-IM6	0	0	0
P-0039468-T01-IM6	0	0	0
P-0039511-T02-IM6	0	0	0
P-0039605-T01-IM6	0	0	0
P-0039726-T01-IM6	0	0	0
P-0039767-T01-IM6	0	0	0
P-0039774-T01-IM6	0	0	0
P-0039782-T01-IM6	0	0	0
P-0039797-T01-IM6	0	0	0
P-0039798-T01-IM6	0	0	0
P-0039799-T01-IM6	0.731993591652119	0.0118816198706544	0.743875211522773
P-0039804-T01-IM6	0.0942919272942272	0.0118816198706544	0.106173547164882
P-0039810-T01-IM6	0	0	0
P-0039814-T01-IM6	0.731993591652119	0.0118816198706544	0.743875211522773
P-0039927-T01-IM6	0	0	0
P-0039932-T01-IM6	0	0	0
P-0039993-T01-IM6	0	0	0
P-0040007-T01-IM6	0	0	0
P-0040043-T01-IM6	0	0	0
P-0040044-T01-IM6	0	0	0
P-0040110-T01-IM6	0.710406207886439	0.0118816198706544	0.743875211522773
P-0040143-T01-IM6	0	0	0
P-0040154-T01-IM6	0	0	0
P-0040160-T02-IM6	0	0	0
P-0040212-T01-IM6	0	0	0
P-0040343-T01-IM6	0.0716491248836451	0.0118816198706544	0.0835307447542996
P-0040365-T01-IM6	0.731993591652119	0.0118816198706544	0.743875211522773
P-0040410-T01-IM6	0	0	0
P-0040521-T01-IM6	0	0	0
P-0040555-T02-IM6	0	0	0
P-0040593-T01-IM6	0	0	0
P-0040605-T01-IM6	0	0	0
P-0040702-T01-IM6	0	0	0
P-0040748-T01-IM6	0	0	0
P-0040800-T01-IM6	0	0	0
P-0040803-T01-IM6	0.0716491248836451	0.0118816198706544	0.0835307447542996
P-0040812-T01-IM6	0	0	0
P-0040827-T01-IM6	0.731993591652119	0.0118816198706544	0.743875211522773
P-0040960-T01-IM6	0	0	0
P-0041035-T01-IM6	0	0	0
P-0041163-T01-IM6	0.0622088198101364	0.0118816198706544	0.0740904396807909
P-0041191-T01-IM6	0.731993591652119	0.0118816198706544	0.743875211522773
P-0041225-T01-IM6	0	0	0
P-0041234-T01-IM6	0	0	0
P-0041269-T01-IM6	0	0	0
P-0041279-T01-IM6	0	0	0
P-0041413-T01-IM6	0	0	0
P-0041468-T01-IM6	0.731993591652119	0.0118816198706544	0.743875211522773
P-0041535-T01-IM6	0	0	0
P-0041541-T01-IM6	0.403307171275043	0.0118816198706544	0.743875211522773
P-0041544-T01-IM6	0.688599748682374	0.0118816198706544	0.743875211522773
P-0041618-T01-IM6	0.731993591652119	0.0118816198706544	0.743875211522773
P-0041719-T01-IM6	0.731993591652119	0.0118816198706544	0.743875211522773
P-0041721-T01-IM6	0.731993591652119	0.0118816198706544	0.743875211522773
P-0041837-T01-IM6	0	0	0
P-0041954-T01-IM6	0	0	0
P-0041968-T01-IM6	0	0	0
P-0042152-T01-IM6	0	0	0
P-0042164-T01-IM6	0	0	0
P-0042201-T01-IM6	0	0	0
P-0042216-T01-IM6	0.397377391734361	0.0118816198706544	0.409259011605016
P-0042422-T01-IM6	0	0	0
P-0042500-T01-IM6	0	0	0
P-0042516-T01-IM6	0	0	0
P-0042764-T02-IM6	0	0	0
P-0042815-T01-IM6	0.731993591652119	0.0118816198706544	0.743875211522773
P-0042831-T01-IM6	0	0	0
P-0042866-T01-IM6	0	0	0
P-0043037-T01-IM6	0	0	0
P-0043081-T01-IM6	0	0	0
P-0043240-T01-IM6	0	0	0
P-0043295-T01-IM6	0.731993591652119	0.0118816198706544	0.743875211522773
P-0043571-T01-IM6	0	0	0
P-0043587-T01-IM6	0.298147477999013	0.0118816198706544	0.338283494729614
P-0043617-T01-IM6	0	0	0
P-0043634-T01-IM6	0	0	0
P-0043789-T01-IM6	0.678337638233033	0.0118816198706544	0.743875211522773
P-0043914-T01-IM6	0	0	0
P-0043933-T01-IM6	0.133531187691024	0.0118816198706544	0.145412807561678
P-0043942-T01-IM6	0	0	0
P-0043950-T01-IM6	0	0	0
P-0044023-T01-IM6	0.731993591652119	0.0118816198706544	0.743875211522773
P-0044065-T01-IM6	0	0	0
P-0044185-T01-IM6	0	0	0
P-0044224-T01-IM6	0	0	0
P-0044338-T01-IM6	0.708980525280997	0.0118816198706544	0.743875211522773
P-0044402-T01-IM6	0	0	0
P-0044451-T01-IM6	0.0716491248836451	0.0118816198706544	0.0835307447542996
P-0044555-T01-IM6	0	0	0
P-0044640-T01-IM6	0.731993591652119	0.0118816198706544	0.743875211522773
P-0044704-T01-IM6	0	0	0
P-0044770-T01-IM6	0.731993591652119	0.0118816198706544	0.743875211522773
P-0044817-T01-IM6	0.719759171246623	0.0118816198706544	0.743875211522773
P-0044919-T01-IM6	0.0942919272942272	0.0118816198706544	0.106173547164882
P-0045231-T02-IM6	0	0	0
P-0045312-T01-IM6	0.731993591652119	0.0118816198706544	0.743875211522773
P-0045432-T01-IM6	0	0	0
P-0045469-T01-IM6	0.731993591652119	0.0118816198706544	0.743875211522773
P-0045473-T01-IM6	0.731993591652119	0.0118816198706544	0.743875211522773
P-0045494-T01-IM6	0	0	0
P-0045528-T01-IM6	0.731993591652119	0.0118816198706544	0.743875211522773
P-0045534-T01-IM6	0	0	0
P-0045545-T01-IM6	0.731993591652119	0.0118816198706544	0.743875211522773
P-0045578-T01-IM6	0	0	0
P-0045623-T01-IM6	0	0	0
P-0045641-T01-IM6	0.68381789231465	0.0118816198706544	0.743875211522773
P-0045841-T01-IM6	0	0	0
P-0045902-T01-IM6	0.731993591652119	0.0118816198706544	0.743875211522773
P-0045944-T01-IM6	0	0	0
P-0045993-T01-IM6	0.731993591652119	0.0118816198706544	0.743875211522773
P-0046020-T01-IM6	0.720190446565363	0.0118816198706544	0.743875211522773
P-0046054-T01-IM6	0	0	0
P-0046098-T01-IM6	0	0	0
P-0046249-T01-IM6	0	0	0
P-0046280-T01-IM6	0.731993591652119	0.0118816198706544	0.743875211522773
P-0046283-T01-IM6	0	0	0
P-0046401-T01-IM6	0	0	0
P-0046480-T01-IM6	0	0	0
P-0046489-T01-IM6	0	0	0
P-0046496-T01-IM6	0	0	0
P-0046578-T01-IM6	0.60388390848906	0.0118816198706544	0.615765528359714
P-0046745-T01-IM6	0.731993591652119	0.0118816198706544	0.743875211522773
P-0046802-T01-IM6	0.399649751370725	0.0118816198706544	0.431985484394003
P-0046857-T01-IM6	0.637229438903902	0.0118816198706544	0.743875211522773
P-0046884-T01-IM6	0	0	0
P-0046940-T01-IM6	0.731993591652119	0.0118816198706544	0.743875211522773
P-0047075-T01-IM6	0.731993591652119	0.0118816198706544	0.743875211522773
P-0047149-T01-IM6	0.509295365196166	0.0118816198706544	0.521176985066821
P-0047214-T01-IM6	0.613880732210708	0.0118816198706544	0.743875211522773
P-0047352-T01-IM6	0.731993591652119	0.0118816198706544	0.743875211522773
P-0047444-T01-IM6	0.0045230354508607	0.0118816198706544	0.0164046553215151
P-0047466-T01-IM6	0	0	0
P-0047575-T01-IM6	0	0	0
P-0047577-T01-IM6	0.731993591652119	0.0118816198706544	0.743875211522773
P-0047610-T01-IM6	0	0	0
P-0047695-T01-IM6	0	0	0
P-0047853-T01-IM6	0.602953864292661	0.0118816198706544	0.743875211522773
P-0047947-T01-IM6	0.0045230354508607	0.0118816198706544	0.0164046553215151
P-0048214-T01-IM6	0	0	0
P-0048239-T01-IM6	0	0	0
P-0048254-T01-IM6	0	0	0
P-0048525-T01-IM6	0	0	0
P-0048554-T01-IM6	0.705063686228902	0.0118816198706544	0.743875211522773
P-0048559-T01-IM6	0	0	0
P-0048593-T01-IM6	0	0	0
P-0048624-T01-IM6	0	0	0
P-0048664-T01-IM6	0	0	0
P-0048923-T01-IM6	0.731993591652119	0.0118816198706544	0.743875211522773
P-0049040-T01-IM6	0	0	0
P-0049075-T01-IM6	0	0	0
P-0049127-T01-IM6	0	0	0
P-0049292-T01-IM6	0	0	0
P-0049377-T01-IM6	0.0942919272942272	0.0118816198706544	0.106173547164882
P-0049412-T01-IM6	0	0	0
P-0049417-T01-IM6	0.731993591652119	0.0118816198706544	0.743875211522773
P-0049444-T01-IM6	0	0	0
P-0049541-T01-IM6	0.728990906799975	0.0118816198706544	0.743875211522773
P-0049560-T01-IM6	0	0	0
P-0049686-T01-IM6	0.0716376437670784	0.0118816198706544	0.0835192636377329
P-0049687-T01-IM6	0.731993591652119	0.0118816198706544	0.743875211522773
P-0049782-T01-IM6	0	0	0
P-0049848-T01-IM6	0.0743706248167047	0.0118816198706544	0.106173547164882
P-0049921-T01-IM6	0.564413796519327	0.0118816198706544	0.743875211522773
P-0049943-T01-IM6	0	0	0
P-0050114-T01-IM6	0.702468929299997	0.0118816198706544	0.743875211522773
P-0050148-T01-IM6	0	0	0
P-0050233-T01-IM6	0.731993591652119	0.0118816198706544	0.743875211522773
P-0050400-T01-IM6	0	0	0
P-0000067-T01-IM3	0	0	0
P-0000185-T01-IM3	0.731993591652119	0.0118816198706544	0.743875211522773
P-0000212-T01-IM3	0	0	0
P-0000376-T01-IM3	0.731993591652119	0.0118816198706544	0.743875211522773
P-0000376-T02-IM3	0	0	0
P-0001311-T01-IM3	0	0	0
P-0001681-T02-IM3	0	0	0
P-0001747-T02-IM5	0.72239951664909	0.0118816198706544	0.743875211522773
P-0001966-T01-IM3	0	0	0
P-0002010-T01-IM3	0	0	0
P-0002110-T01-IM3	0.385989558215403	0.0118816198706544	0.405104445421956
P-0002136-T01-IM3	0.0716491248836451	0.0118816198706544	0.0835307447542996
P-0002242-T01-IM3	0.711127559638521	0.0118816198706544	0.743875211522773
P-0002373-T01-IM3	0	0	0
P-0002573-T01-IM3	0.731993591652119	0.0118816198706544	0.743875211522773
P-0002664-T01-IM3	0.417835356510673	0.0118816198706544	0.429716976381327
P-0003050-T01-IM3	0.604090191619835	0.0118816198706544	0.61597181149049
P-0003708-T01-IM5	0.731993591652119	0.0118816198706544	0.743875211522773
P-0004262-T01-IM5	0	0	0
P-0004530-T01-IM5	0	0	0
P-0006537-T01-IM5	0	0	0
P-0007150-T01-IM5	0	0	0
P-0007204-T01-IM5	0	0	0
P-0007221-T01-IM5	0	0	0
P-0007370-T01-IM5	0	0	0
P-0008787-T01-IM5	0.415556121316279	0.0118816198706544	0.431985484394003
P-0008873-T01-IM5	0	0	0
P-0009061-T01-IM5	0	0	0
P-0010051-T01-IM5	0	0	0
P-0010250-T01-IM5	0	0	0
P-0010524-T01-IM5	0	0	0
P-0011557-T01-IM5	0.731993591652119	0.0118816198706544	0.743875211522773
P-0011571-T01-IM5	0.0942919272942272	0.0118816198706544	0.106173547164882
TCGA-72-4234-01	0	0	0
TCGA-72-4238-01	0	0	0
TCGA-72-4232-01	0	0	0
TCGA-72-4237-01	0	0	0
TCGA-72-4236-01	0	0	0
TCGA-72-4235-01	0	0	0
TCGA-72-4241-01	0	0	0
TCGA-72-4240-01	0	0	0
TCGA-72-4231-01	0	0	0
TCGA-09-1669-01	0	0	0
TCGA-25-1635-01	0	0	0
TCGA-04-1519-01	0	0	0
TCGA-25-1632-01	0	0	0
TCGA-09-1667-01	0	0	0
TCGA-09-1665-01	0	0	0
TCGA-24-1557-01	0	0	0
TCGA-36-1577-01	0	0	0
TCGA-36-1580-01	0	0	0
TCGA-57-1585-01	0	0	0
TCGA-24-1567-01	0	0	0
TCGA-36-1575-01	0	0	0
TCGA-24-1558-01	0	0	0
TCGA-04-1525-01	0	0	0
TCGA-04-1536-01	0	0	0
TCGA-09-1662-01	0	0	0
TCGA-24-1544-01	0	0	0
TCGA-09-1666-01	0	0	0
TCGA-36-1574-01	0	0	0
TCGA-36-1581-01	0	0	0
TCGA-57-1582-01	0	0	0
TCGA-57-1583-01	0	0	0
TCGA-25-1630-01	0	0	0
TCGA-24-1546-01	0	0	0
TCGA-25-1623-01	0	0	0
TCGA-09-1659-01	0	0	0
TCGA-25-1627-01	0	0	0
TCGA-36-1576-01	0	0	0
TCGA-36-1570-01	0	0	0
TCGA-09-1668-01	0	0	0
TCGA-04-1517-01	0	0	0
TCGA-36-1569-01	0	0	0
TCGA-36-1578-01	0	0	0
TCGA-36-1568-01	0	0	0
TCGA-24-1545-01	0	0	0
TCGA-25-1626-01	0	0	0
TCGA-25-1631-01	0	0	0
TCGA-57-1584-01	0	0	0
TCGA-24-1556-01	0	0	0
TCGA-25-1634-01	0	0	0
TCGA-25-1625-01	0	0	0
TCGA-24-1548-01	0	0	0
TCGA-61-1740-01	0	0	0
TCGA-61-1738-01	0	0	0
TCGA-29-1775-01	0	0	0
TCGA-61-1907-01	0	0	0
TCGA-04-1638-01	0	0	0
TCGA-24-1846-01	0	0	0
TCGA-23-1029-01	0	0	0
TCGA-04-1651-01	0	0	0
TCGA-29-1778-01	0	0	0
TCGA-24-1842-01	0	0	0
TCGA-61-1733-01	0	0	0
TCGA-24-1843-01	0	0	0
TCGA-61-1722-01	0	0	0
TCGA-61-1737-01	0	0	0
TCGA-04-1648-01	0	0	0
TCGA-30-1855-01	0	0	0
TCGA-04-1649-01	0	0	0
TCGA-61-1900-01	0	0	0
TCGA-61-1906-01	0	0	0
TCGA-61-1895-01	0	0	0
TCGA-61-1904-01	0	0	0
TCGA-61-1899-01	0	0	0
TCGA-61-1915-01	0	0	0
TCGA-24-1844-01	0	0	0
TCGA-24-1845-01	0	0	0
TCGA-61-1727-01	0	0	0
TCGA-04-1646-01	0	0	0
TCGA-30-1856-01	0	0	0
TCGA-61-1725-01	0	0	0
TCGA-61-1903-01	0	0	0
TCGA-61-1901-01	0	0	0
TCGA-29-1776-01	0	0	0
TCGA-61-1913-01	0	0	0
TCGA-29-1777-01	0	0	0
TCGA-23-1111-01	0	0	0
TCGA-29-1769-01	0	0	0
TCGA-61-1914-01	0	0	0
TCGA-61-1911-01	0	0	0
TCGA-30-1857-01	0	0	0
TCGA-24-1850-01	0	0	0
TCGA-61-1910-01	0	0	0
TCGA-13-1494-01	0	0	0
TCGA-13-1482-01	0	0	0
TCGA-13-1511-01	0	0	0
TCGA-24-1426-01	0	0	0
TCGA-13-1507-01	0	0	0
TCGA-13-1492-01	0	0	0
TCGA-24-1419-01	0	0	0
TCGA-24-1435-01	0	0	0
TCGA-24-1422-01	0	0	0
TCGA-13-1512-01	0	0	0
TCGA-24-1467-01	0	0	0
TCGA-13-1504-01	0	0	0
TCGA-24-1430-01	0	0	0
TCGA-24-1436-01	0	0	0
TCGA-13-1489-02	0	0	0
TCGA-13-1501-01	0	0	0
TCGA-13-1510-01	0	0	0
TCGA-24-1417-01	0	0	0
TCGA-13-1487-01	0	0	0
TCGA-24-1416-01	0	0	0
TCGA-13-1484-01	0	0	0
TCGA-13-1509-01	0	0	0
TCGA-24-1427-01	0	0	0
TCGA-13-1491-01	0	0	0
TCGA-24-1428-01	0	0	0
TCGA-13-1505-01	0	0	0
TCGA-13-1483-01	0	0	0
TCGA-13-1481-01	0	0	0
TCGA-13-1495-01	0	0	0
TCGA-13-1497-01	0	0	0
TCGA-13-1496-01	0	0	0
TCGA-13-1488-01	0	0	0
TCGA-13-1498-01	0	0	0
TCGA-24-1423-01	0	0	0
TCGA-24-1431-01	0	0	0
TCGA-24-1466-01	0	0	0
TCGA-24-1463-01	0	0	0
TCGA-13-1506-01	0	0	0
TCGA-24-1424-01	0	0	0
TCGA-13-1500-01	0	0	0
TCGA-13-1489-01	0	0	0
TCGA-13-0723-01	0	0	0
TCGA-13-0800-01	0	0	0
TCGA-13-0802-01	0	0	0
TCGA-13-0727-01	0	0	0
TCGA-13-0755-01	0	0	0
TCGA-13-0761-01	0	0	0
TCGA-13-0791-01	0	0	0
TCGA-13-0792-01	0	0	0
TCGA-13-0805-01	0	0	0
TCGA-09-0364-01	0	0	0
TCGA-09-0365-01	0	0	0
TCGA-13-0714-01	0	0	0
TCGA-13-0804-01	0	0	0
TCGA-13-0768-01	0	0	0
TCGA-13-0793-01	0	0	0
TCGA-09-0367-01	0	0	0
TCGA-13-0751-01	0	0	0
TCGA-13-0797-01	0	0	0
TCGA-13-0725-01	0	0	0
TCGA-13-0795-01	0	0	0
TCGA-13-0764-01	0	0	0
TCGA-13-0720-01	0	0	0
TCGA-09-0366-01	0	0	0
TCGA-13-0724-01	0	0	0
TCGA-13-0801-01	0	0	0
TCGA-13-0717-01	0	0	0
TCGA-13-0760-01	0	0	0
TCGA-13-0762-01	0	0	0
TCGA-13-0791-02	0	0	0
TCGA-13-0758-01	0	0	0
TCGA-13-0803-01	0	0	0
TCGA-13-0757-01	0	0	0
TCGA-13-0799-01	0	0	0
TCGA-13-0794-01	0	0	0
TCGA-13-0730-01	0	0	0
TCGA-13-0726-01	0	0	0
TCGA-13-0766-01	0	0	0
TCGA-13-1407-01	0	0	0
TCGA-04-1350-01	0	0	0
TCGA-04-1356-01	0	0	0
TCGA-25-1320-01	0	0	0
TCGA-25-1312-01	0	0	0
TCGA-13-0900-01	0	0	0
TCGA-13-0905-01	0	0	0
TCGA-25-1315-01	0	0	0
TCGA-04-1362-01	0	0	0
TCGA-04-1367-01	0	0	0
TCGA-04-1365-01	0	0	0
TCGA-25-1318-01	0	0	0
TCGA-13-1405-01	0	0	0
TCGA-25-1319-01	0	0	0
TCGA-04-1348-01	0	0	0
TCGA-25-1329-01	0	0	0
TCGA-13-1408-01	0	0	0
TCGA-13-0901-01	0	0	0
TCGA-13-0908-01	0	0	0
TCGA-04-1349-01	0	0	0
TCGA-24-1413-01	0	0	0
TCGA-13-1409-01	0	0	0
TCGA-25-1323-01	0	0	0
TCGA-25-1322-01	0	0	0
TCGA-04-1364-01	0	0	0
TCGA-13-1410-01	0	0	0
TCGA-13-0893-01	0	0	0
TCGA-04-1360-01	0	0	0
TCGA-25-1313-01	0	0	0
TCGA-13-1404-01	0	0	0
TCGA-13-1411-01	0	0	0
TCGA-25-1316-01	0	0	0
TCGA-04-1361-01	0	0	0
TCGA-25-1314-01	0	0	0
TCGA-24-2267-01	0	0	0
TCGA-24-2295-01	0	0	0
TCGA-24-2293-01	0	0	0
TCGA-09-2044-01	0	0	0
TCGA-24-2297-01	0	0	0
TCGA-59-2352-01	0	0	0
TCGA-59-2351-01	0	0	0
TCGA-25-2392-01	0	0	0
TCGA-09-2045-01	0	0	0
TCGA-24-2280-01	0	0	0
TCGA-09-2043-01	0	0	0
TCGA-25-2397-01	0	0	0
TCGA-25-2391-01	0	0	0
TCGA-25-2409-01	0	0	0
TCGA-29-2427-01	0	0	0
TCGA-29-2414-01	0	0	0
TCGA-09-2055-01	0	0	0
TCGA-24-2271-01	0	0	0
TCGA-09-2051-01	0	0	0
TCGA-25-2399-01	0	0	0
TCGA-24-2298-01	0	0	0
TCGA-25-2404-01	0	0	0
TCGA-29-2428-01	0	0	0
TCGA-24-2289-01	0	0	0
TCGA-13-2060-01	0	0	0
TCGA-59-2355-01	0	0	0
TCGA-59-2363-01	0	0	0
TCGA-24-2290-01	0	0	0
TCGA-25-2396-01	0	0	0
TCGA-24-2288-01	0	0	0
TCGA-25-2398-01	0	0	0
TCGA-09-2049-01	0	0	0
TCGA-59-2348-01	0	0	0
TCGA-24-2281-01	0	0	0
TCGA-24-2262-01	0	0	0
TCGA-09-2048-01	0	0	0
TCGA-29-2425-01	0	0	0
TCGA-59-2354-01	0	0	0
TCGA-25-2401-01	0	0	0
TCGA-25-2400-01	0	0	0
TCGA-59-2350-01	0	0	0
TCGA-25-2393-01	0	0	0
TCGA-29-1707-02	0	0	0
TCGA-13-1819-01	0	0	0
TCGA-13-1817-02	0	0	0
TCGA-61-1916-02	0	0	0
TCGA-24-1852-02	0	0	0
TCGA-61-2095-02	0	0	0
TCGA-29-1692-01	0	0	0
TCGA-29-1704-01	0	0	0
TCGA-13-1819-02	0	0	0
TCGA-29-1704-02	0	0	0
TCGA-29-1692-02	0	0	0
TCGA-13-0913-02	0	0	0
TCGA-29-1705-02	0	0	0
TCGA-29-2414-02	0	0	0
TCGA-23-2643-01	0	0	0
TCGA-36-2543-01	0	0	0
TCGA-36-2538-01	0	0	0
TCGA-36-2534-01	0	0	0
TCGA-13-2059-01	0	0	0
TCGA-36-2542-01	0	0	0
TCGA-36-2529-01	0	0	0
TCGA-23-2641-01	0	0	0
TCGA-13-2057-01	0	0	0
TCGA-13-2071-01	0	0	0
TCGA-04-1369-01	0	0	0
TCGA-36-2547-01	0	0	0
TCGA-36-2530-01	0	0	0
TCGA-13-2065-01	0	0	0
TCGA-04-1644-01	0	0	0
TCGA-29-2429-01	0	0	0
TCGA-36-2552-01	0	0	0
TCGA-29-2431-01	0	0	0
TCGA-36-2537-01	0	0	0
TCGA-04-1516-01	0	0	0
TCGA-61-2613-01	0	0	0
TCGA-13-2066-01	0	0	0
TCGA-23-2647-01	0	0	0
TCGA-36-2549-01	0	0	0
TCGA-36-2544-01	0	0	0
TCGA-36-2548-01	0	0	0
TCGA-13-2061-01	0	0	0
TCGA-36-2532-01	0	0	0
TCGA-42-2590-01	0	0	0
TCGA-29-2434-01	0	0	0
TCGA-42-2589-01	0	0	0
TCGA-36-2539-01	0	0	0
TCGA-23-2649-01	0	0	0
TCGA-61-2612-01	0	0	0
TCGA-42-2582-01	0	0	0
TCGA-36-2551-01	0	0	0
TCGA-42-2588-01	0	0	0
TCGA-42-2591-01	0	0	0
TCGA-42-2587-01	0	0	0
TCGA-61-2614-01	0	0	0
TCGA-42-2593-01	0	0	0
TCGA-23-2645-01	0	0	0
TCGA-29-2436-01	0	0	0
TCGA-61-2610-02	0	0	0
TCGA-36-2533-01	0	0	0
TCGA-59-2372-01	0	0	0
TCGA-36-2545-01	0	0	0
TCGA-3P-A9WA-01	0	0	0
TCGA-13-A5FT-01	0	0	0
TCGA-WR-A838-01	0	0	0
TCGA-OY-A56Q-01	0	0	0
TCGA-OY-A56P-01	0	0	0
TCGA-5X-AA5U-01	0	0	0
TCGA-13-A5FU-01	0	0	0
TCGA-VG-A8LO-01	0	0	0
TCGA-59-A5PD-01	0	0	0
TCGA-13-0910-01	0	0	0
TCGA-13-0897-01	0	0	0
TCGA-10-0937-01	0	0	0
TCGA-13-0903-01	0	0	0
TCGA-13-0924-01	0	0	0
TCGA-13-0891-01	0	0	0
TCGA-13-0886-01	0	0	0
TCGA-13-0807-01	0	0	0
TCGA-10-0935-01	0	0	0
TCGA-10-0928-01	0	0	0
TCGA-24-0966-01	0	0	0
TCGA-13-0888-01	0	0	0
TCGA-13-0904-01	0	0	0
TCGA-13-0916-01	0	0	0
TCGA-13-0923-01	0	0	0
TCGA-10-0933-01	0	0	0
TCGA-13-0921-01	0	0	0
TCGA-13-0887-01	0	0	0
TCGA-10-0927-01	0	0	0
TCGA-13-0899-01	0	0	0
TCGA-13-0906-01	0	0	0
TCGA-13-0889-01	0	0	0
TCGA-13-0885-01	0	0	0
TCGA-13-0890-01	0	0	0
TCGA-10-0936-01	0	0	0
TCGA-10-0930-01	0	0	0
TCGA-13-0920-01	0	0	0
TCGA-13-0912-01	0	0	0
TCGA-13-0913-01	0	0	0
TCGA-10-0934-01	0	0	0
TCGA-10-0931-01	0	0	0
TCGA-10-0926-01	0	0	0
TCGA-13-0919-01	0	0	0
TCGA-13-0911-01	0	0	0
TCGA-61-1728-01	0	0	0
TCGA-57-1994-01	0	0	0
TCGA-30-1860-01	0	0	0
TCGA-31-1944-01	0	0	0
TCGA-30-1862-01	0	0	0
TCGA-24-1920-01	0	0	0
TCGA-30-1859-01	0	0	0
TCGA-04-1654-01	0	0	0
TCGA-57-1993-01	0	0	0
TCGA-25-1871-01	0	0	0
TCGA-31-1950-01	0	0	0
TCGA-24-1923-01	0	0	0
TCGA-25-1878-01	0	0	0
TCGA-31-1959-01	0	0	0
TCGA-24-2020-01	0	0	0
TCGA-30-1891-01	0	0	0
TCGA-30-1861-01	0	0	0
TCGA-31-1946-01	0	0	0
TCGA-24-1928-01	0	0	0
TCGA-24-2023-01	0	0	0
TCGA-25-1870-01	0	0	0
TCGA-61-1917-01	0	0	0
TCGA-61-1918-01	0	0	0
TCGA-30-1853-01	0	0	0
TCGA-61-1724-01	0	0	0
TCGA-24-2026-01	0	0	0
TCGA-30-1892-01	0	0	0
TCGA-31-1953-01	0	0	0
TCGA-10-0925-01	0	0	0
TCGA-57-1992-01	0	0	0
TCGA-30-1866-01	0	0	0
TCGA-31-1951-01	0	0	0
TCGA-24-1927-01	0	0	0
TCGA-61-1919-01	0	0	0
TCGA-24-2027-01	0	0	0
TCGA-30-1880-01	0	0	0
TCGA-24-2029-01	0	0	0
TCGA-31-1955-01	0	0	0
TCGA-29-1784-01	0	0	0
TCGA-20-1685-01	0	0	0
TCGA-30-1714-01	0	0	0
TCGA-09-1673-01	0	0	0
TCGA-20-1686-01	0	0	0
TCGA-29-1688-01	0	0	0
TCGA-20-1684-01	0	0	0
TCGA-24-1847-01	0	0	0
TCGA-29-1711-01	0	0	0
TCGA-29-1768-01	0	0	0
TCGA-29-1697-01	0	0	0
TCGA-29-1701-01	0	0	0
TCGA-20-1682-01	0	0	0
TCGA-29-1699-01	0	0	0
TCGA-29-1695-01	0	0	0
TCGA-29-1770-02	0	0	0
TCGA-20-1683-01	0	0	0
TCGA-29-1763-01	0	0	0
TCGA-29-1702-01	0	0	0
TCGA-09-1675-01	0	0	0
TCGA-30-1718-01	0	0	0
TCGA-29-1766-01	0	0	0
TCGA-57-1586-01	0	0	0
TCGA-29-1703-01	0	0	0
TCGA-29-1698-01	0	0	0
TCGA-20-1687-01	0	0	0
TCGA-29-1691-01	0	0	0
TCGA-29-1707-01	0	0	0
TCGA-09-1672-01	0	0	0
TCGA-29-1705-01	0	0	0
TCGA-09-1674-01	0	0	0
TCGA-29-1781-01	0	0	0
TCGA-29-1783-01	0	0	0
TCGA-04-1655-01	0	0	0
TCGA-29-1771-01	0	0	0
TCGA-29-1770-01	0	0	0
TCGA-29-1762-01	0	0	0
TCGA-23-1809-01	0	0	0
TCGA-29-1785-01	0	0	0
TCGA-29-1696-01	0	0	0
TCGA-29-1694-01	0	0	0
TCGA-23-1114-01	0	0	0
TCGA-09-1670-01	0	0	0
TCGA-29-1693-01	0	0	0
TCGA-24-1425-01	0	0	0
TCGA-24-1604-01	0	0	0
TCGA-24-1471-01	0	0	0
TCGA-24-1474-01	0	0	0
TCGA-24-1562-01	0	0	0
TCGA-24-1552-01	0	0	0
TCGA-24-1563-01	0	0	0
TCGA-24-1603-01	0	0	0
TCGA-04-1514-01	0	0	0
TCGA-24-1551-01	0	0	0
TCGA-24-1555-01	0	0	0
TCGA-24-1614-01	0	0	0
TCGA-24-1549-01	0	0	0
TCGA-24-1550-01	0	0	0
TCGA-24-1470-01	0	0	0
TCGA-24-1616-01	0	0	0
TCGA-24-1553-01	0	0	0
TCGA-24-1469-01	0	0	0
TCGA-24-1564-01	0	0	0
TCGA-24-0968-01	0	0	0
TCGA-04-1337-01	0	0	0
TCGA-24-0982-01	0	0	0
TCGA-23-1120-01	0	0	0
TCGA-20-0991-01	0	0	0
TCGA-20-0987-01	0	0	0
TCGA-04-1332-01	0	0	0
TCGA-23-1027-01	0	0	0
TCGA-23-1028-01	0	0	0
TCGA-23-1021-01	0	0	0
TCGA-23-1116-01	0	0	0
TCGA-24-0979-01	0	0	0
TCGA-23-1032-01	0	0	0
TCGA-23-1022-01	0	0	0
TCGA-04-1336-01	0	0	0
TCGA-24-0970-01	0	0	0
TCGA-04-1335-01	0	0	0
TCGA-24-0981-01	0	0	0
TCGA-24-1104-01	0	0	0
TCGA-23-1119-01	0	0	0
TCGA-23-1023-01	0	0	0
TCGA-20-0990-01	0	0	0
TCGA-04-1347-01	0	0	0
TCGA-04-1346-01	0	0	0
TCGA-23-1124-01	0	0	0
TCGA-23-1121-01	0	0	0
TCGA-23-1026-01	0	0	0
TCGA-23-1110-01	0	0	0
TCGA-24-1103-01	0	0	0
TCGA-23-1030-01	0	0	0
TCGA-04-1341-01	0	0	0
TCGA-04-1338-01	0	0	0
TCGA-23-1109-01	0	0	0
TCGA-23-1123-01	0	0	0
TCGA-04-1331-01	0	0	0
TCGA-24-1105-01	0	0	0
TCGA-23-1024-01	0	0	0
TCGA-04-1343-01	0	0	0
TCGA-23-1118-01	0	0	0
TCGA-23-1113-01	0	0	0
TCGA-23-1117-01	0	0	0
TCGA-61-2098-01	0	0	0
TCGA-09-2053-01	0	0	0
TCGA-24-2038-01	0	0	0
TCGA-24-2019-01	0	0	0
TCGA-61-2109-01	0	0	0
TCGA-23-2078-01	0	0	0
TCGA-23-2081-01	0	0	0
TCGA-61-2102-01	0	0	0
TCGA-61-2012-01	0	0	0
TCGA-61-2104-01	0	0	0
TCGA-61-2092-01	0	0	0
TCGA-24-2024-01	0	0	0
TCGA-61-1995-01	0	0	0
TCGA-61-1734-01	0	0	0
TCGA-24-2260-01	0	0	0
TCGA-23-2072-01	0	0	0
TCGA-61-2096-01	0	0	0
TCGA-09-2054-01	0	0	0
TCGA-61-2018-01	0	0	0
TCGA-23-2079-01	0	0	0
TCGA-61-2111-01	0	0	0
TCGA-61-2008-02	0	0	0
TCGA-61-1998-01	0	0	0
TCGA-23-2084-01	0	0	0
TCGA-24-2254-01	0	0	0
TCGA-61-2110-01	0	0	0
TCGA-61-2000-01	0	0	0
TCGA-61-2094-01	0	0	0
TCGA-24-2036-01	0	0	0
TCGA-24-2261-01	0	0	0
TCGA-24-2033-01	0	0	0
TCGA-61-2008-01	0	0	0
TCGA-23-2077-01	0	0	0
TCGA-61-1736-01	0	0	0
TCGA-61-2097-01	0	0	0
TCGA-61-2016-01	0	0	0
TCGA-09-2056-01	0	0	0
TCGA-61-2087-01	0	0	0
TCGA-24-2030-01	0	0	0
X1032	0.604433322120738	0.00162177942080578	0.743875211522773
X106	0	0	0
X1097	0	0	0
X1098	0.736151476787506	0.00162177942080578	0.743875211522773
X1172	0	0	0
X1177	0.742253432101967	0.00162177942080578	0.743875211522773
X1192	0.741983818443834	0.00162177942080578	0.743875211522773
X1196	0	0	0
X119	0.649210840412898	0.00162095992640416	0.652234774754875
X120	0	0	0
X1230	0.588237178954771	0.00162177942080578	0.74919653286014
X1237	0	0	0
X1265	0	0	0
X1269	0.741417547812315	0.00162095992640416	0.743875211522773
X1283	0.00170290936656615	0.00162177942080578	0.00332468878737193
X128	0.740654598524407	0.00162177942080578	0.743875211522773
X1341	0	0	0
X1364	0.742012500747891	0.00162095992640416	0.743875211522773
X137	0.742255071090771	0.00162014043200254	0.743875211522773
X1410	0.0225131502013018	0.0108304380118086	0.0333435882131104
X1419	0	0	0
X1471	0	0	0
X1499	0.220973387419199	0.00162177942080578	0.222595166840005
X1530	0.73885007185204	0.00162177942080578	0.743875211522773
X1548	0	0	0
X1552	0.708023970440706	0.00162177942080578	0.743875211522773
X1568	0.729375897074912	0.00162014043200254	0.743875211522773
X1580	0.738391974481534	0.00162177942080578	0.743875211522773
X1582	0.387505303255583	0.00162177942080578	0.417401278521079
X1593	0.716532780812725	0.00162014043200254	0.743875211522773
X1605	0.746306176105626	0.00162014043200254	0.74880727301937
X1652	0.684769177805938	0.00162014043200254	0.743875211522773
X1677	0.363075355648892	0.00162177942080578	0.364697135069698
X1689	0.583358728781928	0.00162177942080578	0.749747233098028
X1718	0.742078879794422	0.00162014043200254	0.743875211522773
X1751	0.739298335289726	0.00162177942080578	0.743875211522773
X1851	0.529085728858198	0.00162014043200254	0.743875211522773
X1922	0.741783042315437	0.00162177942080578	0.743875211522773
X1979	0	0	0
X2090	0.626071596488758	0.00162177942080578	0.631346681951986
X2120	0.735522924581463	0.00162177942080578	0.743875211522773
X2152	0.657942209074509	0.00162177942080578	0.743875211522773
X2212	0	0	0
X2354	0.450868266201185	0.00162014043200254	0.743875211522773
X2357	0	0	0
X2362	0.700932065889087	0.00162014043200254	0.743875211522773
X2374	0.464517289647813	0.00162014043200254	0.749746413603627
X23	0.742232944741927	0.00162177942080578	0.743875211522773
X2401	0	0	0
X2412	0.742123951986511	0.00162177942080578	0.743875211522773
X2415	0.738337068356626	0.00162014043200254	0.743875211522773
X2429	0	0	0
X2438	0.521590977248631	0.00162014043200254	0.523216034647043
X2443	0.74820986160059	0.00162014043200254	0.74995046770963
X2503	0.742216554853894	0.00162177942080578	0.743875211522773
X2529	0.747919760582416	0.00162177942080578	0.749565305340869
X2554	0.732816134572913	0.00162095992640416	0.743875211522773
X2556	0	0	0
X2577	0	0	0
X2587	0.406731936718741	0.00162177942080578	0.743875211522773
X2593	0.723260829850025	0.00162177942080578	0.743875211522773
X2638	0.741533916017345	0.00162014043200254	0.743875211522773
X2648	0.0613194880956105	0.00162095992640416	0.0629404480220146
X2665	0.732237571525369	0.00162177942080578	0.743875211522773
X2700	0.740123566152157	0.00162177942080578	0.743875211522773
X2704	0	0	0
X2716	0	0	0
X2763	0	0	0
X2773	0.00133249789703395	0.00162095992640416	0.00295345782343811
X2797	0	0	0
X2825	0	0	0
X2890	0	0	0
X2902	0.742235403225132	0.00162095992640416	0.743875211522773
X2949	0	0	0
X2991	0.741714204785701	0.00162177942080578	0.743875211522773
X2998	0.742210818393083	0.00162177942080578	0.743875211522773
X300	0.111628249411056	0.00162177942080578	0.113250028831862
X3056	0.0530688184601013	0.00162014043200254	0.0546889588921039
X3059	0.741643728267162	0.00162095992640416	0.743875211522773
X3080	0.241747570500263	0.00162014043200254	0.476586803194871
X3107	0.596507991762672	0.00162095992640416	0.743875211522773
X3151	0.741847782373166	0.00162014043200254	0.743875211522773
X3225	0.0764039215462279	0.00313620507499935	0.0795401266212273
X3297	0.47868552835742	0.00162095992640416	0.749271926345089
X3391	0	0	0
X429	0	0	0
X451	0.0711616158590655	0.00162177942080578	0.0727833952798712
X472	0.742237042213935	0.00162177942080578	0.743875211522773
X544	0.742253432101967	0.00162014043200254	0.743875211522773
X592	0.742056753445579	0.00162014043200254	0.743875211522773
X80	0.736731678823852	0.00162014043200254	0.743875211522773
X935	0.742213276876288	0.00162014043200254	0.743875211522773
X93	0.741196284323878	0.00162177942080578	0.743875211522773
X94	0.713240052307016	0.00162177942080578	0.743875211522773
X970	0	0	0
X987	0.744981873152609	0.00162177942080578	0.749949648215228
X991	0.74219934547146	0.00162177942080578	0.743875211522773
OVCA103	0	0	0
OVCA104	0.737181105943589	0.000108992755415446	0.737290098699004
OVCA108	0.743767038261759	0.000105714777808967	0.743875211522773
OVCA11	0	0	0
OVCA116	0	0	0
OVCA12-02	0.743769496744964	0.000105714777808967	0.743875211522773
OVCA120	0	0	0
OVCA121	0.743712132136851	0.000105714777808967	0.743875211522773
OVCA124	0	0	0
OVCA125	0	0	0
OVCA129	0	0	0
OVCA130	0.00188237864052091	0.000105714777808967	0.00198809341832987
OVCA131	0	0	0
OVCA132	0.00188237864052091	0.000105714777808967	0.00198809341832987
OVCA134	0.478600300939651	0.000105714777808967	0.479047744882936
OVCA135	0	0	0
OVCA141	0	0	0
OVCA142	0	0	0
OVCA143	0	0	0
OVCA149	0	0	0
OVCA15	0.00266499579406791	0.000105714777808967	0.00277071057187687
OVCA150	0	0	0
OVCA152	0	0	0
OVCA153	0.743768677250563	0.000106534272210587	0.743875211522773
OVCA155	0	0	0
OVCA158	0	0	0
OVCA16-02	0	0	0
OVCA165	0.341902078794239	0.000105714777808967	0.342007793572048
OVCA166	0.337144094298434	0.000106534272210587	0.337250628570645
OVCA167	0	0	0
OVCA172	0	0	0
OVCA173	0	0	0
OVCA174	0	0	0
OVCA176	0.654782238661863	0.000105714777808967	0.743875211522773
OVCA177	0	0	0
OVCA181	0	0	0
OVCA183	0.308568324513948	0.000106534272210587	0.420303927691616
OVCA185	0.199435435555825	0.000106534272210587	0.291209794098836
OVCA186	0.316551838974529	0.000105714777808967	0.316657553752338
OVCA188	0.475591936991304	0.000105714777808967	0.475697651769113
OVCA19	0	0	0
OVCA190	0.0475749279916415	0.000104895283407347	0.0476798232750489
OVCA193	0	0	0
OVCA194	0	0	0
OVCA195	0.00533572804894716	0.000105714777808967	0.00544144282675612
OVCA20-02	0.743769496744964	0.000105714777808967	0.743875211522773
OVCA208	0.389476187291479	0.000106534272210587	0.38958272156369
OVCA210	0.00317881878388358	0.000106534272210587	0.00328535305609417
OVCA214	0	0	0
OVCA219	0	0	0
OVCA228	0	0	0
OVCA23	0	0	0
OVCA231	0.0400650812951968	0.000104895283407347	0.0401699765786042
OVCA235	0	0	0
OVCA237	0.00954874876767505	0.000104895283407347	0.0096536440510824
OVCA247	0	0	0
OVCA25-02	0	0	0
OVCA250	0.280217915689908	0.000104895283407347	0.280322810973315
OVCA261	0.00225606808765958	0.000104895283407347	0.00236096337106693
OVCA266	0	0	0
OVCA27	0	0	0
OVCA277	0.00361642879434861	0.000106534272210587	0.0037229630665592
OVCA28-02	0.743754745845735	0.000104895283407347	0.743875211522773
OVCA280	0	0	0
OVCA282	0	0	0
OVCA285	0	0	0
OVCA3	0.0883218286289861	0.000106534272210587	0.0884283629011967
OVCA315	0	0	0
OVCA331	0	0	0
OVCA34	0.743740814440907	0.000105714777808967	0.743875211522773
OVCA345	0.743768677250563	0.000106534272210587	0.743875211522773
OVCA349	0.00533572804894716	0.000105714777808967	0.00544144282675612
OVCA360	0.147070562786715	0.000106534272210587	0.273609512835245
OVCA361	0.0325150793730727	0.000106534272210587	0.0326216136452833
OVCA381	0.0351686022455179	0.000105714777808967	0.0352743170233269
OVCA384	0	0	0
OVCA386	0.743768677250563	0.000106534272210587	0.743875211522773
OVCA387	0.743769496744964	0.000105714777808967	0.743875211522773
OVCA392	0.0053373670377504	0.000105714777808967	0.00544308181555936
OVCA4	0.743768677250563	0.000106534272210587	0.743875211522773
OVCA42	0.743770316239366	0.000104895283407347	0.743875211522773
OVCA425	0.743769496744964	0.000105714777808967	0.743875211522773
OVCA46	0.743753926351333	0.000106534272210587	0.743875211522773
OVCA48	0	0	0
OVCA52	0.743769496744964	0.000105714777808967	0.743875211522773
OVCA56	0	0	0
OVCA58	0	0	0
OVCA6	0	0	0
OVCA65	0	0	0
OVCA69	0	0	0
OVCA75	0.743768677250563	0.000106534272210587	0.743875211522773
OVCA79	0.377371091297503	0.000105714777808967	0.743875211522773
OVCA8	0.743637558146303	0.000106534272210587	0.743875211522773
OVCA80	0.743768677250563	0.000106534272210587	0.743875211522773
OVCA87	0	0	0
OVCA9	0.743767038261759	0.000108173261013827	0.743875211522773
OVCA94	0.0754418351187262	0.000106534272210587	0.0755483693909368
OVCA96	0	0	0
OVCA98	0	0	0
OVCA99	0.00216264572587491	0.000104895283407347	0.00226754100928226
GSM692781_JB0715	0	0	0
GSM692786_JB0722	0.743409197836348	0.000466013686425171	0.743875211522773
GSM692796_JB0734	0	0	0
GSM692803_JB0783	0.743409197836348	0.000466013686425171	0.743875211522773
GSM692810_JB0791	0.743409197836348	0.000466013686425171	0.743875211522773
GSM692812_JB0793	0	0	0
GSM692813_JB0794	0.743409197836348	0.000466013686425171	0.743875211522773
