Sample	Percent	Start	End
P-0000067-T02-IM5	0.583470376699204	0.0118816198706544	0.61597181149049
P-0000199-T01-IM3	0	0	0
P-0000236-T01-IM3	0	0	0
P-0000334-T01-IM3	0	0	0
P-0000633-T01-IM3	0	0	0
P-0000666-T01-IM3	0	0	0
P-0001036-T01-IM3	0	0	0
P-0001080-T01-IM3	0.616808212061615	0.0118816198706544	0.62868983193227
P-0001105-T01-IM3	0	0	0
P-0001421-T01-IM3	0.721800244978017	0.0118816198706544	0.733681864848672
P-0001457-T01-IM3	0	0	0
P-0001561-T01-IM3	0	0	0
P-0001616-T01-IM3	0	0	0
P-0001634-T01-IM3	0.0622088198101364	0.0118816198706544	0.0740904396807909
P-0001677-T01-IM3	0	0	0
P-0001752-T01-IM3	0	0	0
P-0001799-T01-IM3	0	0	0
P-0001801-T01-IM3	0	0	0
P-0001911-T01-IM3	0	0	0
P-0001965-T01-IM3	0.440977984946691	0.0118816198706544	0.597390275825344
P-0001992-T01-IM3	0.408624477089842	0.0118816198706544	0.431985484394003
P-0002010-T02-IM5	0	0	0
P-0002310-T01-IM3	0	0	0
P-0002536-T01-IM3	0	0	0
P-0002771-T01-IM3	0.322671683851778	0.0118816198706544	0.733681864848672
P-0003191-T01-IM5	0.0422875173326139	0.0118816198706544	0.0541691372032684
P-0003355-T01-IM5	0	0	0
P-0003744-T01-IM5	0.228519316454147	0.0118816198706544	0.251855230839731
P-0003818-T01-IM5	0.721800244978017	0.0118816198706544	0.733681864848672
P-0003873-T01-IM5	0	0	0
P-0004340-T01-IM5	0	0	0
P-0004360-T01-IM5	0	0	0
P-0004524-T02-IM5	0	0	0
P-0004821-T01-IM5	0	0	0
P-0004867-T01-IM5	0	0	0
P-0005224-T01-IM5	0	0	0
P-0006656-T01-IM5	0	0	0
P-0007064-T01-IM5	0	0	0
P-0007899-T01-IM5	0	0	0
P-0009394-T02-IM6	0	0	0
P-0009601-T01-IM5	0	0	0
P-0009840-T01-IM5	0	0	0
P-0010011-T01-IM5	0	0	0
P-0010225-T01-IM5	0	0	0
P-0010357-T01-IM5	0	0	0
P-0010594-T01-IM5	0	0	0
P-0010946-T01-IM5	0	0	0
P-0011086-T01-IM5	0	0	0
P-0011589-T01-IM5	0	0	0
P-0012367-T01-IM5	0	0	0
P-0012808-T01-IM5	0	0	0
P-0013101-T01-IM5	0	0	0
P-0014032-T01-IM5	0	0	0
P-0014146-T01-IM5	0	0	0
P-0014175-T01-IM5	0	0	0
P-0014723-T01-IM6	0.326288325714671	0.0118816198706544	0.338293263102882
P-0015076-T01-IM6	0.694469434698584	0.0118816198706544	0.733681864848672
P-0016322-T01-IM6	0	0	0
P-0016553-T01-IM6	0	0	0
P-0017005-T01-IM6	0	0	0
P-0017175-T01-IM6	0	0	0
P-0017470-T01-IM6	0.692854588200416	0.0118816198706544	0.743875211522773
P-0017563-T01-IM5	0	0	0
P-0017787-T01-IM6	0	0	0
P-0018024-T01-IM6	0.541774665443664	0.0118816198706544	0.62868983193227
P-0018026-T01-IM6	0	0	0
P-0018202-T01-IM6	0.41050978952032	0.0118816198706544	0.431985484394003
P-0018212-T01-IM6	0	0	0
P-0018534-T01-IM6	0	0	0
P-0018550-T01-IM6	0.179204331414714	0.0118816198706544	0.191085951285368
P-0018612-T01-IM6	0	0	0
P-0018647-T01-IM6	0.587289343534913	0.0118816198706544	0.599170963405568
P-0018757-T01-IM6	0	0	0
P-0018944-T01-IM6	0.609406817254281	0.0118816198706544	0.62868983193227
P-0019008-T01-IM6	0	0	0
P-0019325-T01-IM6	0	0	0
P-0019338-T01-IM6	0	0	0
P-0019391-T01-IM6	0	0	0
P-0019652-T02-IM6	0	0	0
P-0019814-T01-IM6	0.395620805484489	0.0118816198706544	0.407502425355144
P-0019841-T01-IM6	0	0	0
P-0019953-T01-IM6	0	0	0
P-0020007-T01-IM6	0.729351312242864	0.0118816198706544	0.743875211522773
P-0020045-T01-IM6	0	0	0
P-0020058-T01-IM6	0.273191439571315	0.0118816198706544	0.285073059441969
P-0020067-T01-IM6	0	0	0
P-0020145-T01-IM6	0.731993591652119	0.0118816198706544	0.743875211522773
P-0020161-T01-IM6	0	0	0
P-0020313-T01-IM6	0	0	0
P-0020315-T01-IM6	0.570658589707991	0.0118816198706544	0.743875211522773
P-0020323-T01-IM6	0	0	0
P-0020385-T01-IM6	0	0	0
P-0020434-T01-IM6	0.549044342915826	0.0118816198706544	0.733625254175408
P-0020501-T01-IM6	0	0	0
P-0020549-T01-IM6	0	0	0
P-0020568-T01-IM6	0	0	0
P-0020682-T01-IM6	0	0	0
P-0020687-T01-IM6	0.462073442612966	0.0118816198706544	0.501425653923138
P-0020688-T01-IM6	0	0	0
P-0020767-T01-IM6	0.574355878014948	0.0118816198706544	0.733681864848672
P-0020799-T01-IM6	0	0	0
P-0020831-T01-IM6	0	0	0
P-0020970-T01-IM6	0	0	0
P-0020973-T01-IM6	0	0	0
P-0021030-T01-IM6	0	0	0
P-0021045-T02-IM6	0.710453214085316	0.0118816198706544	0.73147529422287
P-0021080-T01-IM6	0	0	0
P-0021114-T01-IM6	0	0	0
P-0021272-T01-IM6	0	0	0
P-0021303-T01-IM6	0	0	0
P-0021328-T01-IM6	0	0	0
P-0021359-T01-IM6	0	0	0
P-0021389-T01-IM6	0	0	0
P-0021402-T01-IM6	0.419076775799911	0.0118816198706544	0.43099133934551
P-0021409-T01-IM6	0	0	0
P-0021485-T01-IM6	0	0	0
P-0021524-T01-IM6	0	0	0
P-0021534-T01-IM6	0	0	0
P-0021592-T01-IM6	0	0	0
P-0021632-T01-IM6	0.0422875173326139	0.0118816198706544	0.0541691372032684
P-0021649-T01-IM6	0	0	0
P-0021742-T01-IM6	0	0	0
P-0021759-T01-IM6	0	0	0
P-0021787-T01-IM6	0	0	0
P-0021882-T01-IM6	0.575660078770294	0.0118816198706544	0.599021086074455
P-0021908-T01-IM6	0	0	0
P-0021912-T01-IM6	0	0	0
P-0021920-T01-IM6	0	0	0
P-0021932-T02-IM6	0	0	0
P-0022003-T01-IM6	0.0942919272942272	0.0118816198706544	0.106173547164882
P-0022016-T01-IM6	0	0	0
P-0022046-T01-IM6	0.731993591652119	0.0118816198706544	0.743875211522773
P-0022058-T01-IM6	0	0	0
P-0022059-T01-IM6	0.262094264326723	0.0118816198706544	0.273975884197377
P-0022079-T01-IM6	0.405638985230244	0.0118816198706544	0.501425653923138
P-0022126-T01-IM6	0.704662781372686	0.0118816198706544	0.743875211522773
P-0022130-T01-IM6	0	0	0
P-0022191-T01-IM6	0	0	0
P-0022358-T01-IM6	0	0	0
P-0022397-T01-IM6	0	0	0
P-0022507-T01-IM6	0.40853261176742	0.0118816198706544	0.431985484394003
P-0022522-T01-IM6	0	0	0
P-0022535-T01-IM6	0	0	0
P-0022610-T01-IM6	0	0	0
P-0022781-T01-IM6	0	0	0
P-0023037-T01-IM6	0	0	0
P-0023069-T01-IM6	0	0	0
P-0023091-T01-IM6	0.616808212061615	0.0118816198706544	0.62868983193227
P-0023140-T01-IM6	0	0	0
P-0023287-T01-IM6	0	0	0
P-0023372-T01-IM6	0	0	0
P-0023507-T01-IM6	0	0	0
P-0023547-T01-IM6	0	0	0
P-0023559-T01-IM6	0	0	0
P-0023560-T01-IM6	0	0	0
P-0023661-T01-IM6	0	0	0
P-0023747-T01-IM6	0	0	0
P-0023834-T01-IM6	0	0	0
P-0023996-T01-IM6	0	0	0
P-0024019-T01-IM6	0	0	0
P-0024036-T01-IM6	0	0	0
P-0024048-T01-IM6	0	0	0
P-0024053-T01-IM6	0	0	0
P-0024181-T01-IM6	0	0	0
P-0024318-T01-IM6	0.0942919272942272	0.0118816198706544	0.106173547164882
P-0024365-T01-IM6	0	0	0
P-0024389-T01-IM6	0	0	0
P-0024405-T01-IM6	0	0	0
P-0024448-T01-IM6	0	0	0
P-0024723-T01-IM6	0	0	0
P-0024740-T01-IM6	0	0	0
P-0024971-T01-IM6	0	0	0
P-0025000-T01-IM6	0	0	0
P-0025014-T01-IM6	0	0	0
P-0025136-T01-IM6	0	0	0
P-0025144-T01-IM6	0	0	0
P-0025454-T01-IM6	0	0	0
P-0025460-T01-IM6	0	0	0
P-0025545-T01-IM6	0	0	0
P-0025675-T01-IM6	0	0	0
P-0025761-T01-IM6	0.0422875173326139	0.0118816198706544	0.0541691372032684
P-0025859-T01-IM6	0.420103864523349	0.0118816198706544	0.431985484394003
P-0025993-T01-IM6	0	0	0
P-0026217-T02-IM6	0	0	0
P-0026279-T01-IM6	0	0	0
P-0026328-T01-IM6	0	0	0
P-0026495-T01-IM6	0	0	0
P-0026504-T01-IM6	0	0	0
P-0026707-T01-IM6	0	0	0
P-0027075-T01-IM6	0	0	0
P-0027103-T01-IM6	0	0	0
P-0027239-T01-IM6	0	0	0
P-0027262-T01-IM6	0	0	0
P-0027872-T01-IM6	0	0	0
P-0027886-T01-IM6	0.341951641815649	0.0118816198706544	0.353833261686304
P-0027999-T01-IM6	0.395614077435452	0.0118816198706544	0.407495697306106
P-0028009-T01-IM6	0	0	0
P-0028250-T01-IM6	0.399818501657907	0.0118816198706544	0.501425653923138
P-0028308-T01-IM6	0	0	0
P-0028326-T01-IM6	0	0	0
P-0028329-T01-IM6	0.475150155754335	0.0118816198706544	0.733681864848672
P-0028330-T01-IM6	0	0	0
P-0028449-T01-IM6	0	0	0
P-0028695-T01-IM6	0	0	0
P-0029129-T01-IM6	0.169325473912178	0.0118816198706544	0.181207093782833
P-0029267-T03-IM6	0.115500901325015	0.0118816198706544	0.145412807561678
P-0029325-T01-IM6	0	0	0
P-0029463-T01-IM6	0	0	0
P-0029464-T01-IM6	0	0	0
P-0029548-T01-IM6	0.564762614311377	0.0118816198706544	0.599021086074455
P-0029643-T01-IM6	0	0	0
P-0029723-T01-IM6	0	0	0
P-0029768-T01-IM6	0.730335533214153	0.0118816198706544	0.743875211522773
P-0029835-T01-IM6	0	0	0
P-0029946-T01-IM6	0.703815038999042	0.0118816198706544	0.715812510793253
P-0030052-T01-IM6	0.509295365196166	0.0118816198706544	0.521176985066821
P-0030505-T01-IM6	0	0	0
P-0030569-T01-IM6	0.418474791602369	0.0118816198706544	0.431985484394003
P-0030697-T01-IM6	0	0	0
P-0030836-T01-IM6	0.24439583221865	0.0118816198706544	0.267731746604234
P-0030874-T01-IM6	0	0	0
P-0030935-T01-IM6	0	0	0
P-0030958-T01-IM6	0	0	0
P-0031210-T01-IM6	0	0	0
P-0031382-T01-IM6	0	0	0
P-0031402-T01-IM6	0.262094264326723	0.0118816198706544	0.273975884197377
P-0031648-T01-IM6	0.258453373624486	0.0118816198706544	0.582371664165064
P-0031687-T01-IM6	0	0	0
P-0031749-T01-IM6	0	0	0
P-0031840-T01-IM6	0	0	0
P-0031946-T01-IM6	0.45075651994458	0.0118816198706544	0.489968950094668
P-0032093-T01-IM6	0	0	0
P-0032339-T01-IM6	0	0	0
P-0033193-T01-IM6	0.704662781372686	0.0118816198706544	0.743875211522773
P-0033218-T02-IM6	0	0	0
P-0033283-T03-IM6	0	0	0
P-0033291-T01-IM6	0	0	0
P-0033335-T01-IM6	0	0	0
P-0033523-T01-IM6	0	0	0
P-0033692-T01-IM6	0.207792934481529	0.0118816198706544	0.219674554352184
P-0033715-T01-IM6	0	0	0
P-0033726-T01-IM6	0	0	0
P-0033798-T01-IM6	0	0	0
P-0034102-T01-IM6	0.678406402008273	0.0118816198706544	0.733681864848672
P-0034227-T01-IM6	0	0	0
P-0034415-T01-IM6	0	0	0
P-0034561-T01-IM6	0.701346131825394	0.0118816198706544	0.733681864848672
P-0034814-T01-IM6	0	0	0
P-0034885-T01-IM6	0	0	0
P-0034976-T01-IM6	0	0	0
P-0035101-T01-IM6	0	0	0
P-0035118-T01-IM6	0.721743634304754	0.0118816198706544	0.733625254175408
P-0035374-T01-IM6	0	0	0
P-0035382-T01-IM6	0.133531187691024	0.0118816198706544	0.145412807561678
P-0035556-T01-IM6	0.311433973512253	0.0118816198706544	0.323315593382907
P-0035757-T01-IM6	0	0	0
P-0036015-T01-IM6	0	0	0
P-0036257-T01-IM6	0	0	0
P-0036326-T01-IM6	0	0	0
P-0036348-T01-IM6	0	0	0
P-0036515-T01-IM6	0.687040603218684	0.0118816198706544	0.733681864848672
P-0036627-T01-IM6	0	0	0
P-0036727-T01-IM6	0.666725746749727	0.0118816198706544	0.733681864848672
P-0036750-T01-IM6	0.721800244978017	0.0118816198706544	0.733681864848672
P-0036784-T01-IM6	0.25608810790781	0.0118816198706544	0.397578356346471
P-0036872-T01-IM6	0	0	0
P-0036895-T01-IM6	0	0	0
P-0037025-T01-IM6	0	0	0
P-0037049-T01-IM6	0	0	0
P-0037070-T01-IM6	0.265229182795512	0.0118816198706544	0.312905088887321
P-0037072-T01-IM6	0.573635403121875	0.0118816198706544	0.62868983193227
P-0037128-T01-IM6	0	0	0
P-0037263-T01-IM6	0.2261624341652	0.0118816198706544	0.238044054035855
P-0037373-T01-IM6	0.589477401782182	0.0118816198706544	0.62868983193227
P-0037375-T01-IM6	0.327743633042732	0.0118816198706544	0.339625252913387
P-0037460-T01-IM6	0	0	0
P-0037462-T01-IM6	0	0	0
P-0037478-T01-IM6	0.390562197662394	0.0118816198706544	0.429774627812481
P-0037794-T01-IM6	0	0	0
P-0037810-T01-IM6	0	0	0
P-0037905-T01-IM6	0	0	0
P-0037909-T01-IM6	0.560033697281997	0.0118816198706544	0.571915317152651
P-0038047-T01-IM6	0	0	0
P-0038069-T01-IM6	0.256705154412454	0.0118816198706544	0.295917584562541
P-0038238-T01-IM6	0	0	0
P-0038295-T01-IM6	0	0	0
P-0038481-T01-IM6	0	0	0
P-0038483-T01-IM6	0.420103864523349	0.0118816198706544	0.431985484394003
P-0038534-T01-IM6	0	0	0
P-0038543-T01-IM6	0	0	0
P-0038634-T01-IM6	0	0	0
P-0038646-T01-IM6	0	0	0
P-0038660-T01-IM6	0.674839167462853	0.0118816198706544	0.733681864848672
P-0038663-T01-IM6	0.452326327030435	0.0118816198706544	0.501425653923138
P-0038779-T01-IM6	0.0918673301828745	0.0118816198706544	0.103748950053529
P-0038960-T01-IM6	0.395620805484489	0.0118816198706544	0.407502425355144
P-0038996-T01-IM6	0.605319326687993	0.0118816198706544	0.62868983193227
P-0038997-T01-IM6	0.45075651994458	0.0118816198706544	0.489968950094668
P-0039001-T01-IM6	0	0	0
P-0039012-T01-IM6	0.703930890922599	0.0118816198706544	0.715812510793253
P-0039070-T01-IM6	0.616808212061615	0.0118816198706544	0.62868983193227
P-0039104-T02-IM6	0.281959718260775	0.0118816198706544	0.312905088887321
P-0039120-T01-IM6	0	0	0
P-0039227-T01-IM6	0	0	0
P-0039242-T01-IM6	0	0	0
P-0039273-T01-IM6	0	0	0
P-0039377-T01-IM6	0	0	0
P-0039468-T01-IM6	0.627240080776252	0.0118816198706544	0.733681864848672
P-0039500-T01-IM6	0	0	0
P-0039511-T02-IM6	0.609794102113542	0.0118816198706544	0.715812510793253
P-0039563-T01-IM6	0	0	0
P-0039685-T01-IM6	0.731993591652119	0.0118816198706544	0.743875211522773
P-0039774-T01-IM6	0	0	0
P-0039798-T01-IM6	0.222112845214987	0.0118816198706544	0.43099133934551
P-0039804-T01-IM6	0	0	0
P-0039811-T01-IM6	0	0	0
P-0039927-T01-IM6	0	0	0
P-0039932-T01-IM6	0	0	0
P-0039993-T01-IM6	0	0	0
P-0040007-T01-IM6	0	0	0
P-0040038-T01-IM6	0	0	0
P-0040043-T01-IM6	0	0	0
P-0040119-T01-IM6	0	0	0
P-0040143-T01-IM6	0	0	0
P-0040154-T01-IM6	0.262094264326723	0.0118816198706544	0.273975884197377
P-0040212-T01-IM6	0.581891743658644	0.0118816198706544	0.593773363529298
P-0040343-T01-IM6	0	0	0
P-0040410-T01-IM6	0	0	0
P-0040518-T01-IM6	0.694440449181599	0.0118816198706544	0.733681864848672
P-0040521-T01-IM6	0.440771234704106	0.0118816198706544	0.452652854574761
P-0040523-T01-IM6	0.0916400679954173	0.0118816198706544	0.103521687866072
P-0040605-T01-IM6	0.419085503415288	0.0118816198706544	0.583868806682328
P-0040748-T01-IM6	0.3749638182978	0.0118816198706544	0.386845438168455
P-0040803-T01-IM6	0	0	0
P-0040960-T01-IM6	0.392930003811714	0.0118816198706544	0.404811623682369
P-0041163-T01-IM6	0	0	0
P-0041225-T01-IM6	0	0	0
P-0041234-T01-IM6	0	0	0
P-0041235-T01-IM6	0	0	0
P-0041236-T01-IM6	0.721800244978017	0.0118816198706544	0.733681864848672
P-0041269-T01-IM6	0	0	0
P-0041285-T01-IM6	0	0	0
P-0041338-T01-IM6	0.587289343534913	0.0118816198706544	0.599170963405568
P-0041413-T01-IM6	0	0	0
P-0041464-T01-IM6	0	0	0
P-0041544-T01-IM6	0	0	0
P-0041614-T01-IM6	0.397377391734361	0.0118816198706544	0.409259011605016
P-0041962-T02-IM6	0	0	0
P-0042152-T01-IM6	0	0	0
P-0042164-T01-IM6	0	0	0
P-0042216-T01-IM6	0	0	0
P-0042422-T01-IM6	0	0	0
P-0042516-T01-IM6	0	0	0
P-0042548-T01-IM6	0.714270320668733	0.0118816198706544	0.733442769162055
P-0042757-T01-IM6	0.509295365196166	0.0118816198706544	0.521176985066821
P-0042788-T01-IM6	0.721800244978017	0.0118816198706544	0.733681864848672
P-0042805-T01-IM6	0.719634280299816	0.0118816198706544	0.733681864848672
P-0042831-T01-IM6	0	0	0
P-0043037-T01-IM6	0	0	0
P-0043135-T01-IM6	0	0	0
P-0043201-T01-IM6	0.491326385206343	0.0118816198706544	0.743875211522773
P-0043290-T01-IM6	0	0	0
P-0043571-T01-IM6	0.483578147588467	0.0118816198706544	0.495459767459121
P-0043617-T01-IM6	0	0	0
P-0043914-T01-IM6	0	0	0
P-0043933-T01-IM6	0	0	0
P-0044056-T01-IM6	0.721800244978017	0.0118816198706544	0.733681864848672
P-0044065-T01-IM6	0	0	0
P-0044131-T01-IM6	0	0	0
P-0044136-T01-IM6	0	0	0
P-0044146-T01-IM6	0	0	0
P-0044185-T01-IM6	0.227826196284201	0.0118816198706544	0.239707816154855
P-0044199-T01-IM6	0	0	0
P-0044224-T01-IM6	0.489544034052484	0.0118816198706544	0.501425653923138
P-0044345-T01-IM6	0.712435816891155	0.0118816198706544	0.733681864848672
P-0044349-T01-IM6	0	0	0
P-0044402-T01-IM6	0	0	0
P-0044700-T01-IM6	0	0	0
P-0044796-T01-IM6	0	0	0
P-0044905-T01-IM6	0.478087330224013	0.0118816198706544	0.489968950094668
P-0044919-T01-IM6	0	0	0
P-0044963-T01-IM6	0	0	0
P-0045231-T02-IM6	0	0	0
P-0045411-T01-IM6	0	0	0
P-0045578-T01-IM6	0	0	0
P-0045623-T01-IM6	0	0	0
P-0045643-T01-IM6	0	0	0
P-0045947-T01-IM6	0	0	0
P-0045998-T01-IM6	0	0	0
P-0046054-T01-IM6	0.58720449308457	0.0118816198706544	0.599117892948119
P-0046098-T01-IM6	0	0	0
P-0046249-T01-IM6	0	0	0
P-0046401-T01-IM6	0.3749638182978	0.0118816198706544	0.386845438168455
P-0046478-T01-IM6	0	0	0
P-0046489-T01-IM6	0.477794156101834	0.0118816198706544	0.489968950094668
P-0046676-T01-IM6	0.694469434698584	0.0118816198706544	0.733681864848672
P-0047362-T01-IM6	0.71943270926185	0.0118816198706544	0.733681864848672
P-0047444-T01-IM6	0	0	0
P-0047883-T01-IM6	0	0	0
P-0048214-T01-IM6	0.247637915970339	0.0118816198706544	0.273975884197377
P-0048455-T01-IM6	0	0	0
P-0048525-T01-IM6	0.689636491049863	0.0118816198706544	0.733681864848672
P-0048554-T01-IM6	0	0	0
P-0048556-T01-IM6	0.731993591652119	0.0118816198706544	0.743875211522773
P-0048593-T01-IM6	0	0	0
P-0048670-T01-IM6	0.489544034052484	0.0118816198706544	0.501425653923138
P-0048755-T01-IM6	0.421530448572633	0.0118816198706544	0.454715456424086
P-0048851-T01-IM6	0	0	0
P-0049008-T01-IM6	0	0	0
P-0049040-T01-IM6	0.18647905697239	0.0118816198706544	0.198360676843044
P-0049127-T01-IM6	0.311433973512253	0.0118816198706544	0.323315593382907
P-0049444-T01-IM6	0	0	0
P-0049532-T01-IM6	0	0	0
P-0049560-T01-IM6	0.509295365196166	0.0118816198706544	0.521176985066821
P-0049686-T01-IM6	0	0	0
P-0049848-T01-IM6	0	0	0
P-0049921-T01-IM6	0	0	0
P-0049943-T01-IM6	0	0	0
P-0050148-T01-IM6	0	0	0
P-0050400-T01-IM6	0	0	0
P-0050452-T01-IM6	0.125548377995628	0.0118816198706544	0.137429997866282
P-0050454-T01-IM6	0.537358065925686	0.0118816198706544	0.743875211522773
P-0000067-T01-IM3	0.604090191619835	0.0118816198706544	0.61597181149049
P-0001265-T01-IM3	0.340110909880619	0.0118816198706544	0.353833261686304
P-0001681-T01-IM3	0	0	0
P-0001978-T01-IM3	0	0	0
P-0002136-T01-IM3	0	0	0
P-0002373-T01-IM3	0	0	0
P-0004262-T01-IM5	0.239973610969077	0.0118816198706544	0.251855230839731
P-0004524-T01-IM5	0	0	0
P-0004722-T01-IM5	0.721800244978017	0.0118816198706544	0.733681864848672
P-0005339-T01-IM5	0	0	0
P-0005599-T01-IM5	0	0	0
P-0006380-T01-IM5	0	0	0
P-0006537-T01-IM5	0	0	0
P-0007204-T01-IM5	0	0	0
P-0007221-T01-IM5	0	0	0
P-0007370-T01-IM5	0	0	0
P-0008873-T01-IM5	0.40059607072594	0.0118816198706544	0.733681864848672
P-0010051-T01-IM5	0.616808212061615	0.0118816198706544	0.62868983193227
P-0010524-T01-IM5	0	0	0
P-0012038-T01-IM5	0	0	0
P-0012310-T01-IM5	0	0	0
P-0012338-T01-IM5	0	0	0
TCGA-72-4233-01	0	0	0
TCGA-72-4234-01	0	0	0
TCGA-72-4232-01	0	0	0
TCGA-72-4237-01	0	0	0
TCGA-72-4236-01	0	0	0
TCGA-72-4235-01	0	0	0
TCGA-72-4241-01	0	0	0
TCGA-72-4240-01	0	0	0
TCGA-72-4231-01	0	0	0
TCGA-72-4238-01	0	0	0
TCGA-09-1669-01	0	0	0
TCGA-04-1519-01	0	0	0
TCGA-09-1667-01	0	0	0
TCGA-09-1665-01	0	0	0
TCGA-24-1557-01	0	0	0
TCGA-36-1577-01	0	0	0
TCGA-36-1580-01	0	0	0
TCGA-57-1585-01	0	0	0
TCGA-24-1567-01	0	0	0
TCGA-36-1575-01	0	0	0
TCGA-24-1558-01	0	0	0
TCGA-04-1525-01	0	0	0
TCGA-04-1536-01	0	0	0
TCGA-09-1662-01	0	0	0
TCGA-25-1628-01	0	0	0
TCGA-24-1544-01	0	0	0
TCGA-09-1666-01	0	0	0
TCGA-36-1574-01	0	0	0
TCGA-36-1581-01	0	0	0
TCGA-57-1582-01	0	0	0
TCGA-57-1583-01	0	0	0
TCGA-25-1630-01	0	0	0
TCGA-36-1571-01	0	0	0
TCGA-24-1546-01	0	0	0
TCGA-09-1659-01	0	0	0
TCGA-25-1633-01	0	0	0
TCGA-25-1627-01	0	0	0
TCGA-36-1570-01	0	0	0
TCGA-09-1668-01	0	0	0
TCGA-04-1517-01	0	0	0
TCGA-36-1569-01	0	0	0
TCGA-09-1661-01	0	0	0
TCGA-36-1578-01	0	0	0
TCGA-36-1568-01	0	0	0
TCGA-24-1545-01	0	0	0
TCGA-25-1631-01	0	0	0
TCGA-57-1584-01	0	0	0
TCGA-24-1556-01	0	0	0
TCGA-25-1634-01	0	0	0
TCGA-25-1625-01	0	0	0
TCGA-24-1548-01	0	0	0
TCGA-61-1740-01	0	0	0
TCGA-61-1738-01	0	0	0
TCGA-29-1775-01	0	0	0
TCGA-04-1638-01	0	0	0
TCGA-24-1846-01	0	0	0
TCGA-23-1029-01	0	0	0
TCGA-04-1651-01	0	0	0
TCGA-29-1778-01	0	0	0
TCGA-24-1842-01	0	0	0
TCGA-61-1733-01	0	0	0
TCGA-29-1774-01	0	0	0
TCGA-24-1843-01	0	0	0
TCGA-30-1855-01	0	0	0
TCGA-04-1649-01	0	0	0
TCGA-61-1900-01	0	0	0
TCGA-61-1906-01	0	0	0
TCGA-61-1895-01	0	0	0
TCGA-61-1904-01	0	0	0
TCGA-61-1899-01	0	0	0
TCGA-24-1845-01	0	0	0
TCGA-61-1727-01	0	0	0
TCGA-04-1646-01	0	0	0
TCGA-30-1856-01	0	0	0
TCGA-61-1725-01	0	0	0
TCGA-61-1903-01	0	0	0
TCGA-61-1913-01	0	0	0
TCGA-29-1777-01	0	0	0
TCGA-23-1111-01	0	0	0
TCGA-29-1769-01	0	0	0
TCGA-61-1914-01	0	0	0
TCGA-61-1741-01	0	0	0
TCGA-61-1911-01	0	0	0
TCGA-30-1857-01	0	0	0
TCGA-24-1850-01	0	0	0
TCGA-61-1910-01	0	0	0
TCGA-13-1494-01	0	0	0
TCGA-24-1418-01	0	0	0
TCGA-13-1511-01	0	0	0
TCGA-24-1426-01	0	0	0
TCGA-13-1507-01	0	0	0
TCGA-13-1492-01	0	0	0
TCGA-24-1419-01	0	0	0
TCGA-24-1435-01	0	0	0
TCGA-24-1422-01	0	0	0
TCGA-13-1512-01	0	0	0
TCGA-24-1467-01	0	0	0
TCGA-13-1504-01	0	0	0
TCGA-24-1464-01	0	0	0
TCGA-24-1430-01	0	0	0
TCGA-24-1436-01	0	0	0
TCGA-13-1489-02	0	0	0
TCGA-13-1501-01	0	0	0
TCGA-13-1510-01	0	0	0
TCGA-24-1417-01	0	0	0
TCGA-13-1487-01	0	0	0
TCGA-13-1484-01	0	0	0
TCGA-13-1509-01	0	0	0
TCGA-24-1427-01	0	0	0
TCGA-13-1491-01	0	0	0
TCGA-24-1428-01	0	0	0
TCGA-13-1481-01	0	0	0
TCGA-13-1495-01	0	0	0
TCGA-13-1499-01	0	0	0
TCGA-13-1497-01	0	0	0
TCGA-13-1496-01	0	0	0
TCGA-13-1488-01	0	0	0
TCGA-13-1498-01	0	0	0
TCGA-24-1423-01	0	0	0
TCGA-24-1431-01	0	0	0
TCGA-24-1463-01	0	0	0
TCGA-13-1506-01	0	0	0
TCGA-24-1424-01	0	0	0
TCGA-13-1500-01	0	0	0
TCGA-13-1489-01	0	0	0
TCGA-13-0723-01	0	0	0
TCGA-13-0802-01	0	0	0
TCGA-13-0727-01	0	0	0
TCGA-13-0755-01	0	0	0
TCGA-13-0761-01	0	0	0
TCGA-13-0791-01	0	0	0
TCGA-13-0792-01	0	0	0
TCGA-13-0805-01	0	0	0
TCGA-09-0364-01	0	0	0
TCGA-09-0365-01	0	0	0
TCGA-13-0804-01	0	0	0
TCGA-13-0793-01	0	0	0
TCGA-09-0367-01	0	0	0
TCGA-13-0751-01	0	0	0
TCGA-13-0797-01	0	0	0
TCGA-13-0725-01	0	0	0
TCGA-13-0795-01	0	0	0
TCGA-13-0764-01	0	0	0
TCGA-13-0720-01	0	0	0
TCGA-09-0366-01	0	0	0
TCGA-13-0724-01	0	0	0
TCGA-13-0801-01	0	0	0
TCGA-13-0717-01	0	0	0
TCGA-13-0791-02	0	0	0
TCGA-09-0369-01	0	0	0
TCGA-13-0758-01	0	0	0
TCGA-13-0803-01	0	0	0
TCGA-13-0757-01	0	0	0
TCGA-13-0799-01	0	0	0
TCGA-13-0794-01	0	0	0
TCGA-13-0730-01	0	0	0
TCGA-13-0726-01	0	0	0
TCGA-13-0766-01	0	0	0
TCGA-13-1407-01	0	0	0
TCGA-04-1351-01	0	0	0
TCGA-13-1403-01	0	0	0
TCGA-04-1356-01	0	0	0
TCGA-25-1312-01	0	0	0
TCGA-13-0900-01	0	0	0
TCGA-13-0905-01	0	0	0
TCGA-25-1317-01	0	0	0
TCGA-25-1315-01	0	0	0
TCGA-04-1362-01	0	0	0
TCGA-04-1367-01	0	0	0
TCGA-04-1365-01	0	0	0
TCGA-25-1318-01	0	0	0
TCGA-25-1321-01	0	0	0
TCGA-04-1348-01	0	0	0
TCGA-25-1329-01	0	0	0
TCGA-13-1408-01	0	0	0
TCGA-13-1412-01	0	0	0
TCGA-13-0901-01	0	0	0
TCGA-13-0908-01	0	0	0
TCGA-13-1409-01	0	0	0
TCGA-25-1323-01	0	0	0
TCGA-25-1322-01	0	0	0
TCGA-04-1364-01	0	0	0
TCGA-13-1410-01	0	0	0
TCGA-13-0893-01	0	0	0
TCGA-04-1360-01	0	0	0
TCGA-25-1313-01	0	0	0
TCGA-13-1411-01	0	0	0
TCGA-04-1361-01	0	0	0
TCGA-04-1371-01	0	0	0
TCGA-25-1314-01	0	0	0
TCGA-24-2267-01	0	0	0
TCGA-24-2295-01	0	0	0
TCGA-09-2050-01	0	0	0
TCGA-09-2044-01	0	0	0
TCGA-24-2297-01	0	0	0
TCGA-59-2352-01	0	0	0
TCGA-59-2351-01	0	0	0
TCGA-25-2392-01	0	0	0
TCGA-09-2045-01	0	0	0
TCGA-24-2280-01	0	0	0
TCGA-09-2043-01	0	0	0
TCGA-59-2349-01	0	0	0
TCGA-25-2397-01	0	0	0
TCGA-25-2391-01	0	0	0
TCGA-29-2427-01	0	0	0
TCGA-29-2414-01	0	0	0
TCGA-24-2271-01	0	0	0
TCGA-25-2042-01	0	0	0
TCGA-09-2051-01	0	0	0
TCGA-25-2399-01	0	0	0
TCGA-24-2298-01	0	0	0
TCGA-25-2404-01	0	0	0
TCGA-29-2428-01	0	0	0
TCGA-24-2289-01	0	0	0
TCGA-13-2060-01	0	0	0
TCGA-25-2408-01	0	0	0
TCGA-59-2355-01	0	0	0
TCGA-59-2363-01	0	0	0
TCGA-24-2290-01	0	0	0
TCGA-25-2396-01	0	0	0
TCGA-24-2288-01	0	0	0
TCGA-09-2049-01	0	0	0
TCGA-59-2348-01	0	0	0
TCGA-24-2281-01	0	0	0
TCGA-24-2262-01	0	0	0
TCGA-09-2048-01	0	0	0
TCGA-29-2425-01	0	0	0
TCGA-59-2354-01	0	0	0
TCGA-25-2401-01	0	0	0
TCGA-25-2400-01	0	0	0
TCGA-59-2350-01	0	0	0
TCGA-25-2393-01	0	0	0
TCGA-29-1707-02	0	0	0
TCGA-13-1819-01	0	0	0
TCGA-13-1817-02	0	0	0
TCGA-61-1916-02	0	0	0
TCGA-24-1852-02	0	0	0
TCGA-61-2095-02	0	0	0
TCGA-29-1710-02	0	0	0
TCGA-13-1817-01	0	0	0
TCGA-29-1692-01	0	0	0
TCGA-29-1704-01	0	0	0
TCGA-13-1819-02	0	0	0
TCGA-29-1704-02	0	0	0
TCGA-29-1692-02	0	0	0
TCGA-13-0913-02	0	0	0
TCGA-24-1852-01	0	0	0
TCGA-29-1705-02	0	0	0
TCGA-29-2414-02	0	0	0
TCGA-23-2643-01	0	0	0
TCGA-36-2543-01	0	0	0
TCGA-04-1353-01	0	0	0
TCGA-36-2538-01	0	0	0
TCGA-36-2534-01	0	0	0
TCGA-13-2059-01	0	0	0
TCGA-36-2542-01	0	0	0
TCGA-23-2641-01	0	0	0
TCGA-13-2057-01	0	0	0
TCGA-13-2071-01	0	0	0
TCGA-04-1369-01	0	0	0
TCGA-36-2547-01	0	0	0
TCGA-36-2530-01	0	0	0
TCGA-13-2065-01	0	0	0
TCGA-04-1644-01	0	0	0
TCGA-29-2429-01	0	0	0
TCGA-36-2552-01	0	0	0
TCGA-29-2431-01	0	0	0
TCGA-36-2537-01	0	0	0
TCGA-04-1516-01	0	0	0
TCGA-61-2613-01	0	0	0
TCGA-13-2066-01	0	0	0
TCGA-23-2647-01	0	0	0
TCGA-36-2549-01	0	0	0
TCGA-36-2544-01	0	0	0
TCGA-36-2548-01	0	0	0
TCGA-13-2061-01	0	0	0
TCGA-36-2532-01	0	0	0
TCGA-61-2611-02	0	0	0
TCGA-42-2590-01	0	0	0
TCGA-29-2434-01	0	0	0
TCGA-42-2589-01	0	0	0
TCGA-36-2539-01	0	0	0
TCGA-23-2649-01	0	0	0
TCGA-61-2612-01	0	0	0
TCGA-42-2582-01	0	0	0
TCGA-36-2551-01	0	0	0
TCGA-42-2588-01	0	0	0
TCGA-42-2591-01	0	0	0
TCGA-42-2587-01	0	0	0
TCGA-42-2593-01	0	0	0
TCGA-23-2645-01	0	0	0
TCGA-61-2610-02	0	0	0
TCGA-29-2432-01	0	0	0
TCGA-36-2533-01	0	0	0
TCGA-59-2372-01	0	0	0
TCGA-36-2545-01	0	0	0
TCGA-3P-A9WA-01	0	0	0
TCGA-13-A5FT-01	0	0	0
TCGA-WR-A838-01	0	0	0
TCGA-OY-A56Q-01	0	0	0
TCGA-OY-A56P-01	0	0	0
TCGA-13-A5FU-01	0	0	0
TCGA-VG-A8LO-01	0	0	0
TCGA-59-A5PD-01	0	0	0
TCGA-13-0910-01	0	0	0
TCGA-13-0897-01	0	0	0
TCGA-10-0937-01	0	0	0
TCGA-13-0903-01	0	0	0
TCGA-13-0924-01	0	0	0
TCGA-13-0886-01	0	0	0
TCGA-13-0807-01	0	0	0
TCGA-10-0928-01	0	0	0
TCGA-24-0966-01	0	0	0
TCGA-13-0888-01	0	0	0
TCGA-13-0904-01	0	0	0
TCGA-13-0916-01	0	0	0
TCGA-13-0923-01	0	0	0
TCGA-10-0933-01	0	0	0
TCGA-13-0921-01	0	0	0
TCGA-13-0887-01	0	0	0
TCGA-10-0938-01	0	0	0
TCGA-13-0899-01	0	0	0
TCGA-13-0906-01	0	0	0
TCGA-13-0889-01	0	0	0
TCGA-13-0890-01	0	0	0
TCGA-10-0936-01	0	0	0
TCGA-10-0930-01	0	0	0
TCGA-13-0920-01	0	0	0
TCGA-13-0913-01	0	0	0
TCGA-10-0931-01	0	0	0
TCGA-13-0919-01	0	0	0
TCGA-61-1728-01	0	0	0
TCGA-57-1994-01	0	0	0
TCGA-30-1860-01	0	0	0
TCGA-31-1944-01	0	0	0
TCGA-24-1930-01	0	0	0
TCGA-30-1862-01	0	0	0
TCGA-24-1920-01	0	0	0
TCGA-30-1859-01	0	0	0
TCGA-04-1654-01	0	0	0
TCGA-57-1993-01	0	0	0
TCGA-24-1924-01	0	0	0
TCGA-25-1871-01	0	0	0
TCGA-31-1950-01	0	0	0
TCGA-24-1923-01	0	0	0
TCGA-25-1878-01	0	0	0
TCGA-31-1959-01	0	0	0
TCGA-24-2020-01	0	0	0
TCGA-30-1891-01	0	0	0
TCGA-30-1861-01	0	0	0
TCGA-31-1946-01	0	0	0
TCGA-24-1928-01	0	0	0
TCGA-25-1877-01	0	0	0
TCGA-24-2023-01	0	0	0
TCGA-61-1743-01	0	0	0
TCGA-30-1887-01	0	0	0
TCGA-25-1870-01	0	0	0
TCGA-61-1917-01	0	0	0
TCGA-61-1918-01	0	0	0
TCGA-30-1853-01	0	0	0
TCGA-61-1724-01	0	0	0
TCGA-24-2026-01	0	0	0
TCGA-30-1892-01	0	0	0
TCGA-31-1953-01	0	0	0
TCGA-10-0925-01	0	0	0
TCGA-57-1992-01	0	0	0
TCGA-30-1866-01	0	0	0
TCGA-24-1927-01	0	0	0
TCGA-61-1919-01	0	0	0
TCGA-24-2027-01	0	0	0
TCGA-24-2029-01	0	0	0
TCGA-31-1955-01	0	0	0
TCGA-29-1784-01	0	0	0
TCGA-20-1685-01	0	0	0
TCGA-30-1714-01	0	0	0
TCGA-09-1673-01	0	0	0
TCGA-20-1686-01	0	0	0
TCGA-29-1688-01	0	0	0
TCGA-20-1684-01	0	0	0
TCGA-24-1847-01	0	0	0
TCGA-29-1711-01	0	0	0
TCGA-29-1697-01	0	0	0
TCGA-29-1701-01	0	0	0
TCGA-20-1682-01	0	0	0
TCGA-29-1695-01	0	0	0
TCGA-29-1770-02	0	0	0
TCGA-29-1764-01	0	0	0
TCGA-20-1683-01	0	0	0
TCGA-29-1763-01	0	0	0
TCGA-29-1702-01	0	0	0
TCGA-09-1675-01	0	0	0
TCGA-30-1718-01	0	0	0
TCGA-57-1586-01	0	0	0
TCGA-29-1710-01	0	0	0
TCGA-29-1703-01	0	0	0
TCGA-29-1698-01	0	0	0
TCGA-20-1687-01	0	0	0
TCGA-29-1691-01	0	0	0
TCGA-29-1707-01	0	0	0
TCGA-29-1761-01	0	0	0
TCGA-09-1672-01	0	0	0
TCGA-29-1705-01	0	0	0
TCGA-09-1674-01	0	0	0
TCGA-29-1781-01	0	0	0
TCGA-29-1783-01	0	0	0
TCGA-04-1655-01	0	0	0
TCGA-29-1771-01	0	0	0
TCGA-29-1762-01	0	0	0
TCGA-23-1809-01	0	0	0
TCGA-29-1785-01	0	0	0
TCGA-29-1696-01	0	0	0
TCGA-29-1694-01	0	0	0
TCGA-23-1114-01	0	0	0
TCGA-09-1670-01	0	0	0
TCGA-29-1693-01	0	0	0
TCGA-24-1425-01	0	0	0
TCGA-24-1604-01	0	0	0
TCGA-24-1471-01	0	0	0
TCGA-24-1474-01	0	0	0
TCGA-24-1562-01	0	0	0
TCGA-24-1552-01	0	0	0
TCGA-24-1603-01	0	0	0
TCGA-04-1514-01	0	0	0
TCGA-24-1555-01	0	0	0
TCGA-24-1614-01	0	0	0
TCGA-24-1549-01	0	0	0
TCGA-24-1550-01	0	0	0
TCGA-04-1542-01	0	0	0
TCGA-24-1470-01	0	0	0
TCGA-24-1616-01	0	0	0
TCGA-04-1530-01	0	0	0
TCGA-24-1553-01	0	0	0
TCGA-24-1469-01	0	0	0
TCGA-24-1564-01	0	0	0
TCGA-24-0968-01	0	0	0
TCGA-04-1337-01	0	0	0
TCGA-24-0982-01	0	0	0
TCGA-23-1120-01	0	0	0
TCGA-20-0991-01	0	0	0
TCGA-20-0987-01	0	0	0
TCGA-04-1332-01	0	0	0
TCGA-23-1027-01	0	0	0
TCGA-23-1028-01	0	0	0
TCGA-20-0996-01	0	0	0
TCGA-23-1031-01	0	0	0
TCGA-23-1021-01	0	0	0
TCGA-23-1116-01	0	0	0
TCGA-24-0979-01	0	0	0
TCGA-23-1032-01	0	0	0
TCGA-23-1022-01	0	0	0
TCGA-04-1336-01	0	0	0
TCGA-24-0970-01	0	0	0
TCGA-04-1335-01	0	0	0
TCGA-24-0981-01	0	0	0
TCGA-24-1104-01	0	0	0
TCGA-23-1119-01	0	0	0
TCGA-23-1122-01	0	0	0
TCGA-20-0990-01	0	0	0
TCGA-04-1347-01	0	0	0
TCGA-04-1346-01	0	0	0
TCGA-23-1124-01	0	0	0
TCGA-23-1121-01	0	0	0
TCGA-23-1026-01	0	0	0
TCGA-23-1110-01	0	0	0
TCGA-24-1103-01	0	0	0
TCGA-23-1030-01	0	0	0
TCGA-04-1341-01	0	0	0
TCGA-04-1338-01	0	0	0
TCGA-23-1123-01	0	0	0
TCGA-04-1331-01	0	0	0
TCGA-23-1024-01	0	0	0
TCGA-04-1343-01	0	0	0
TCGA-23-1118-01	0	0	0
TCGA-23-1113-01	0	0	0
TCGA-23-1117-01	0	0	0
TCGA-61-2098-01	0	0	0
TCGA-09-2053-01	0	0	0
TCGA-24-2019-01	0	0	0
TCGA-61-2109-01	0	0	0
TCGA-23-2078-01	0	0	0
TCGA-23-2081-01	0	0	0
TCGA-61-2102-01	0	0	0
TCGA-61-2012-01	0	0	0
TCGA-61-2104-01	0	0	0
TCGA-61-2092-01	0	0	0
TCGA-24-2024-01	0	0	0
TCGA-24-2035-01	0	0	0
TCGA-61-1734-01	0	0	0
TCGA-24-2260-01	0	0	0
TCGA-61-2096-01	0	0	0
TCGA-09-2054-01	0	0	0
TCGA-61-2018-01	0	0	0
TCGA-61-2111-01	0	0	0
TCGA-61-2008-02	0	0	0
TCGA-61-1998-01	0	0	0
TCGA-23-2084-01	0	0	0
TCGA-61-2113-01	0	0	0
TCGA-61-2110-01	0	0	0
TCGA-61-2000-01	0	0	0
TCGA-24-2261-01	0	0	0
TCGA-61-2017-01	0	0	0
TCGA-24-2033-01	0	0	0
TCGA-61-2003-01	0	0	0
TCGA-61-2008-01	0	0	0
TCGA-23-2077-01	0	0	0
TCGA-61-1736-01	0	0	0
TCGA-61-2016-01	0	0	0
TCGA-61-2087-01	0	0	0
TCGA-24-2030-01	0	0	0
TCGA-61-2002-01	0	0	0
X1040	0	0	0
X1097	0.294479576761299	0.00162095992640416	0.301070770233528
X1172	0.486146205389767	0.00162014043200254	0.51351649890947
X119	0	0	0
X120	0.686841203840882	0.00162095992640416	0.696238346144257
X1230	0	0	0
X1237	0.0690686271573282	0.00162177942080578	0.070690406578134
X1410	0	0	0
X1471	0	0	0
X1552	0	0	0
X1582	0	0	0
X2212	0	0	0
X2316	0.645902541513558	0.00162095992640416	0.704875817137331
X2360	0	0	0
X2429	0	0	0
X2648	0	0	0
X2700	0	0	0
X2716	0	0	0
X2763	0	0	0
X2797	0.00733611388330133	0.00162014043200254	0.00895625431530386
X2890	0	0	0
X301	0	0	0
X3238	0	0	0
X3349	0.541684979976351	0.00162014043200254	0.543360846027664
X429	0.347064074030043	0.00162095992640416	0.348685033956447
X655	0.735501617727021	0.00162177942080578	0.743875211522773
X736	0	0	0
X860	0	0	0
X970	0	0	0
OVCA103	0.433505163007311	0.000105714777808967	0.43361087778512
OVCA110	0	0	0
OVCA130	0.214461684903927	0.00210937858976962	0.216571063493697
OVCA131	0.0668715626665853	0.000106534272210587	0.0669780969387959
OVCA133	0	0	0
OVCA135	0.694451848348726	0.000106534272210587	0.694558382620936
OVCA136	0	0	0
OVCA137	0.434699166350472	0.000106534272210587	0.434805700622682
OVCA138	0.401619930641436	0.000104895283407347	0.743875211522773
OVCA140	0.54402709497618	0.00231015471816649	0.546595390430857
OVCA141	0.512569163381198	0.000106534272210587	0.57637335850252
OVCA145	0	0	0
OVCA146	0.423054970397854	0.000106534272210587	0.423161504670065
OVCA147	0.743665420955958	0.000106534272210587	0.743875211522773
OVCA148	0	0	0
OVCA149	0.699694154035888	0.000104895283407347	0.699799049319296
OVCA150	0.0552109768259358	0.000106534272210587	0.0553175110981463
OVCA151	0	0	0
OVCA152	0.602048937599673	0.000106534272210587	0.692983314381023
OVCA154	0.478395427339246	0.000106534272210587	0.478501961611457
OVCA158	0.0497597000663602	0.000108992755415446	0.0498686928217756
OVCA159	0.505818168500653	0.000104895283407347	0.50592306378406
OVCA160	0.728387111519806	0.000105714777808967	0.728492826297615
OVCA164	0	0	0
OVCA165	0	0	0
OVCA168	0.52410893935716	0.000104895283407347	0.743875211522773
OVCA170	0.0805825235000878	0.000104895283407347	0.0806874187834951
OVCA172	0	0	0
OVCA173	0.0263631349001121	0.000105714777808967	0.0264688496779211
OVCA174	0.543180557259307	0.000106534272210587	0.543287091531518
OVCA175	0.111687253007973	0.000105714777808967	0.111792967785782
OVCA176	0	0	0
OVCA177	0.0667855157544152	0.000105714777808967	0.0668912305322242
OVCA180	0.472110724773223	0.00230933522376487	0.474420059996988
OVCA181	0	0	0
OVCA183	0	0	0
OVCA184	0.232906045401186	0.000106534272210587	0.233012579673397
OVCA185	0	0	0
OVCA19	0.730911154276795	0.000108173261013827	0.731019327537809
OVCA193	0	0	0
OVCA194	0.454843977731092	0.00984458624665983	0.464688563977752
OVCA196	0.0417253769528787	0.000106534272210587	0.0418319112250893
OVCA197	0.743769496744964	0.000105714777808967	0.743875211522773
OVCA198	0.739616643305203	0.000417942144826148	0.740034585450029
OVCA200	0	0	0
OVCA205	0.743770316239366	0.000104895283407347	0.743875211522773
OVCA206	0.565482277904991	0.000104895283407347	0.565587173188398
OVCA210	0	0	0
OVCA211	0.368623332747859	0.000106534272210587	0.36872986702007
OVCA212	0.629109462235563	0.000105714777808967	0.749085901115921
OVCA216	0.483280908774055	0.000106534272210587	0.743875211522773
OVCA218	0	0	0
OVCA219	0.455795410731373	0.000104895283407347	0.73965024257567
OVCA222	0.530193209982435	0.000105714777808967	0.530652946341744
OVCA224	0	0	0
OVCA227	0	0	0
OVCA228	0	0	0
OVCA229	0.0753869289938176	0.000108992755415446	0.0754959217492331
OVCA230	0	0	0
OVCA231	0	0	0
OVCA232	0.749707077872349	0.000105714777808967	0.749812792650158
OVCA235	0.599079089888202	0.000108173261013827	0.749685771017907
OVCA237	0	0	0
OVCA246	0	0	0
OVCA247	0	0	0
OVCA25-02	0.413136629655049	0.000105714777808967	0.422620638364996
OVCA250	0	0	0
OVCA252	0.743770316239366	0.000104895283407347	0.743875211522773
OVCA257	0.417126747896536	0.000105714777808967	0.704276766729747
OVCA259	0	0	0
OVCA26-02	0	0	0
OVCA260	0	0	0
OVCA264	0	0	0
OVCA265	0.0816994943694957	0.000105714777808967	0.0818052091473047
OVCA266	0.550402417233135	0.000106534272210587	0.743875211522773
OVCA27	0.532260794357722	0.000105714777808967	0.532366509135531
OVCA272	0	0	0
OVCA279	0.67365144144681	0.000106534272210587	0.67375797571902
OVCA280	0.15577932979273	0.000106534272210587	0.15588586406494
OVCA281	0.106069618884868	0.00544144282675612	0.111511061711624
OVCA282	0.732453442740644	0.000106534272210587	0.732559977012854
OVCA285	0.696537461600848	0.000104895283407347	0.696723486830016
OVCA295	0.0174183535064309	0.000104895283407347	0.0175232487898383
OVCA302	0.704172690940741	0.000104895283407347	0.704277586224148
OVCA304	0.040849337437547	0.000108173261013827	0.0409575106985609
OVCA31	0	0	0
OVCA312	0.00188319813492253	0.000104895283407347	0.00198809341832987
OVCA313	0.743769496744964	0.000105714777808967	0.743875211522773
OVCA314	0.743638377640705	0.000106534272210587	0.743875211522773
OVCA322	0.596075642906265	0.000105714777808967	0.596181357684074
OVCA329	0.465640816472434	0.000108992755415446	0.471136345929697
OVCA33	0	0	0
OVCA338	0.743770316239366	0.000104895283407347	0.743875211522773
OVCA342	0.743770316239366	0.000104895283407347	0.743875211522773
OVCA35	0.705660073279681	0.000104895283407347	0.705764968563088
OVCA350	0	0	0
OVCA353	0	0	0
OVCA354	0.681185053480901	0.00389669587970261	0.685081749360604
OVCA355	0	0	0
OVCA358	0.125808780536687	0.000105714777808967	0.125914495314496
OVCA360	0.0933789285813825	0.00985360068507765	0.10323252926646
OVCA365	0	0	0
OVCA369	0.743769496744964	0.000105714777808967	0.743875211522773
OVCA371	0.041754878751337	0.000105714777808967	0.041860593529146
OVCA379	0.554470731630424	0.000106534272210587	0.554577265902635
OVCA384	0	0	0
OVCA399	0	0	0
OVCA40	0	0	0
OVCA402	0.0155097510450582	0.000104895283407347	0.0156146463284655
OVCA409	0.0773914123001799	0.000105714777808967	0.0774971270779889
OVCA410	0.743768677250563	0.000106534272210587	0.743875211522773
OVCA415	0	0	0
OVCA419	0.749271106850687	0.000106534272210587	0.749377641122898
OVCA420	0.59092231792123	0.000106534272210587	0.743875211522773
OVCA421	0	0	0
OVCA427	0	0	0
OVCA6	0	0	0
OVCA60	0	0	0
OVCA76	0	0	0
OVCA79	0	0	0
OVCA93	0	0	0
GSM692787_JB0723	0.0013174437848762	0.00403915678648022	0.00535660057135641
GSM692791_JB0727	0	0	0
GSM692808_JB0788	0.0165051990896499	0.000466013686425171	0.0169712127760751
