Sample	Percent	Start	End
P-0000067-T02-IM5	0	0	0
P-0000148-T01-IM3	0	0	0
P-0000199-T01-IM3	0	0	0
P-0000236-T01-IM3	0	0	0
P-0000269-T01-IM3	0	0	0
P-0000334-T01-IM3	0	0	0
P-0000366-T01-IM3	0	0	0
P-0000403-T01-IM3	0	0	0
P-0000633-T01-IM3	0	0	0
P-0000634-T01-IM3	0	0	0
P-0001036-T01-IM3	0	0	0
P-0001050-T01-IM3	0	0	0
P-0001086-T01-IM3	0	0	0
P-0001105-T01-IM3	0	0	0
P-0001140-T01-IM3	0	0	0
P-0001272-T01-IM3	0	0	0
P-0001284-T01-IM3	0	0	0
P-0001285-T01-IM3	0	0	0
P-0001392-T01-IM3	0	0	0
P-0001457-T01-IM3	0	0	0
P-0001478-T01-IM3	0	0	0
P-0001547-T01-IM3	0	0	0
P-0001561-T01-IM3	0	0	0
P-0001570-T01-IM3	0	0	0
P-0001575-T01-IM3	0	0	0
P-0001634-T01-IM3	0	0	0
P-0001677-T01-IM3	0	0	0
P-0001735-T01-IM3	0	0	0
P-0001752-T01-IM3	0	0	0
P-0001907-T01-IM3	0	0	0
P-0001985-T01-IM3	0	0	0
P-0001992-T01-IM3	0	0	0
P-0002010-T02-IM5	0	0	0
P-0002109-T01-IM3	0	0	0
P-0002110-T02-IM6	0	0	0
P-0002116-T01-IM3	0	0	0
P-0002122-T01-IM3	0	0	0
P-0002205-T01-IM3	0	0	0
P-0002227-T01-IM3	0	0	0
P-0002285-T01-IM3	0	0	0
P-0002288-T01-IM3	0	0	0
P-0002310-T01-IM3	0	0	0
P-0002385-T01-IM3	0	0	0
P-0002497-T01-IM3	0	0	0
P-0002526-T01-IM3	0	0	0
P-0002536-T01-IM3	0	0	0
P-0002587-T01-IM3	0	0	0
P-0002643-T01-IM3	0	0	0
P-0002692-T01-IM3	0	0	0
P-0002747-T01-IM3	0	0	0
P-0002771-T01-IM3	0	0	0
P-0002803-T01-IM3	0	0	0
P-0002866-T01-IM3	0	0	0
P-0002887-T01-IM3	0	0	0
P-0002982-T01-IM3	0	0	0
P-0003102-T01-IM5	0	0	0
P-0003191-T01-IM5	0	0	0
P-0003355-T01-IM5	0	0	0
P-0003539-T01-IM5	0	0	0
P-0003631-T01-IM5	0	0	0
P-0003744-T01-IM5	0	0	0
P-0003748-T01-IM5	0	0	0
P-0003763-T01-IM5	0	0	0
P-0003813-T01-IM5	0	0	0
P-0003818-T01-IM5	0	0	0
P-0003880-T01-IM5	0	0	0
P-0003889-T01-IM5	0	0	0
P-0003977-T01-IM3	0	0	0
P-0004005-T01-IM3	0	0	0
P-0004155-T01-IM5	0	0	0
P-0004175-T01-IM5	0	0	0
P-0004258-T01-IM5	0	0	0
P-0004308-T02-IM6	0	0	0
P-0004340-T01-IM5	0	0	0
P-0004360-T01-IM5	0	0	0
P-0004524-T02-IM5	0	0	0
P-0004568-T01-IM5	0	0	0
P-0004631-T01-IM5	0	0	0
P-0004684-T01-IM5	0	0	0
P-0004782-T01-IM5	0	0	0
P-0004794-T01-IM5	0	0	0
P-0004822-T01-IM5	0	0	0
P-0004829-T01-IM5	0	0	0
P-0004945-T01-IM5	0	0	0
P-0005092-T01-IM5	0	0	0
P-0005195-T01-IM5	0	0	0
P-0005224-T01-IM5	0	0	0
P-0005340-T01-IM5	0	0	0
P-0005341-T01-IM5	0	0	0
P-0005516-T01-IM5	0	0	0
P-0005592-T01-IM5	0	0	0
P-0005744-T01-IM5	0	0	0
P-0005775-T02-IM5	0	0	0
P-0005896-T01-IM5	0	0	0
P-0005946-T01-IM5	0	0	0
P-0006340-T01-IM5	0	0	0
P-0006492-T01-IM5	0	0	0
P-0006797-T01-IM5	0	0	0
P-0006892-T01-IM5	0	0	0
P-0006984-T01-IM5	0	0	0
P-0007003-T01-IM5	0	0	0
P-0007064-T01-IM5	0	0	0
P-0007134-T01-IM5	0	0	0
P-0007297-T01-IM5	0	0	0
P-0007535-T01-IM5	0	0	0
P-0007855-T01-IM5	0	0	0
P-0007899-T01-IM5	0	0	0
P-0008037-T01-IM5	0	0	0
P-0008052-T01-IM5	0	0	0
P-0008474-T01-IM5	0	0	0
P-0009372-T01-IM5	0	0	0
P-0009479-T01-IM5	0	0	0
P-0009524-T01-IM5	0	0	0
P-0009558-T01-IM5	0	0	0
P-0009598-T01-IM5	0	0	0
P-0009601-T01-IM5	0	0	0
P-0009750-T01-IM5	0	0	0
P-0009840-T01-IM5	0	0	0
P-0009979-T02-IM6	0	0	0
P-0010011-T01-IM5	0	0	0
P-0010214-T01-IM5	0	0	0
P-0010225-T01-IM5	0	0	0
P-0010250-T02-IM6	0	0	0
P-0010357-T01-IM5	0	0	0
P-0010424-T01-IM5	0	0	0
P-0010510-T01-IM5	0	0	0
P-0010536-T01-IM5	0	0	0
P-0010573-T01-IM5	0	0	0
P-0010594-T01-IM5	0	0	0
P-0010598-T01-IM5	0	0	0
P-0010633-T01-IM5	0	0	0
P-0010690-T01-IM5	0	0	0
P-0010705-T01-IM5	0	0	0
P-0010946-T01-IM5	0	0	0
P-0011086-T01-IM5	0	0	0
P-0011589-T01-IM5	0	0	0
P-0012367-T01-IM5	0	0	0
P-0012502-T01-IM5	0	0	0
P-0012732-T01-IM5	0	0	0
P-0012808-T01-IM5	0	0	0
P-0013054-T01-IM5	0	0	0
P-0013279-T01-IM5	0	0	0
P-0013630-T01-IM5	0	0	0
P-0013695-T01-IM5	0	0	0
P-0013698-T01-IM5	0	0	0
P-0013699-T01-IM5	0	0	0
P-0013801-T03-IM6	0	0	0
P-0013898-T01-IM5	0	0	0
P-0013986-T01-IM5	0	0	0
P-0014032-T01-IM5	0	0	0
P-0014146-T01-IM5	0	0	0
P-0014153-T01-IM5	0	0	0
P-0014175-T01-IM5	0	0	0
P-0014391-T01-IM6	0	0	0
P-0014401-T01-IM6	0	0	0
P-0014409-T02-IM6	0	0	0
P-0014631-T01-IM6	0	0	0
P-0014697-T01-IM6	0	0	0
P-0014857-T01-IM6	0	0	0
P-0014861-T01-IM6	0	0	0
P-0015183-T01-IM6	0	0	0
P-0015271-T01-IM6	0	0	0
P-0015457-T01-IM6	0	0	0
P-0015507-T01-IM6	0	0	0
P-0015525-T01-IM6	0	0	0
P-0015651-T03-IM6	0	0	0
P-0015726-T01-IM6	0	0	0
P-0015819-T01-IM6	0	0	0
P-0015976-T01-IM6	0	0	0
P-0016058-T01-IM6	0	0	0
P-0016129-T01-IM6	0	0	0
P-0016553-T01-IM6	0	0	0
P-0016865-T01-IM6	0	0	0
P-0017005-T01-IM6	0	0	0
P-0017175-T01-IM6	0	0	0
P-0017327-T01-IM6	0	0	0
P-0017436-T01-IM6	0	0	0
P-0017470-T01-IM6	0	0	0
P-0017559-T01-IM5	0	0	0
P-0017787-T01-IM6	0	0	0
P-0018024-T01-IM6	0	0	0
P-0018026-T01-IM6	0	0	0
P-0018184-T01-IM6	0	0	0
P-0018202-T01-IM6	0	0	0
P-0018211-T01-IM6	0	0	0
P-0018212-T01-IM6	0	0	0
P-0018312-T01-IM6	0	0	0
P-0018381-T01-IM6	0	0	0
P-0018527-T01-IM6	0	0	0
P-0018550-T01-IM6	0	0	0
P-0018612-T01-IM6	0	0	0
P-0018757-T01-IM6	0	0	0
P-0018944-T01-IM6	0	0	0
P-0018996-T01-IM6	0	0	0
P-0018997-T01-IM6	0	0	0
P-0019234-T01-IM6	0	0	0
P-0019338-T01-IM6	0	0	0
P-0019373-T01-IM6	0	0	0
P-0019391-T01-IM6	0	0	0
P-0019423-T01-IM6	0	0	0
P-0019441-T01-IM6	0	0	0
P-0019652-T02-IM6	0	0	0
P-0019664-T02-IM6	0	0	0
P-0019748-T01-IM6	0	0	0
P-0019841-T01-IM6	0	0	0
P-0019908-T01-IM6	0	0	0
P-0019934-T01-IM6	0	0	0
P-0019940-T01-IM6	0	0	0
P-0019953-T01-IM6	0	0	0
P-0019991-T01-IM6	0	0	0
P-0020006-T01-IM6	0	0	0
P-0020007-T01-IM6	0	0	0
P-0020012-T01-IM6	0	0	0
P-0020045-T01-IM6	0	0	0
P-0020050-T01-IM6	0	0	0
P-0020067-T01-IM6	0	0	0
P-0020105-T01-IM6	0	0	0
P-0020112-T01-IM6	0	0	0
P-0020118-T01-IM6	0	0	0
P-0020145-T01-IM6	0	0	0
P-0020161-T01-IM6	0	0	0
P-0020298-T01-IM6	0	0	0
P-0020313-T01-IM6	0	0	0
P-0020315-T01-IM6	0	0	0
P-0020364-T01-IM6	0	0	0
P-0020385-T01-IM6	0	0	0
P-0020432-T01-IM6	0	0	0
P-0020434-T01-IM6	0	0	0
P-0020501-T01-IM6	0	0	0
P-0020515-T01-IM6	0	0	0
P-0020568-T01-IM6	0	0	0
P-0020635-T01-IM6	0	0	0
P-0020682-T01-IM6	0	0	0
P-0020687-T01-IM6	0	0	0
P-0020688-T01-IM6	0	0	0
P-0020698-T01-IM6	0	0	0
P-0020699-T01-IM6	0	0	0
P-0020767-T01-IM6	0	0	0
P-0020799-T01-IM6	0	0	0
P-0020831-T01-IM6	0	0	0
P-0020924-T01-IM6	0	0	0
P-0020927-T01-IM6	0	0	0
P-0020968-T01-IM6	0	0	0
P-0020970-T01-IM6	0	0	0
P-0020973-T01-IM6	0	0	0
P-0021030-T01-IM6	0	0	0
P-0021045-T02-IM6	0	0	0
P-0021076-T01-IM6	0	0	0
P-0021080-T01-IM6	0	0	0
P-0021107-T01-IM6	0	0	0
P-0021114-T01-IM6	0	0	0
P-0021272-T01-IM6	0	0	0
P-0021303-T01-IM6	0	0	0
P-0021328-T01-IM6	0	0	0
P-0021359-T01-IM6	0	0	0
P-0021389-T01-IM6	0	0	0
P-0021409-T01-IM6	0	0	0
P-0021485-T01-IM6	0	0	0
P-0021524-T01-IM6	0	0	0
P-0021534-T01-IM6	0	0	0
P-0021559-T01-IM6	0	0	0
P-0021592-T01-IM6	0	0	0
P-0021602-T01-IM6	0	0	0
P-0021632-T01-IM6	0	0	0
P-0021649-T01-IM6	0	0	0
P-0021742-T01-IM6	0	0	0
P-0021759-T01-IM6	0	0	0
P-0021762-T02-IM6	0	0	0
P-0021787-T01-IM6	0	0	0
P-0021882-T01-IM6	0	0	0
P-0021891-T01-IM6	0	0	0
P-0021912-T01-IM6	0	0	0
P-0021920-T01-IM6	0	0	0
P-0022003-T01-IM6	0	0	0
P-0022016-T01-IM6	0	0	0
P-0022046-T01-IM6	0	0	0
P-0022058-T01-IM6	0	0	0
P-0022079-T01-IM6	0	0	0
P-0022098-T01-IM6	0	0	0
P-0022126-T01-IM6	0	0	0
P-0022130-T01-IM6	0	0	0
P-0022170-T01-IM6	0	0	0
P-0022191-T01-IM6	0	0	0
P-0022288-T01-IM6	0	0	0
P-0022358-T01-IM6	0	0	0
P-0022507-T01-IM6	0	0	0
P-0022522-T01-IM6	0	0	0
P-0022535-T01-IM6	0	0	0
P-0022610-T01-IM6	0	0	0
P-0022640-T01-IM6	0	0	0
P-0022754-T01-IM6	0	0	0
P-0022781-T01-IM6	0	0	0
P-0023037-T01-IM6	0	0	0
P-0023069-T01-IM6	0	0	0
P-0023091-T01-IM6	0	0	0
P-0023140-T01-IM6	0	0	0
P-0023287-T01-IM6	0	0	0
P-0023506-T01-IM6	0	0	0
P-0023559-T01-IM6	0	0	0
P-0023560-T01-IM6	0	0	0
P-0023620-T01-IM6	0	0	0
P-0023661-T01-IM6	0	0	0
P-0023747-T01-IM6	0	0	0
P-0023834-T01-IM6	0	0	0
P-0023840-T01-IM6	0	0	0
P-0023856-T01-IM6	0	0	0
P-0023920-T01-IM6	0	0	0
P-0023970-T01-IM6	0	0	0
P-0023989-T01-IM6	0	0	0
P-0023996-T01-IM6	0	0	0
P-0024036-T01-IM6	0	0	0
P-0024048-T01-IM6	0	0	0
P-0024053-T01-IM6	0	0	0
P-0024115-T01-IM6	0	0	0
P-0024118-T01-IM6	0	0	0
P-0024149-T01-IM6	0	0	0
P-0024181-T01-IM6	0	0	0
P-0024189-T01-IM6	0	0	0
P-0024213-T01-IM6	0	0	0
P-0024318-T01-IM6	0	0	0
P-0024389-T01-IM6	0	0	0
P-0024405-T01-IM6	0	0	0
P-0024406-T01-IM6	0	0	0
P-0024448-T01-IM6	0	0	0
P-0024661-T01-IM6	0	0	0
P-0024723-T01-IM6	0	0	0
P-0024726-T01-IM6	0	0	0
P-0024738-T01-IM6	0	0	0
P-0024740-T01-IM6	0	0	0
P-0024774-T01-IM6	0	0	0
P-0024831-T01-IM6	0	0	0
P-0024926-T01-IM6	0	0	0
P-0024959-T01-IM6	0	0	0
P-0024971-T01-IM6	0	0	0
P-0025000-T01-IM6	0	0	0
P-0025014-T01-IM6	0	0	0
P-0025063-T01-IM6	0	0	0
P-0025144-T01-IM6	0	0	0
P-0025149-T01-IM6	0	0	0
P-0025198-T01-IM6	0	0	0
P-0025205-T01-IM6	0	0	0
P-0025279-T01-IM6	0	0	0
P-0025393-T01-IM6	0	0	0
P-0025454-T01-IM6	0	0	0
P-0025460-T01-IM6	0	0	0
P-0025475-T01-IM6	0	0	0
P-0025545-T01-IM6	0	0	0
P-0025645-T01-IM6	0	0	0
P-0025761-T01-IM6	0	0	0
P-0025811-T01-IM6	0	0	0
P-0025854-T01-IM6	0	0	0
P-0025946-T01-IM6	0	0	0
P-0025949-T01-IM6	0	0	0
P-0025958-T01-IM6	0	0	0
P-0025993-T01-IM6	0	0	0
P-0026010-T01-IM6	0	0	0
P-0026169-T01-IM6	0	0	0
P-0026190-T01-IM6	0	0	0
P-0026217-T02-IM6	0	0	0
P-0026232-T01-IM6	0	0	0
P-0026490-T01-IM6	0	0	0
P-0026493-T01-IM6	0	0	0
P-0026504-T01-IM6	0	0	0
P-0026506-T01-IM6	0	0	0
P-0026510-T01-IM6	0	0	0
P-0026533-T01-IM6	0	0	0
P-0026539-T01-IM6	0	0	0
P-0026648-T01-IM6	0	0	0
P-0026882-T01-IM6	0	0	0
P-0026943-T01-IM6	0	0	0
P-0026969-T01-IM6	0	0	0
P-0027019-T01-IM6	0	0	0
P-0027103-T01-IM6	0	0	0
P-0027108-T01-IM6	0	0	0
P-0027163-T01-IM6	0	0	0
P-0027164-T01-IM6	0	0	0
P-0027262-T01-IM6	0	0	0
P-0027488-T01-IM6	0	0	0
P-0027870-T01-IM6	0	0	0
P-0027872-T01-IM6	0	0	0
P-0027886-T01-IM6	0	0	0
P-0027958-T01-IM6	0	0	0
P-0028008-T01-IM6	0	0	0
P-0028250-T01-IM6	0	0	0
P-0028308-T01-IM6	0	0	0
P-0028328-T01-IM6	0	0	0
P-0028414-T01-IM6	0	0	0
P-0028432-T01-IM6	0	0	0
P-0028449-T01-IM6	0	0	0
P-0028493-T01-IM6	0	0	0
P-0028499-T01-IM6	0	0	0
P-0028695-T01-IM6	0	0	0
P-0028702-T01-IM6	0	0	0
P-0028704-T01-IM6	0	0	0
P-0029084-T01-IM6	0	0	0
P-0029099-T01-IM6	0	0	0
P-0029129-T01-IM6	0	0	0
P-0029223-T01-IM6	0	0	0
P-0029263-T02-IM6	0	0	0
P-0029267-T03-IM6	0	0	0
P-0029325-T01-IM6	0	0	0
P-0029331-T01-IM6	0	0	0
P-0029341-T01-IM6	0	0	0
P-0029354-T01-IM6	0	0	0
P-0029355-T01-IM6	0	0	0
P-0029393-T01-IM6	0	0	0
P-0029395-T01-IM6	0	0	0
P-0029461-T01-IM6	0	0	0
P-0029463-T01-IM6	0	0	0
P-0029464-T01-IM6	0	0	0
P-0029548-T01-IM6	0	0	0
P-0029640-T01-IM6	0	0	0
P-0029643-T01-IM6	0	0	0
P-0029768-T01-IM6	0	0	0
P-0029830-T01-IM6	0	0	0
P-0029835-T01-IM6	0	0	0
P-0029849-T01-IM6	0	0	0
P-0029946-T01-IM6	0	0	0
P-0029960-T01-IM6	0	0	0
P-0030010-T01-IM6	0	0	0
P-0030023-T01-IM6	0	0	0
P-0030033-T01-IM6	0	0	0
P-0030052-T01-IM6	0	0	0
P-0030123-T01-IM6	0	0	0
P-0030164-T01-IM6	0	0	0
P-0030229-T02-IM6	0	0	0
P-0030258-T01-IM6	0	0	0
P-0030266-T01-IM6	0	0	0
P-0030339-T01-IM6	0	0	0
P-0030346-T01-IM6	0	0	0
P-0030374-T01-IM6	0	0	0
P-0030411-T01-IM6	0	0	0
P-0030444-T01-IM6	0	0	0
P-0030505-T01-IM6	0	0	0
P-0030569-T01-IM6	0	0	0
P-0030697-T01-IM6	0	0	0
P-0030779-T01-IM6	0	0	0
P-0030867-T01-IM6	0	0	0
P-0030874-T01-IM6	0	0	0
P-0030962-T01-IM6	0	0	0
P-0031150-T01-IM6	0	0	0
P-0031210-T01-IM6	0	0	0
P-0031323-T01-IM6	0	0	0
P-0031382-T01-IM6	0	0	0
P-0031385-T01-IM6	0	0	0
P-0031395-T01-IM6	0	0	0
P-0031402-T01-IM6	0	0	0
P-0031498-T01-IM6	0	0	0
P-0031520-T01-IM6	0	0	0
P-0031561-T01-IM6	0	0	0
P-0031645-T01-IM6	0	0	0
P-0031648-T01-IM6	0	0	0
P-0031656-T01-IM6	0	0	0
P-0031687-T01-IM6	0	0	0
P-0031697-T01-IM6	0	0	0
P-0031709-T01-IM6	0	0	0
P-0031749-T01-IM6	0	0	0
P-0031751-T01-IM6	0	0	0
P-0031840-T01-IM6	0	0	0
P-0031933-T01-IM6	0	0	0
P-0031946-T01-IM6	0	0	0
P-0032092-T01-IM6	0	0	0
P-0032093-T01-IM6	0	0	0
P-0032171-T03-IM6	0	0	0
P-0032335-T01-IM6	0	0	0
P-0032339-T01-IM6	0	0	0
P-0032375-T01-IM6	0	0	0
P-0032378-T01-IM6	0	0	0
P-0032521-T01-IM6	0	0	0
P-0032813-T02-IM6	0	0	0
P-0032992-T01-IM6	0	0	0
P-0033193-T01-IM6	0	0	0
P-0033217-T01-IM6	0	0	0
P-0033218-T02-IM6	0	0	0
P-0033283-T03-IM6	0	0	0
P-0033291-T01-IM6	0	0	0
P-0033318-T02-IM6	0	0	0
P-0033335-T01-IM6	0	0	0
P-0033523-T01-IM6	0	0	0
P-0033548-T01-IM6	0	0	0
P-0033555-T01-IM6	0	0	0
P-0033557-T01-IM6	0	0	0
P-0033679-T01-IM6	0	0	0
P-0033692-T01-IM6	0	0	0
P-0033693-T01-IM6	0	0	0
P-0033718-T01-IM6	0	0	0
P-0033726-T01-IM6	0	0	0
P-0033783-T01-IM6	0	0	0
P-0033879-T01-IM6	0	0	0
P-0034011-T01-IM6	0	0	0
P-0034038-T01-IM6	0	0	0
P-0034043-T01-IM6	0	0	0
P-0034086-T01-IM6	0	0	0
P-0034227-T01-IM6	0	0	0
P-0034239-T01-IM6	0	0	0
P-0034250-T01-IM6	0	0	0
P-0034304-T01-IM6	0	0	0
P-0034331-T01-IM6	0	0	0
P-0034383-T01-IM6	0	0	0
P-0034415-T01-IM6	0	0	0
P-0034418-T01-IM6	0	0	0
P-0034428-T01-IM6	0	0	0
P-0034470-T01-IM6	0	0	0
P-0034519-T01-IM6	0	0	0
P-0034561-T01-IM6	0	0	0
P-0034610-T01-IM6	0	0	0
P-0034622-T01-IM6	0	0	0
P-0034814-T01-IM6	0	0	0
P-0034872-T01-IM6	0	0	0
P-0034885-T01-IM6	0	0	0
P-0034907-T01-IM6	0	0	0
P-0034976-T01-IM6	0	0	0
P-0035075-T01-IM6	0	0	0
P-0035082-T01-IM6	0	0	0
P-0035101-T01-IM6	0	0	0
P-0035125-T01-IM6	0	0	0
P-0035138-T01-IM6	0	0	0
P-0035237-T01-IM6	0	0	0
P-0035374-T01-IM6	0	0	0
P-0035378-T01-IM6	0	0	0
P-0035448-T01-IM6	0	0	0
P-0035556-T01-IM6	0	0	0
P-0035594-T01-IM6	0	0	0
P-0035757-T01-IM6	0	0	0
P-0035993-T01-IM6	0	0	0
P-0036013-T01-IM6	0	0	0
P-0036015-T01-IM6	0	0	0
P-0036061-T01-IM6	0	0	0
P-0036063-T01-IM6	0	0	0
P-0036292-T01-IM6	0	0	0
P-0036314-T01-IM6	0	0	0
P-0036325-T01-IM6	0	0	0
P-0036348-T01-IM6	0	0	0
P-0036488-T01-IM6	0	0	0
P-0036508-T01-IM6	0	0	0
P-0036542-T01-IM6	0	0	0
P-0036582-T01-IM6	0	0	0
P-0036618-T01-IM6	0	0	0
P-0036627-T01-IM6	0	0	0
P-0036673-T01-IM6	0	0	0
P-0036705-T01-IM6	0	0	0
P-0036720-T01-IM6	0	0	0
P-0036727-T01-IM6	0	0	0
P-0036750-T01-IM6	0	0	0
P-0036766-T01-IM6	0	0	0
P-0036770-T01-IM6	0	0	0
P-0036784-T01-IM6	0	0	0
P-0036869-T01-IM6	0	0	0
P-0036872-T01-IM6	0	0	0
P-0036874-T01-IM6	0	0	0
P-0036886-T01-IM6	0	0	0
P-0036961-T01-IM6	0	0	0
P-0036963-T01-IM6	0	0	0
P-0036971-T01-IM6	0	0	0
P-0037025-T01-IM6	0	0	0
P-0037027-T01-IM6	0	0	0
P-0037070-T01-IM6	0	0	0
P-0037087-T01-IM6	0	0	0
P-0037100-T01-IM6	0	0	0
P-0037128-T01-IM6	0	0	0
P-0037167-T01-IM6	0	0	0
P-0037189-T01-IM6	0	0	0
P-0037196-T01-IM6	0	0	0
P-0037308-T01-IM6	0	0	0
P-0037460-T01-IM6	0	0	0
P-0037472-T01-IM6	0	0	0
P-0037478-T01-IM6	0	0	0
P-0037702-T01-IM6	0	0	0
P-0037794-T01-IM6	0	0	0
P-0037874-T01-IM6	0	0	0
P-0037891-T01-IM6	0	0	0
P-0037905-T01-IM6	0	0	0
P-0037909-T01-IM6	0	0	0
P-0037939-T01-IM6	0	0	0
P-0037949-T01-IM6	0	0	0
P-0037974-T01-IM6	0	0	0
P-0037988-T01-IM6	0	0	0
P-0038047-T01-IM6	0	0	0
P-0038049-T01-IM6	0	0	0
P-0038069-T01-IM6	0	0	0
P-0038093-T01-IM6	0	0	0
P-0038096-T01-IM6	0	0	0
P-0038097-T01-IM6	0	0	0
P-0038144-T01-IM6	0	0	0
P-0038147-T01-IM6	0	0	0
P-0038323-T01-IM6	0	0	0
P-0038340-T01-IM6	0	0	0
P-0038345-T02-IM6	0	0	0
P-0038406-T01-IM6	0	0	0
P-0038427-T01-IM6	0	0	0
P-0038481-T01-IM6	0	0	0
P-0038483-T01-IM6	0	0	0
P-0038499-T01-IM6	0	0	0
P-0038526-T01-IM6	0	0	0
P-0038534-T01-IM6	0	0	0
P-0038543-T01-IM6	0	0	0
P-0038554-T01-IM6	0	0	0
P-0038583-T01-IM6	0	0	0
P-0038634-T01-IM6	0	0	0
P-0038646-T01-IM6	0	0	0
P-0038649-T01-IM6	0	0	0
P-0038660-T01-IM6	0	0	0
P-0038663-T01-IM6	0	0	0
P-0038742-T01-IM6	0	0	0
P-0038744-T01-IM6	0	0	0
P-0038745-T01-IM6	0	0	0
P-0038779-T01-IM6	0	0	0
P-0038791-T01-IM6	0	0	0
P-0038816-T01-IM6	0	0	0
P-0038970-T01-IM6	0	0	0
P-0038996-T01-IM6	0	0	0
P-0038997-T01-IM6	0	0	0
P-0039001-T01-IM6	0	0	0
P-0039012-T01-IM6	0	0	0
P-0039045-T01-IM6	0	0	0
P-0039094-T01-IM6	0	0	0
P-0039148-T01-IM6	0	0	0
P-0039165-T01-IM6	0	0	0
P-0039191-T01-IM6	0	0	0
P-0039227-T01-IM6	0	0	0
P-0039241-T01-IM6	0	0	0
P-0039242-T01-IM6	0	0	0
P-0039288-T01-IM6	0	0	0
P-0039297-T01-IM6	0	0	0
P-0039377-T01-IM6	0	0	0
P-0039500-T01-IM6	0	0	0
P-0039514-T01-IM6	0	0	0
P-0039563-T01-IM6	0	0	0
P-0039583-T01-IM6	0	0	0
P-0039605-T01-IM6	0	0	0
P-0039615-T01-IM6	0	0	0
P-0039660-T01-IM6	0	0	0
P-0039685-T01-IM6	0	0	0
P-0039734-T01-IM6	0	0	0
P-0039749-T01-IM6	0	0	0
P-0039772-T01-IM6	0	0	0
P-0039774-T01-IM6	0	0	0
P-0039782-T01-IM6	0	0	0
P-0039797-T01-IM6	0	0	0
P-0039804-T01-IM6	0	0	0
P-0039810-T01-IM6	0	0	0
P-0039811-T01-IM6	0	0	0
P-0039871-T01-IM6	0	0	0
P-0039927-T01-IM6	0	0	0
P-0039932-T01-IM6	0	0	0
P-0039935-T01-IM6	0	0	0
P-0039936-T01-IM6	0	0	0
P-0039948-T01-IM6	0	0	0
P-0040007-T01-IM6	0	0	0
P-0040118-T01-IM6	0	0	0
P-0040119-T01-IM6	0	0	0
P-0040143-T01-IM6	0	0	0
P-0040154-T01-IM6	0	0	0
P-0040160-T02-IM6	0	0	0
P-0040177-T01-IM6	0	0	0
P-0040281-T01-IM6	0	0	0
P-0040290-T01-IM6	0	0	0
P-0040343-T01-IM6	0	0	0
P-0040386-T01-IM6	0	0	0
P-0040387-T01-IM6	0	0	0
P-0040410-T01-IM6	0	0	0
P-0040504-T01-IM6	0	0	0
P-0040521-T01-IM6	0	0	0
P-0040523-T01-IM6	0	0	0
P-0040555-T02-IM6	0	0	0
P-0040593-T01-IM6	0	0	0
P-0040605-T01-IM6	0	0	0
P-0040615-T01-IM6	0	0	0
P-0040702-T01-IM6	0	0	0
P-0040729-T01-IM6	0	0	0
P-0040800-T01-IM6	0	0	0
P-0040803-T01-IM6	0	0	0
P-0040812-T01-IM6	0	0	0
P-0040827-T01-IM6	0	0	0
P-0040860-T01-IM6	0	0	0
P-0040931-T01-IM6	0	0	0
P-0041025-T01-IM6	0	0	0
P-0041026-T01-IM6	0	0	0
P-0041035-T01-IM6	0	0	0
P-0041163-T01-IM6	0	0	0
P-0041235-T01-IM6	0	0	0
P-0041236-T01-IM6	0	0	0
P-0041269-T01-IM6	0	0	0
P-0041279-T01-IM6	0	0	0
P-0041285-T01-IM6	0	0	0
P-0041289-T01-IM6	0	0	0
P-0041338-T01-IM6	0	0	0
P-0041345-T01-IM6	0	0	0
P-0041387-T01-IM6	0	0	0
P-0041413-T01-IM6	0	0	0
P-0041454-T01-IM6	0	0	0
P-0041464-T01-IM6	0	0	0
P-0041468-T01-IM6	0	0	0
P-0041472-T01-IM6	0	0	0
P-0041535-T01-IM6	0	0	0
P-0041541-T01-IM6	0	0	0
P-0041553-T01-IM6	0	0	0
P-0041614-T01-IM6	0	0	0
P-0041618-T01-IM6	0	0	0
P-0041650-T01-IM6	0	0	0
P-0041658-T01-IM6	0	0	0
P-0041733-T01-IM6	0	0	0
P-0041836-T01-IM6	0	0	0
P-0041886-T01-IM6	0	0	0
P-0041952-T01-IM6	0	0	0
P-0041958-T01-IM6	0	0	0
P-0041962-T02-IM6	0	0	0
P-0041968-T01-IM6	0	0	0
P-0041985-T01-IM6	0	0	0
P-0042108-T01-IM6	0	0	0
P-0042116-T01-IM6	0	0	0
P-0042152-T01-IM6	0	0	0
P-0042200-T01-IM6	0	0	0
P-0042351-T01-IM6	0	0	0
P-0042390-T01-IM6	0	0	0
P-0042407-T01-IM6	0	0	0
P-0042500-T01-IM6	0	0	0
P-0042511-T01-IM6	0	0	0
P-0042548-T01-IM6	0	0	0
P-0042584-T01-IM6	0	0	0
P-0042632-T01-IM6	0	0	0
P-0042638-T01-IM6	0	0	0
P-0042701-T02-IM6	0	0	0
P-0042714-T01-IM6	0	0	0
P-0042757-T01-IM6	0	0	0
P-0042764-T02-IM6	0	0	0
P-0042866-T01-IM6	0	0	0
P-0042932-T01-IM6	0	0	0
P-0042935-T01-IM6	0	0	0
P-0042974-T01-IM6	0	0	0
P-0043016-T01-IM6	0	0	0
P-0043036-T01-IM6	0	0	0
P-0043046-T01-IM6	0	0	0
P-0043133-T01-IM6	0	0	0
P-0043201-T01-IM6	0	0	0
P-0043290-T01-IM6	0	0	0
P-0043550-T02-IM6	0	0	0
P-0043587-T01-IM6	0	0	0
P-0043617-T01-IM6	0	0	0
P-0043633-T01-IM6	0	0	0
P-0043634-T01-IM6	0	0	0
P-0043706-T01-IM6	0	0	0
P-0043777-T01-IM6	0	0	0
P-0043833-T01-IM6	0	0	0
P-0043838-T01-IM6	0	0	0
P-0043914-T01-IM6	0	0	0
P-0043933-T01-IM6	0	0	0
P-0043955-T01-IM6	0	0	0
P-0044084-T01-IM6	0	0	0
P-0044131-T01-IM6	0	0	0
P-0044136-T01-IM6	0	0	0
P-0044146-T01-IM6	0	0	0
P-0044185-T01-IM6	0	0	0
P-0044199-T01-IM6	0	0	0
P-0044344-T01-IM6	0	0	0
P-0044345-T01-IM6	0	0	0
P-0044349-T01-IM6	0	0	0
P-0044402-T01-IM6	0	0	0
P-0044451-T01-IM6	0	0	0
P-0044555-T01-IM6	0	0	0
P-0044572-T01-IM6	0	0	0
P-0044611-T01-IM6	0	0	0
P-0044700-T01-IM6	0	0	0
P-0044784-T01-IM6	0	0	0
P-0044796-T01-IM6	0	0	0
P-0044821-T01-IM6	0	0	0
P-0044905-T01-IM6	0	0	0
P-0044919-T01-IM6	0	0	0
P-0044943-T02-IM6	0	0	0
P-0044963-T01-IM6	0	0	0
P-0045031-T01-IM6	0	0	0
P-0045161-T01-IM6	0	0	0
P-0045231-T02-IM6	0	0	0
P-0045252-T01-IM6	0	0	0
P-0045275-T01-IM6	0	0	0
P-0045312-T01-IM6	0	0	0
P-0045411-T01-IM6	0	0	0
P-0045473-T01-IM6	0	0	0
P-0045534-T01-IM6	0	0	0
P-0045578-T01-IM6	0	0	0
P-0045623-T01-IM6	0	0	0
P-0045641-T01-IM6	0	0	0
P-0045643-T01-IM6	0	0	0
P-0045741-T01-IM6	0	0	0
P-0045749-T01-IM6	0	0	0
P-0045848-T01-IM6	0	0	0
P-0045890-T01-IM6	0	0	0
P-0045900-T01-IM6	0	0	0
P-0045944-T01-IM6	0	0	0
P-0045947-T01-IM6	0	0	0
P-0045987-T01-IM6	0	0	0
P-0045998-T01-IM6	0	0	0
P-0046098-T01-IM6	0	0	0
P-0046249-T01-IM6	0	0	0
P-0046254-T01-IM6	0	0	0
P-0046282-T01-IM6	0	0	0
P-0046283-T01-IM6	0	0	0
P-0046298-T01-IM6	0	0	0
P-0046322-T01-IM6	0	0	0
P-0046443-T01-IM6	0	0	0
P-0046458-T01-IM6	0	0	0
P-0046478-T01-IM6	0	0	0
P-0046489-T01-IM6	0	0	0
P-0046496-T01-IM6	0	0	0
P-0046543-T01-IM6	0	0	0
P-0046721-T01-IM6	0	0	0
P-0046745-T01-IM6	0	0	0
P-0046749-T02-IM6	0	0	0
P-0046802-T01-IM6	0	0	0
P-0046854-T01-IM6	0	0	0
P-0046884-T01-IM6	0	0	0
P-0046903-T01-IM6	0	0	0
P-0046957-T01-IM6	0	0	0
P-0046996-T01-IM6	0	0	0
P-0047089-T01-IM6	0	0	0
P-0047143-T01-IM6	0	0	0
P-0047149-T01-IM6	0	0	0
P-0047150-T01-IM6	0	0	0
P-0047215-T01-IM6	0	0	0
P-0047259-T01-IM6	0	0	0
P-0047292-T01-IM6	0	0	0
P-0047390-T01-IM6	0	0	0
P-0047432-T01-IM6	0	0	0
P-0047466-T01-IM6	0	0	0
P-0047555-T01-IM6	0	0	0
P-0047610-T01-IM6	0	0	0
P-0047622-T01-IM6	0	0	0
P-0047667-T01-IM6	0	0	0
P-0047699-T01-IM6	0	0	0
P-0047853-T01-IM6	0	0	0
P-0047880-T01-IM6	0	0	0
P-0047883-T01-IM6	0	0	0
P-0047903-T01-IM6	0	0	0
P-0047944-T01-IM6	0	0	0
P-0047947-T01-IM6	0	0	0
P-0047987-T01-IM6	0	0	0
P-0048171-T01-IM6	0	0	0
P-0048239-T01-IM6	0	0	0
P-0048254-T01-IM6	0	0	0
P-0048374-T01-IM6	0	0	0
P-0048455-T01-IM6	0	0	0
P-0048463-T01-IM6	0	0	0
P-0048524-T01-IM6	0	0	0
P-0048531-T01-IM6	0	0	0
P-0048556-T01-IM6	0	0	0
P-0048559-T01-IM6	0	0	0
P-0048588-T01-IM6	0	0	0
P-0048593-T01-IM6	0	0	0
P-0048624-T01-IM6	0	0	0
P-0048664-T01-IM6	0	0	0
P-0048670-T01-IM6	0	0	0
P-0048687-T01-IM6	0	0	0
P-0048755-T01-IM6	0	0	0
P-0048772-T01-IM6	0	0	0
P-0048780-T01-IM6	0	0	0
P-0048851-T01-IM6	0	0	0
P-0048902-T01-IM6	0	0	0
P-0049008-T01-IM6	0	0	0
P-0049099-T01-IM6	0	0	0
P-0049277-T01-IM6	0	0	0
P-0049385-T01-IM6	0	0	0
P-0049412-T01-IM6	0	0	0
P-0049444-T01-IM6	0	0	0
P-0049458-T01-IM6	0	0	0
P-0049483-T01-IM6	0	0	0
P-0049519-T01-IM6	0	0	0
P-0049532-T01-IM6	0	0	0
P-0049686-T01-IM6	0	0	0
P-0049759-T01-IM6	0	0	0
P-0049782-T01-IM6	0	0	0
P-0049812-T01-IM6	0	0	0
P-0049848-T01-IM6	0	0	0
P-0049943-T01-IM6	0	0	0
P-0049980-T01-IM6	0	0	0
P-0050115-T01-IM6	0	0	0
P-0050316-T01-IM6	0	0	0
P-0050400-T01-IM6	0	0	0
P-0050410-T01-IM6	0	0	0
P-0050452-T01-IM6	0	0	0
P-0050454-T01-IM6	0	0	0
P-0050523-T01-IM6	0	0	0
P-0000141-T01-IM3	0	0	0
P-0000148-T02-IM3	0	0	0
P-0000185-T01-IM3	0	0	0
P-0000212-T01-IM3	0	0	0
P-0000267-T01-IM3	0	0	0
P-0001265-T01-IM3	0	0	0
P-0001497-T01-IM3	0	0	0
P-0001681-T01-IM3	0	0	0
P-0001681-T02-IM3	0	0	0
P-0001700-T01-IM3	0	0	0
P-0001966-T01-IM3	0	0	0
P-0001978-T01-IM3	0	0	0
P-0002010-T01-IM3	0	0	0
P-0002110-T01-IM3	0	0	0
P-0002136-T01-IM3	0	0	0
P-0002257-T01-IM3	0	0	0
P-0002373-T01-IM3	0	0	0
P-0002645-T01-IM3	0	0	0
P-0002660-T01-IM3	0	0	0
P-0002664-T01-IM3	0	0	0
P-0003708-T01-IM5	0	0	0
P-0004262-T01-IM5	0	0	0
P-0004445-T01-IM5	0	0	0
P-0004524-T01-IM5	0	0	0
P-0004530-T01-IM5	0	0	0
P-0004791-T01-IM5	0	0	0
P-0005339-T01-IM5	0	0	0
P-0005599-T01-IM5	0	0	0
P-0005766-T01-IM5	0	0	0
P-0006380-T01-IM5	0	0	0
P-0006444-T01-IM5	0	0	0
P-0006531-T01-IM5	0	0	0
P-0006537-T01-IM5	0	0	0
P-0007150-T01-IM5	0	0	0
P-0007204-T01-IM5	0	0	0
P-0007221-T01-IM5	0	0	0
P-0007571-T01-IM5	0	0	0
P-0008456-T01-IM5	0	0	0
P-0008787-T01-IM5	0	0	0
P-0008873-T01-IM5	0	0	0
P-0009075-T01-IM5	0	0	0
P-0009394-T01-IM5	0	0	0
P-0010250-T01-IM5	0	0	0
P-0010348-T01-IM5	0	0	0
P-0010524-T01-IM5	0	0	0
P-0012038-T01-IM5	0	0	0
P-0012310-T01-IM5	0	0	0
P-0012338-T01-IM5	0	0	0
TCGA-72-4233-01	0	0	0
TCGA-72-4234-01	0	0	0
TCGA-72-4237-01	0	0	0
TCGA-72-4235-01	0	0	0
TCGA-72-4241-01	0	0	0
TCGA-72-4240-01	0	0	0
TCGA-72-4231-01	0	0	0
TCGA-72-4238-01	0	0	0
TCGA-72-4236-01	0	0	0
TCGA-09-1669-01	0	0	0
TCGA-04-1519-01	0	0	0
TCGA-25-1632-01	0	0	0
TCGA-09-1667-01	0	0	0
TCGA-09-1665-01	0	0	0
TCGA-24-1557-01	0	0	0
TCGA-36-1577-01	0	0	0
TCGA-36-1580-01	0	0	0
TCGA-24-1567-01	0	0	0
TCGA-36-1575-01	0	0	0
TCGA-24-1558-01	0	0	0
TCGA-04-1525-01	0	0	0
TCGA-04-1536-01	0	0	0
TCGA-24-1560-01	0	0	0
TCGA-09-1662-01	0	0	0
TCGA-25-1628-01	0	0	0
TCGA-24-1544-01	0	0	0
TCGA-09-1666-01	0	0	0
TCGA-36-1574-01	0	0	0
TCGA-36-1581-01	0	0	0
TCGA-57-1582-01	0	0	0
TCGA-57-1583-01	0	0	0
TCGA-25-1630-01	0	0	0
TCGA-36-1571-01	0	0	0
TCGA-24-1546-01	0	0	0
TCGA-25-1623-01	0	0	0
TCGA-09-1659-01	0	0	0
TCGA-25-1633-01	0	0	0
TCGA-25-1627-01	0	0	0
TCGA-36-1576-01	0	0	0
TCGA-36-1570-01	0	0	0
TCGA-09-1668-01	0	0	0
TCGA-04-1517-01	0	0	0
TCGA-09-1661-01	0	0	0
TCGA-36-1578-01	0	0	0
TCGA-36-1568-01	0	0	0
TCGA-24-1545-01	0	0	0
TCGA-25-1626-01	0	0	0
TCGA-25-1631-01	0	0	0
TCGA-57-1584-01	0	0	0
TCGA-24-1556-01	0	0	0
TCGA-25-1634-01	0	0	0
TCGA-25-1625-01	0	0	0
TCGA-24-1548-01	0	0	0
TCGA-61-1730-01	0	0	0
TCGA-61-1740-01	0	0	0
TCGA-61-1738-01	0	0	0
TCGA-29-1775-01	0	0	0
TCGA-61-1907-01	0	0	0
TCGA-09-1664-01	0	0	0
TCGA-04-1638-01	0	0	0
TCGA-23-1029-01	0	0	0
TCGA-04-1651-01	0	0	0
TCGA-29-1778-01	0	0	0
TCGA-24-1842-01	0	0	0
TCGA-24-1849-01	0	0	0
TCGA-61-1733-01	0	0	0
TCGA-29-1774-01	0	0	0
TCGA-24-1843-01	0	0	0
TCGA-61-1737-01	0	0	0
TCGA-04-1649-01	0	0	0
TCGA-61-1900-01	0	0	0
TCGA-61-1906-01	0	0	0
TCGA-61-1895-01	0	0	0
TCGA-61-1904-01	0	0	0
TCGA-61-1899-01	0	0	0
TCGA-61-1915-01	0	0	0
TCGA-24-1845-01	0	0	0
TCGA-61-1727-01	0	0	0
TCGA-04-1646-01	0	0	0
TCGA-30-1856-01	0	0	0
TCGA-61-1725-01	0	0	0
TCGA-61-1903-01	0	0	0
TCGA-61-1901-01	0	0	0
TCGA-29-1776-01	0	0	0
TCGA-61-1913-01	0	0	0
TCGA-29-1777-01	0	0	0
TCGA-23-1111-01	0	0	0
TCGA-29-1769-01	0	0	0
TCGA-61-1914-01	0	0	0
TCGA-61-1741-01	0	0	0
TCGA-04-1652-01	0	0	0
TCGA-61-1911-01	0	0	0
TCGA-30-1857-01	0	0	0
TCGA-24-1850-01	0	0	0
TCGA-61-1910-01	0	0	0
TCGA-13-1494-01	0	0	0
TCGA-24-1418-01	0	0	0
TCGA-13-1482-01	0	0	0
TCGA-13-1511-01	0	0	0
TCGA-24-1426-01	0	0	0
TCGA-13-1507-01	0	0	0
TCGA-13-1492-01	0	0	0
TCGA-24-1435-01	0	0	0
TCGA-24-1422-01	0	0	0
TCGA-13-1485-01	0	0	0
TCGA-13-1512-01	0	0	0
TCGA-24-1467-01	0	0	0
TCGA-13-1504-01	0	0	0
TCGA-24-1464-01	0	0	0
TCGA-24-1430-01	0	0	0
TCGA-24-1436-01	0	0	0
TCGA-13-1489-02	0	0	0
TCGA-13-1501-01	0	0	0
TCGA-13-1510-01	0	0	0
TCGA-24-1417-01	0	0	0
TCGA-13-1477-01	0	0	0
TCGA-13-1487-01	0	0	0
TCGA-13-1484-01	0	0	0
TCGA-13-1509-01	0	0	0
TCGA-24-1427-01	0	0	0
TCGA-13-1491-01	0	0	0
TCGA-24-1428-01	0	0	0
TCGA-13-1505-01	0	0	0
TCGA-13-1483-01	0	0	0
TCGA-13-1481-01	0	0	0
TCGA-13-1495-01	0	0	0
TCGA-13-1499-01	0	0	0
TCGA-13-1497-01	0	0	0
TCGA-13-1488-01	0	0	0
TCGA-13-1498-01	0	0	0
TCGA-24-1423-01	0	0	0
TCGA-24-1431-01	0	0	0
TCGA-24-1466-01	0	0	0
TCGA-13-1506-01	0	0	0
TCGA-13-1500-01	0	0	0
TCGA-13-1489-01	0	0	0
TCGA-13-0723-01	0	0	0
TCGA-13-0800-01	0	0	0
TCGA-13-0802-01	0	0	0
TCGA-13-0727-01	0	0	0
TCGA-13-0755-01	0	0	0
TCGA-13-0761-01	0	0	0
TCGA-13-0791-01	0	0	0
TCGA-13-0792-01	0	0	0
TCGA-13-0805-01	0	0	0
TCGA-09-0364-01	0	0	0
TCGA-09-0365-01	0	0	0
TCGA-13-0714-01	0	0	0
TCGA-13-0804-01	0	0	0
TCGA-13-0768-01	0	0	0
TCGA-13-0793-01	0	0	0
TCGA-09-0367-01	0	0	0
TCGA-13-0751-01	0	0	0
TCGA-13-0797-01	0	0	0
TCGA-13-0725-01	0	0	0
TCGA-13-0795-01	0	0	0
TCGA-13-0764-01	0	0	0
TCGA-13-0720-01	0	0	0
TCGA-13-0724-01	0	0	0
TCGA-13-0801-01	0	0	0
TCGA-13-0717-01	0	0	0
TCGA-13-0760-01	0	0	0
TCGA-13-0762-01	0	0	0
TCGA-13-0791-02	0	0	0
TCGA-09-0369-01	0	0	0
TCGA-13-0758-01	0	0	0
TCGA-13-0803-01	0	0	0
TCGA-13-0757-01	0	0	0
TCGA-13-0799-01	0	0	0
TCGA-13-0794-01	0	0	0
TCGA-13-0730-01	0	0	0
TCGA-13-0726-01	0	0	0
TCGA-13-0766-01	0	0	0
TCGA-13-1407-01	0	0	0
TCGA-04-1351-01	0	0	0
TCGA-13-1403-01	0	0	0
TCGA-04-1356-01	0	0	0
TCGA-25-1320-01	0	0	0
TCGA-25-1312-01	0	0	0
TCGA-13-0900-01	0	0	0
TCGA-13-0905-01	0	0	0
TCGA-25-1317-01	0	0	0
TCGA-25-1315-01	0	0	0
TCGA-04-1357-01	0	0	0
TCGA-04-1367-01	0	0	0
TCGA-04-1365-01	0	0	0
TCGA-25-1318-01	0	0	0
TCGA-25-1321-01	0	0	0
TCGA-13-1405-01	0	0	0
TCGA-25-1319-01	0	0	0
TCGA-04-1348-01	0	0	0
TCGA-25-1329-01	0	0	0
TCGA-13-1408-01	0	0	0
TCGA-13-1412-01	0	0	0
TCGA-13-0908-01	0	0	0
TCGA-04-1349-01	0	0	0
TCGA-24-1413-01	0	0	0
TCGA-13-1409-01	0	0	0
TCGA-25-1323-01	0	0	0
TCGA-13-0884-01	0	0	0
TCGA-25-1322-01	0	0	0
TCGA-04-1364-01	0	0	0
TCGA-13-1410-01	0	0	0
TCGA-13-0893-01	0	0	0
TCGA-04-1360-01	0	0	0
TCGA-25-1313-01	0	0	0
TCGA-13-1404-01	0	0	0
TCGA-13-1411-01	0	0	0
TCGA-04-1361-01	0	0	0
TCGA-04-1371-01	0	0	0
TCGA-25-1314-01	0	0	0
TCGA-24-2267-01	0	0	0
TCGA-24-2295-01	0	0	0
TCGA-09-2050-01	0	0	0
TCGA-24-2293-01	0	0	0
TCGA-09-2044-01	0	0	0
TCGA-24-2297-01	0	0	0
TCGA-59-2352-01	0	0	0
TCGA-59-2351-01	0	0	0
TCGA-25-2392-01	0	0	0
TCGA-09-2045-01	0	0	0
TCGA-24-2280-01	0	0	0
TCGA-09-2043-01	0	0	0
TCGA-59-2349-01	0	0	0
TCGA-25-2397-01	0	0	0
TCGA-25-2391-01	0	0	0
TCGA-25-2409-01	0	0	0
TCGA-29-2427-01	0	0	0
TCGA-29-2414-01	0	0	0
TCGA-24-2271-01	0	0	0
TCGA-25-2042-01	0	0	0
TCGA-09-2051-01	0	0	0
TCGA-25-2399-01	0	0	0
TCGA-24-2298-01	0	0	0
TCGA-25-2404-01	0	0	0
TCGA-29-2428-01	0	0	0
TCGA-24-2289-01	0	0	0
TCGA-13-2060-01	0	0	0
TCGA-25-2408-01	0	0	0
TCGA-59-2355-01	0	0	0
TCGA-59-2363-01	0	0	0
TCGA-24-2290-01	0	0	0
TCGA-24-2288-01	0	0	0
TCGA-59-2348-01	0	0	0
TCGA-24-2281-01	0	0	0
TCGA-24-2262-01	0	0	0
TCGA-09-2048-01	0	0	0
TCGA-29-2425-01	0	0	0
TCGA-59-2354-01	0	0	0
TCGA-25-2401-01	0	0	0
TCGA-25-2400-01	0	0	0
TCGA-59-2350-01	0	0	0
TCGA-25-2393-01	0	0	0
TCGA-29-1707-02	0	0	0
TCGA-13-1819-01	0	0	0
TCGA-13-1817-02	0	0	0
TCGA-61-1916-02	0	0	0
TCGA-24-1852-02	0	0	0
TCGA-61-2095-02	0	0	0
TCGA-29-1710-02	0	0	0
TCGA-13-1817-01	0	0	0
TCGA-29-1692-01	0	0	0
TCGA-29-1704-01	0	0	0
TCGA-13-1819-02	0	0	0
TCGA-29-1704-02	0	0	0
TCGA-29-1692-02	0	0	0
TCGA-13-0913-02	0	0	0
TCGA-24-1852-01	0	0	0
TCGA-29-2414-02	0	0	0
TCGA-23-2643-01	0	0	0
TCGA-36-2543-01	0	0	0
TCGA-04-1353-01	0	0	0
TCGA-36-2538-01	0	0	0
TCGA-36-2534-01	0	0	0
TCGA-13-2059-01	0	0	0
TCGA-36-2542-01	0	0	0
TCGA-36-2529-01	0	0	0
TCGA-23-2641-01	0	0	0
TCGA-13-2057-01	0	0	0
TCGA-13-2071-01	0	0	0
TCGA-04-1369-01	0	0	0
TCGA-36-2547-01	0	0	0
TCGA-36-2530-01	0	0	0
TCGA-13-2065-01	0	0	0
TCGA-04-1644-01	0	0	0
TCGA-29-2429-01	0	0	0
TCGA-36-2552-01	0	0	0
TCGA-29-2431-01	0	0	0
TCGA-36-2537-01	0	0	0
TCGA-04-1516-01	0	0	0
TCGA-61-2613-01	0	0	0
TCGA-13-2066-01	0	0	0
TCGA-23-2647-01	0	0	0
TCGA-36-2549-01	0	0	0
TCGA-36-2544-01	0	0	0
TCGA-36-2548-01	0	0	0
TCGA-13-2061-01	0	0	0
TCGA-36-2532-01	0	0	0
TCGA-36-2540-01	0	0	0
TCGA-61-2611-02	0	0	0
TCGA-42-2590-01	0	0	0
TCGA-42-2589-01	0	0	0
TCGA-36-2539-01	0	0	0
TCGA-23-2649-01	0	0	0
TCGA-42-2582-01	0	0	0
TCGA-36-2551-01	0	0	0
TCGA-42-2588-01	0	0	0
TCGA-42-2591-01	0	0	0
TCGA-42-2587-01	0	0	0
TCGA-61-2614-01	0	0	0
TCGA-42-2593-01	0	0	0
TCGA-23-2645-01	0	0	0
TCGA-29-2436-01	0	0	0
TCGA-61-2610-02	0	0	0
TCGA-29-2432-01	0	0	0
TCGA-36-2533-01	0	0	0
TCGA-59-2372-01	0	0	0
TCGA-36-2545-01	0	0	0
TCGA-29-A5NZ-01	0	0	0
TCGA-3P-A9WA-01	0	0	0
TCGA-13-A5FT-01	0	0	0
TCGA-WR-A838-01	0	0	0
TCGA-OY-A56P-01	0	0	0
TCGA-13-A5FU-01	0	0	0
TCGA-VG-A8LO-01	0	0	0
TCGA-59-A5PD-01	0	0	0
TCGA-13-0910-01	0	0	0
TCGA-24-0980-01	0	0	0
TCGA-13-0897-01	0	0	0
TCGA-10-0937-01	0	0	0
TCGA-13-0903-01	0	0	0
TCGA-13-0924-01	0	0	0
TCGA-13-0891-01	0	0	0
TCGA-13-0886-01	0	0	0
TCGA-13-0807-01	0	0	0
TCGA-10-0928-01	0	0	0
TCGA-24-0966-01	0	0	0
TCGA-13-0888-01	0	0	0
TCGA-13-0904-01	0	0	0
TCGA-13-0916-01	0	0	0
TCGA-13-0923-01	0	0	0
TCGA-10-0933-01	0	0	0
TCGA-13-0921-01	0	0	0
TCGA-13-0887-01	0	0	0
TCGA-10-0938-01	0	0	0
TCGA-10-0927-01	0	0	0
TCGA-13-0899-01	0	0	0
TCGA-13-0906-01	0	0	0
TCGA-13-0889-01	0	0	0
TCGA-13-0885-01	0	0	0
TCGA-13-0883-01	0	0	0
TCGA-13-0890-01	0	0	0
TCGA-10-0936-01	0	0	0
TCGA-10-0930-01	0	0	0
TCGA-13-0920-01	0	0	0
TCGA-13-0912-01	0	0	0
TCGA-13-0913-01	0	0	0
TCGA-10-0934-01	0	0	0
TCGA-10-0931-01	0	0	0
TCGA-13-0919-01	0	0	0
TCGA-13-0911-01	0	0	0
TCGA-61-1728-01	0	0	0
TCGA-57-1994-01	0	0	0
TCGA-30-1860-01	0	0	0
TCGA-31-1956-01	0	0	0
TCGA-31-1944-01	0	0	0
TCGA-24-1930-01	0	0	0
TCGA-30-1862-01	0	0	0
TCGA-24-1920-01	0	0	0
TCGA-30-1859-01	0	0	0
TCGA-04-1654-01	0	0	0
TCGA-57-1993-01	0	0	0
TCGA-24-1924-01	0	0	0
TCGA-25-1871-01	0	0	0
TCGA-31-1950-01	0	0	0
TCGA-24-1923-01	0	0	0
TCGA-25-1878-01	0	0	0
TCGA-31-1959-01	0	0	0
TCGA-24-2020-01	0	0	0
TCGA-30-1861-01	0	0	0
TCGA-31-1946-01	0	0	0
TCGA-30-1867-01	0	0	0
TCGA-25-1877-01	0	0	0
TCGA-24-2023-01	0	0	0
TCGA-61-1743-01	0	0	0
TCGA-30-1887-01	0	0	0
TCGA-25-1870-01	0	0	0
TCGA-61-1917-01	0	0	0
TCGA-61-1918-01	0	0	0
TCGA-30-1853-01	0	0	0
TCGA-61-1721-01	0	0	0
TCGA-61-1724-01	0	0	0
TCGA-24-2026-01	0	0	0
TCGA-30-1892-01	0	0	0
TCGA-31-1953-01	0	0	0
TCGA-10-0925-01	0	0	0
TCGA-57-1992-01	0	0	0
TCGA-30-1866-01	0	0	0
TCGA-31-1951-01	0	0	0
TCGA-24-1927-01	0	0	0
TCGA-61-1919-01	0	0	0
TCGA-24-2027-01	0	0	0
TCGA-24-2029-01	0	0	0
TCGA-31-1955-01	0	0	0
TCGA-29-1784-01	0	0	0
TCGA-20-1685-01	0	0	0
TCGA-30-1714-01	0	0	0
TCGA-09-1673-01	0	0	0
TCGA-20-1686-01	0	0	0
TCGA-29-1688-01	0	0	0
TCGA-20-1684-01	0	0	0
TCGA-24-1847-01	0	0	0
TCGA-29-1711-01	0	0	0
TCGA-29-1768-01	0	0	0
TCGA-29-1697-01	0	0	0
TCGA-29-1701-01	0	0	0
TCGA-29-1690-01	0	0	0
TCGA-29-1699-01	0	0	0
TCGA-29-1695-01	0	0	0
TCGA-29-1770-02	0	0	0
TCGA-29-1764-01	0	0	0
TCGA-20-1683-01	0	0	0
TCGA-29-1763-01	0	0	0
TCGA-29-1702-01	0	0	0
TCGA-09-1675-01	0	0	0
TCGA-30-1718-01	0	0	0
TCGA-57-1586-01	0	0	0
TCGA-29-1710-01	0	0	0
TCGA-29-1703-01	0	0	0
TCGA-29-1698-01	0	0	0
TCGA-20-1687-01	0	0	0
TCGA-29-1691-01	0	0	0
TCGA-29-1707-01	0	0	0
TCGA-29-1761-01	0	0	0
TCGA-09-1672-01	0	0	0
TCGA-29-1705-01	0	0	0
TCGA-09-1674-01	0	0	0
TCGA-29-1781-01	0	0	0
TCGA-29-1783-01	0	0	0
TCGA-04-1655-01	0	0	0
TCGA-29-1771-01	0	0	0
TCGA-29-1770-01	0	0	0
TCGA-29-1762-01	0	0	0
TCGA-23-1809-01	0	0	0
TCGA-29-1785-01	0	0	0
TCGA-29-1694-01	0	0	0
TCGA-29-1693-01	0	0	0
TCGA-24-1565-01	0	0	0
TCGA-24-1471-01	0	0	0
TCGA-24-1474-01	0	0	0
TCGA-24-1562-01	0	0	0
TCGA-24-1552-01	0	0	0
TCGA-24-1563-01	0	0	0
TCGA-24-1603-01	0	0	0
TCGA-04-1514-01	0	0	0
TCGA-24-1551-01	0	0	0
TCGA-24-1555-01	0	0	0
TCGA-24-1614-01	0	0	0
TCGA-24-1549-01	0	0	0
TCGA-24-1550-01	0	0	0
TCGA-04-1542-01	0	0	0
TCGA-24-1470-01	0	0	0
TCGA-24-1616-01	0	0	0
TCGA-04-1530-01	0	0	0
TCGA-24-1553-01	0	0	0
TCGA-24-1469-01	0	0	0
TCGA-24-1564-01	0	0	0
TCGA-24-0968-01	0	0	0
TCGA-04-1337-01	0	0	0
TCGA-24-0982-01	0	0	0
TCGA-23-1120-01	0	0	0
TCGA-20-0991-01	0	0	0
TCGA-20-0987-01	0	0	0
TCGA-04-1332-01	0	0	0
TCGA-23-1027-01	0	0	0
TCGA-20-0996-01	0	0	0
TCGA-23-1031-01	0	0	0
TCGA-23-1021-01	0	0	0
TCGA-23-1116-01	0	0	0
TCGA-24-0979-01	0	0	0
TCGA-23-1032-01	0	0	0
TCGA-04-1342-01	0	0	0
TCGA-23-1022-01	0	0	0
TCGA-24-0970-01	0	0	0
TCGA-04-1335-01	0	0	0
TCGA-24-0981-01	0	0	0
TCGA-24-1104-01	0	0	0
TCGA-23-1119-01	0	0	0
TCGA-24-0975-01	0	0	0
TCGA-23-1023-01	0	0	0
TCGA-23-1122-01	0	0	0
TCGA-20-0990-01	0	0	0
TCGA-04-1347-01	0	0	0
TCGA-04-1346-01	0	0	0
TCGA-23-1124-01	0	0	0
TCGA-23-1121-01	0	0	0
TCGA-23-1026-01	0	0	0
TCGA-23-1110-01	0	0	0
TCGA-23-1030-01	0	0	0
TCGA-04-1341-01	0	0	0
TCGA-04-1338-01	0	0	0
TCGA-04-1331-01	0	0	0
TCGA-24-1105-01	0	0	0
TCGA-23-1024-01	0	0	0
TCGA-04-1343-01	0	0	0
TCGA-23-1118-01	0	0	0
TCGA-23-1113-01	0	0	0
TCGA-23-1117-01	0	0	0
TCGA-61-2098-01	0	0	0
TCGA-09-2053-01	0	0	0
TCGA-61-2101-01	0	0	0
TCGA-24-2019-01	0	0	0
TCGA-61-2109-01	0	0	0
TCGA-23-2078-01	0	0	0
TCGA-23-2081-01	0	0	0
TCGA-61-2102-01	0	0	0
TCGA-61-2012-01	0	0	0
TCGA-61-2092-01	0	0	0
TCGA-24-2035-01	0	0	0
TCGA-61-2088-01	0	0	0
TCGA-24-2260-01	0	0	0
TCGA-23-2072-01	0	0	0
TCGA-61-2096-01	0	0	0
TCGA-09-2054-01	0	0	0
TCGA-61-2018-01	0	0	0
TCGA-23-2079-01	0	0	0
TCGA-61-2095-01	0	0	0
TCGA-61-2008-02	0	0	0
TCGA-61-2009-01	0	0	0
TCGA-61-1998-01	0	0	0
TCGA-23-2084-01	0	0	0
TCGA-61-2113-01	0	0	0
TCGA-61-2000-01	0	0	0
TCGA-61-2094-01	0	0	0
TCGA-24-2036-01	0	0	0
TCGA-24-2261-01	0	0	0
TCGA-61-2017-01	0	0	0
TCGA-24-2033-01	0	0	0
TCGA-61-2003-01	0	0	0
TCGA-61-2008-01	0	0	0
TCGA-23-2077-01	0	0	0
TCGA-61-1736-01	0	0	0
TCGA-61-2097-01	0	0	0
TCGA-09-2056-01	0	0	0
TCGA-61-2087-01	0	0	0
TCGA-24-2030-01	0	0	0
TCGA-61-2002-01	0	0	0
X103	0	0	0
X1040	0	0	0
X106	0	0	0
X1172	0	0	0
X1177	0	0	0
X1196	0	0	0
X120	0	0	0
X1230	0	0	0
X1237	0	0	0
X1265	0	0	0
X1269	0	0	0
X1283	0	0	0
X128	0	0	0
X1326	0	0	0
X1341	0	0	0
X1364	0	0	0
X1410	0	0	0
X1419	0	0	0
X1471	0	0	0
X1499	0	0	0
X1530	0	0	0
X1548	0	0	0
X1582	0	0	0
X1593	0	0	0
X1634	0	0	0
X1652	0	0	0
X1677	0	0	0
X1928	0	0	0
X2090	0	0	0
X2176	0	0	0
X2212	0	0	0
X2316	0	0	0
X2354	0	0	0
X2360	0	0	0
X23	0	0	0
X2438	0	0	0
X2587	0	0	0
X2648	0	0	0
X2700	0	0	0
X2704	0	0	0
X2716	0	0	0
X2763	0	0	0
X2773	0	0	0
X2797	0	0	0
X2816	0	0	0
X2825	0	0	0
X2890	0	0	0
X300	0	0	0
X301	0	0	0
X3056	0	0	0
X3080	0	0	0
X3144	0	0	0
X3225	0	0	0
X3349	0	0	0
X342	0	0	0
X356	0	0	0
X429	0	0	0
X451	0	0	0
X603	0	0	0
X655	0	0	0
X860	0	0	0
X88	0	0	0
X93	0	0	0
X94	0	0	0
X970	0	0	0
OVCA10-02	0	0	0
OVCA100	0	0	0
OVCA101	0	0	0
OVCA102	0	0	0
OVCA103	0	0	0
OVCA104	0	0	0
OVCA105	0	0	0
OVCA106	0	0	0
OVCA107	0	0	0
OVCA108	0	0	0
OVCA109	0	0	0
OVCA11	0	0	0
OVCA110	0	0	0
OVCA111	0	0	0
OVCA112	0	0	0
OVCA113	0	0	0
OVCA114	0	0	0
OVCA115	0	0	0
OVCA116	0	0	0
OVCA117	0	0	0
OVCA118	0	0	0
OVCA119	0	0	0
OVCA120	0	0	0
OVCA121	0	0	0
OVCA122	0	0	0
OVCA123	0	0	0
OVCA124	0	0	0
OVCA125	0	0	0
OVCA126	0	0	0
OVCA127	0	0	0
OVCA128	0	0	0
OVCA129	0	0	0
OVCA13	0	0	0
OVCA130	0	0	0
OVCA131	0	0	0
OVCA133	0	0	0
OVCA134	0	0	0
OVCA135	0	0	0
OVCA136	0	0	0
OVCA137	0	0	0
OVCA138	0	0	0
OVCA139	0	0	0
OVCA14	0	0	0
OVCA140	0	0	0
OVCA141	0	0	0
OVCA142	0	0	0
OVCA143	0	0	0
OVCA144	0	0	0
OVCA145	0	0	0
OVCA146	0	0	0
OVCA147	0	0	0
OVCA148	0	0	0
OVCA149	0	0	0
OVCA15	0	0	0
OVCA150	0	0	0
OVCA151	0	0	0
OVCA152	0	0	0
OVCA153	0	0	0
OVCA154	0	0	0
OVCA155	0	0	0
OVCA156	0	0	0
OVCA157	0	0	0
OVCA158	0	0	0
OVCA159	0	0	0
OVCA16-02	0	0	0
OVCA160	0	0	0
OVCA161	0	0	0
OVCA162	0	0	0
OVCA163	0	0	0
OVCA164	0	0	0
OVCA165	0	0	0
OVCA166	0	0	0
OVCA167	0	0	0
OVCA168	0	0	0
OVCA169	0	0	0
OVCA17	0	0	0
OVCA170	0	0	0
OVCA171	0	0	0
OVCA172	0	0	0
OVCA173	0	0	0
OVCA174	0	0	0
OVCA175	0	0	0
OVCA176	0	0	0
OVCA177	0	0	0
OVCA178	0	0	0
OVCA179	0	0	0
OVCA18	0	0	0
OVCA180	0	0	0
OVCA181	0	0	0
OVCA182	0	0	0
OVCA183	0	0	0
OVCA184	0	0	0
OVCA185	0	0	0
OVCA186	0	0	0
OVCA187	0	0	0
OVCA188	0	0	0
OVCA189	0	0	0
OVCA19	0	0	0
OVCA190	0	0	0
OVCA191	0	0	0
OVCA192	0	0	0
OVCA193	0	0	0
OVCA194	0	0	0
OVCA195	0	0	0
OVCA196	0	0	0
OVCA197	0	0	0
OVCA198	0	0	0
OVCA199	0	0	0
OVCA2	0	0	0
OVCA20-02	0	0	0
OVCA200	0	0	0
OVCA201	0	0	0
OVCA202	0	0	0
OVCA203	0	0	0
OVCA204	0	0	0
OVCA205	0	0	0
OVCA206	0	0	0
OVCA207	0	0	0
OVCA208	0	0	0
OVCA209	0	0	0
OVCA210	0	0	0
OVCA211	0	0	0
OVCA212	0	0	0
OVCA213	0	0	0
OVCA214	0	0	0
OVCA215	0	0	0
OVCA216	0	0	0
OVCA217	0	0	0
OVCA218	0	0	0
OVCA219	0	0	0
OVCA22	0	0	0
OVCA221	0	0	0
OVCA222	0	0	0
OVCA223	0	0	0
OVCA224	0	0	0
OVCA225	0	0	0
OVCA226	0	0	0
OVCA227	0	0	0
OVCA228	0	0	0
OVCA229	0	0	0
OVCA23	0	0	0
OVCA230	0	0	0
OVCA231	0	0	0
OVCA233	0	0	0
OVCA234	0	0	0
OVCA235	0	0	0
OVCA236	0	0	0
OVCA237	0	0	0
OVCA239	0	0	0
OVCA24	0	0	0
OVCA240	0	0	0
OVCA241	0	0	0
OVCA242	0	0	0
OVCA243	0	0	0
OVCA244	0	0	0
OVCA245R	0	0	0
OVCA246	0	0	0
OVCA247	0	0	0
OVCA248	0	0	0
OVCA249	0	0	0
OVCA25-02	0	0	0
OVCA250	0	0	0
OVCA252	0	0	0
OVCA253	0	0	0
OVCA254	0	0	0
OVCA255	0	0	0
OVCA256	0	0	0
OVCA257	0	0	0
OVCA258	0	0	0
OVCA259	0	0	0
OVCA26-02	0	0	0
OVCA260	0	0	0
OVCA261	0	0	0
OVCA262	0	0	0
OVCA263	0	0	0
OVCA264	0	0	0
OVCA265	0	0	0
OVCA266	0	0	0
OVCA267	0	0	0
OVCA268	0	0	0
OVCA269R	0	0	0
OVCA27	0	0	0
OVCA270R	0	0	0
OVCA272	0	0	0
OVCA273	0	0	0
OVCA274	0	0	0
OVCA275	0	0	0
OVCA276	0	0	0
OVCA277	0	0	0
OVCA278	0	0	0
OVCA279	0	0	0
OVCA28-02	0	0	0
OVCA280	0	0	0
OVCA281	0	0	0
OVCA282	0	0	0
OVCA285	0	0	0
OVCA286	0	0	0
OVCA288	0	0	0
OVCA289	0	0	0
OVCA29	0	0	0
OVCA291	0	0	0
OVCA292	0	0	0
OVCA293	0	0	0
OVCA294	0	0	0
OVCA295	0	0	0
OVCA296	0	0	0
OVCA297	0	0	0
OVCA298	0	0	0
OVCA299	0	0	0
OVCA3	0	0	0
OVCA30	0	0	0
OVCA300	0	0	0
OVCA301	0	0	0
OVCA302	0	0	0
OVCA303	0	0	0
OVCA304	0	0	0
OVCA305	0	0	0
OVCA306	0	0	0
OVCA308	0	0	0
OVCA309	0	0	0
OVCA31	0	0	0
OVCA310	0	0	0
OVCA311	0	0	0
OVCA312	0	0	0
OVCA313	0	0	0
OVCA314	0	0	0
OVCA315	0	0	0
OVCA316	0	0	0
OVCA317	0	0	0
OVCA318	0	0	0
OVCA319	0	0	0
OVCA32	0	0	0
OVCA321	0	0	0
OVCA322	0	0	0
OVCA324	0	0	0
OVCA325	0	0	0
OVCA326	0	0	0
OVCA328	0	0	0
OVCA329	0	0	0
OVCA33	0	0	0
OVCA330	0	0	0
OVCA331	0	0	0
OVCA334	0	0	0
OVCA335	0	0	0
OVCA336	0	0	0
OVCA337	0	0	0
OVCA338	0	0	0
OVCA339	0	0	0
OVCA34	0	0	0
OVCA340	0	0	0
OVCA341	0	0	0
OVCA342	0	0	0
OVCA343	0	0	0
OVCA344	0	0	0
OVCA345	0	0	0
OVCA346	0	0	0
OVCA347	0	0	0
OVCA348	0	0	0
OVCA349	0	0	0
OVCA35	0	0	0
OVCA350	0	0	0
OVCA351	0	0	0
OVCA352	0	0	0
OVCA353	0	0	0
OVCA354	0	0	0
OVCA355	0	0	0
OVCA356	0	0	0
OVCA357	0	0	0
OVCA358	0	0	0
OVCA359	0	0	0
OVCA36	0	0	0
OVCA360	0	0	0
OVCA361	0	0	0
OVCA363	0	0	0
OVCA364	0	0	0
OVCA365	0	0	0
OVCA366	0	0	0
OVCA367	0	0	0
OVCA368	0	0	0
OVCA369	0	0	0
OVCA37	0	0	0
OVCA371	0	0	0
OVCA372	0	0	0
OVCA373	0	0	0
OVCA375	0	0	0
OVCA376	0	0	0
OVCA377	0	0	0
OVCA378	0	0	0
OVCA379	0	0	0
OVCA38	0	0	0
OVCA380	0	0	0
OVCA381	0	0	0
OVCA383	0	0	0
OVCA384	0	0	0
OVCA385	0	0	0
OVCA386	0	0	0
OVCA387	0	0	0
OVCA388	0	0	0
OVCA389	0	0	0
OVCA39	0	0	0
OVCA390	0	0	0
OVCA391	0	0	0
OVCA392	0	0	0
OVCA394	0	0	0
OVCA395	0	0	0
OVCA396	0	0	0
OVCA397	0	0	0
OVCA398	0	0	0
OVCA399	0	0	0
OVCA4	0	0	0
OVCA40	0	0	0
OVCA400	0	0	0
OVCA401	0	0	0
OVCA402	0	0	0
OVCA403	0	0	0
OVCA405	0	0	0
OVCA406	0	0	0
OVCA407	0	0	0
OVCA408	0	0	0
OVCA409	0	0	0
OVCA41	0	0	0
OVCA410	0	0	0
OVCA411	0	0	0
OVCA412	0	0	0
OVCA414	0	0	0
OVCA415	0	0	0
OVCA416	0	0	0
OVCA417	0	0	0
OVCA418	0	0	0
OVCA419	0	0	0
OVCA42	0	0	0
OVCA420	0	0	0
OVCA421	0	0	0
OVCA422	0	0	0
OVCA423	0	0	0
OVCA424	0	0	0
OVCA425	0	0	0
OVCA426	0	0	0
OVCA427	0	0	0
OVCA43	0	0	0
OVCA44	0	0	0
OVCA45	0	0	0
OVCA46	0	0	0
OVCA47	0	0	0
OVCA48	0	0	0
OVCA5	0	0	0
OVCA50	0	0	0
OVCA51	0	0	0
OVCA52	0	0	0
OVCA53	0	0	0
OVCA54	0	0	0
OVCA55	0	0	0
OVCA56	0	0	0
OVCA57	0	0	0
OVCA58	0	0	0
OVCA59	0	0	0
OVCA6	0	0	0
OVCA60	0	0	0
OVCA61	0	0	0
OVCA62	0	0	0
OVCA63	0	0	0
OVCA64	0	0	0
OVCA65	0	0	0
OVCA66	0	0	0
OVCA67	0	0	0
OVCA68	0	0	0
OVCA69	0	0	0
OVCA7-02	0	0	0
OVCA70	0	0	0
OVCA71	0	0	0
OVCA72	0	0	0
OVCA73	0	0	0
OVCA74	0	0	0
OVCA75	0	0	0
OVCA76	0	0	0
OVCA77	0	0	0
OVCA78	0	0	0
OVCA79	0	0	0
OVCA8	0	0	0
OVCA80	0	0	0
OVCA81	0	0	0
OVCA82	0	0	0
OVCA83	0	0	0
OVCA84	0	0	0
OVCA85	0	0	0
OVCA86	0	0	0
OVCA87	0	0	0
OVCA88	0	0	0
OVCA89	0	0	0
OVCA9	0	0	0
OVCA90	0	0	0
OVCA91	0	0	0
OVCA92	0	0	0
OVCA93	0	0	0
OVCA94	0	0	0
OVCA95	0	0	0
OVCA96	0	0	0
OVCA97	0	0	0
OVCA98	0	0	0
OVCA99	0	0	0
GSM692776_JB0175	0.865964036537355	0.767502185734981	1.63346622227234
GSM692781_JB0715	0	0	0
GSM692783_JB0717	0.697259960645093	0.767502185734981	1.63346622227234
GSM692784_JB0718	0.865964036537355	0.767502185734981	1.63346622227234
GSM692785_JB0721	0.865964036537355	0.767502185734981	1.63346622227234
GSM692786_JB0722	0.586702175796153	1.04673022594223	1.63346622227234
GSM692787_JB0723	0	0	0
GSM692789_JB0725	0	0	0
GSM692791_JB0727	0	0	0
GSM692794_JB0732	0.865964036537355	0.767502185734981	1.63346622227234
GSM692795_JB0733	0.851296504473673	0.767502185734981	1.63346622227234
GSM692796_JB0734	0.865964036537355	0.767502185734981	1.63346622227234
GSM692802_JB0782	0	0	0
GSM692805_JB0785	0.865964036537355	0.767502185734981	1.63346622227234
GSM692808_JB0788	0	0	0
GSM692812_JB0793	0	0	0
GSM692814_JB0795	0.865964036537355	0.767502185734981	1.63346622227234
