Sample	Percent	Start	End
P-0000403-T01-IM3	0	0	0
P-0000633-T01-IM3	0.0237239285948632	1.53546649255798	1.55919042115284
P-0000666-T01-IM3	0.540192426627736	1.01899799452511	1.55919042115284
P-0001285-T01-IM3	0	0	0
P-0001457-T01-IM3	0	0	0
P-0001570-T01-IM3	0	0	0
P-0001575-T01-IM3	1.04530471543061	0.513885705722232	1.55919042115284
P-0001801-T01-IM3	1.13142130101472	0.424038781621943	1.55919042115284
P-0001907-T01-IM3	0.0237239285948632	1.53546649255798	1.55919042115284
P-0001965-T01-IM3	0	0	0
P-0001985-T01-IM3	0.12393844846387	0.861579069503279	0.985517517967148
P-0001992-T01-IM3	0	0	0
P-0002285-T01-IM3	0.495816493372146	0.869949246007376	1.55919042115284
P-0002302-T01-IM3	0	0	0
P-0002771-T01-IM3	0	0	0
P-0003818-T01-IM5	0	0	0
P-0003873-T01-IM5	0	0	0
P-0004360-T01-IM5	0	0	0
P-0004829-T01-IM5	0.470974815388194	0.81790575435775	1.55919042115284
P-0005745-T01-IM5	0	0	0
P-0006892-T01-IM5	0.303363051778795	1.25582736937405	1.55919042115284
P-0008474-T01-IM5	0.0841608867794812	0.691520836476948	0.775681723256429
P-0009060-T01-IM5	0.336488097224881	0.6414315439572	1.55919042115284
P-0009750-T01-IM5	0	0	0
P-0010011-T01-IM5	0.0028312302334365	0.542422402013649	0.545253632247085
P-0010214-T01-IM5	0	0	0
P-0010357-T01-IM5	0	0	0
P-0012367-T01-IM5	0	0	0
P-0012808-T01-IM5	0.0225559769787305	1.53663444417411	1.55919042115284
P-0013630-T01-IM5	0.0225559769787305	1.53663444417411	1.55919042115284
P-0014409-T02-IM6	0.201312454702959	1.35787796644988	1.55919042115284
P-0014723-T01-IM6	0.303352611420118	1.25583780973272	1.55919042115284
P-0015095-T01-IM6	0.783508697896413	0.775681723256429	1.55919042115284
P-0015651-T03-IM6	0	0	0
P-0015810-T01-IM6	0.000725563953306225	1.25582736937405	1.25655293332735
P-0016553-T01-IM6	0.86748648504174	0.691703936111102	1.55919042115284
P-0017005-T01-IM6	1.00324284588148	0.55594757527136	1.55919042115284
P-0017434-T01-IM6	0	0	0
P-0017563-T01-IM5	0.000725563953306225	1.25582736937405	1.25655293332735
P-0018212-T01-IM6	0.121214850625142	0.424038781621943	0.545253632247085
P-0018757-T01-IM6	0	0	0
P-0018996-T01-IM6	0.243316271268676	0.775681723256429	1.01899799452511
P-0019391-T01-IM6	0.257497187556676	1.25582736937405	1.55919042115284
P-0019423-T01-IM6	0.75562640885941	0.444536885234046	1.55919042115284
P-0019668-T01-IM6	0.022188450129492	1.53700197102335	1.55919042115284
P-0019841-T01-IM6	0.0028312302334365	0.542422402013649	0.545253632247085
P-0019908-T01-IM6	0	0	0
P-0020105-T01-IM6	0	0	0
P-0020145-T01-IM6	0.303363051778795	1.25582736937405	1.55919042115284
P-0020298-T01-IM6	0.201312454702959	1.35787796644988	1.55919042115284
P-0020315-T01-IM6	0.121214850625142	0.424038781621943	0.545253632247085
P-0020323-T01-IM6	0.109212806052169	1.44997761510067	1.55919042115284
P-0020434-T01-IM6	0.00251207813872563	1.17225254401588	1.17476462215461
P-0020549-T01-IM6	0	0	0
P-0020687-T01-IM6	0	0	0
P-0020767-T01-IM6	0	0	0
P-0020970-T01-IM6	0	0	0
P-0021114-T01-IM6	0.867669584675894	0.691520836476948	1.55919042115284
P-0021303-T01-IM6	0	0	0
P-0021368-T01-IM6	0	0	0
P-0021409-T01-IM6	0	0	0
P-0021905-T02-IM6	0	0	0
P-0021924-T01-IM6	0	0	0
P-0022046-T01-IM6	0.741316684441364	0.817873736711478	1.55919042115284
P-0023069-T01-IM6	0	0	0
P-0023091-T01-IM6	0	0	0
P-0023506-T01-IM6	0	0	0
P-0023661-T01-IM6	0	0	0
P-0023747-T01-IM6	0	0	0
P-0024318-T01-IM6	0.656255091365062	0.6414315439572	1.55919042115284
P-0024405-T01-IM6	0	0	0
P-0024971-T01-IM6	0.0225559769787305	1.53663444417411	1.55919042115284
P-0025026-T01-IM6	0	0	0
P-0025645-T01-IM6	0	0	0
P-0025761-T01-IM6	1.11554240871646	0.424038781621943	1.55919042115284
P-0025946-T01-IM6	0	0	0
P-0025949-T01-IM6	0	0	0
P-0025993-T01-IM6	0.0513685478655084	1.50628728807086	1.55919042115284
P-0026190-T01-IM6	0.0529031330819818	1.50628728807086	1.55919042115284
P-0026493-T01-IM6	0.369071497846217	1.19011892330662	1.55919042115284
P-0026707-T01-IM6	1.1351516395309	0.424038781621943	1.55919042115284
P-0027163-T01-IM6	0.0225559769787305	1.53663444417411	1.55919042115284
P-0027262-T01-IM6	0.302195100162662	1.25582736937405	1.55919042115284
P-0027999-T01-IM6	0	0	0
P-0028328-T01-IM6	0.867669584675894	0.691520836476948	1.55919042115284
P-0028329-T01-IM6	0.841168627207317	0.444536885234046	1.55919042115284
P-0029129-T01-IM6	0.0028312302334365	0.542422402013649	0.545253632247085
P-0029267-T03-IM6	0	0	0
P-0029354-T01-IM6	0.0237239285948632	1.53546649255798	1.55919042115284
P-0029474-T01-IM6	0	0	0
P-0029548-T01-IM6	0	0	0
P-0029723-T01-IM6	0	0	0
P-0029768-T01-IM6	0.0225559769787305	1.53663444417411	1.55919042115284
P-0029835-T01-IM6	0.0693692996532826	1.48982112149956	1.55919042115284
P-0029946-T01-IM6	0.675435439784416	0.817918112333326	1.55919042115284
P-0030052-T01-IM6	0	0	0
P-0030697-T01-IM6	0	0	0
P-0030836-T01-IM6	0	0	0
P-0030874-T01-IM6	1.1351516395309	0.424038781621943	1.55919042115284
P-0030958-T01-IM6	0	0	0
P-0031498-T01-IM6	1.1351516395309	0.424038781621943	1.55919042115284
P-0031687-T01-IM6	0.0225559769787305	1.53663444417411	1.55919042115284
P-0032339-T01-IM6	0	0	0
P-0032819-T01-IM6	0	0	0
P-0033193-T01-IM6	0	0	0
P-0033218-T02-IM6	0.0225559769787305	1.53663444417411	1.55919042115284
P-0033335-T01-IM6	1.12555054965579	0.424038781621943	1.55919042115284
P-0033555-T01-IM6	0.741284666795092	0.81790575435775	1.55919042115284
P-0033726-T01-IM6	0.303363051778795	1.25582736937405	1.55919042115284
P-0034561-T01-IM6	1.1351516395309	0.424038781621943	1.55919042115284
P-0034885-T01-IM6	0.0225559769787305	1.53663444417411	1.55919042115284
P-0034907-T01-IM6	0.254635529496107	0.691520836476948	0.946156365973055
P-0035374-T01-IM6	0	0	0
P-0035594-T01-IM6	0.109212806052169	1.44997761510067	1.55919042115284
P-0035898-T01-IM6	0	0	0
P-0036061-T01-IM6	0.869906927316476	0.620050074549815	1.55919042115284
P-0036063-T01-IM6	1.04530471543061	0.513885705722232	1.55919042115284
P-0036257-T01-IM6	0.121214850625142	0.424038781621943	0.545253632247085
P-0036673-T01-IM6	0	0	0
P-0037070-T01-IM6	0	0	0
P-0037087-T01-IM6	0.0225559769787305	1.53663444417411	1.55919042115284
P-0037128-T01-IM6	0.00777092122291281	0.542422402013649	0.550193323236561
P-0037160-T01-IM6	0	0	0
P-0037167-T01-IM6	0.0225559769787305	1.53663444417411	1.55919042115284
P-0037178-T01-IM6	0	0	0
P-0037263-T01-IM6	0.798684545947531	0.458846609652092	1.55919042115284
P-0037342-T01-IM6	0.741316684441364	0.817873736711478	1.55919042115284
P-0037425-T01-IM6	1.1351516395309	0.424038781621943	1.55919042115284
P-0037460-T01-IM6	0.282003602185982	1.25582736937405	1.55919042115284
P-0037702-T01-IM6	0	0	0
P-0038047-T01-IM6	0	0	0
P-0038097-T01-IM6	0	0	0
P-0038154-T01-IM6	0.741316684441364	0.817873736711478	1.55919042115284
P-0038306-T01-IM6	0	0	0
P-0038387-T01-IM6	0	0	0
P-0038481-T01-IM6	0.100716747013039	0.444536885234046	0.545253632247085
P-0038554-T01-IM6	0.928087514200506	0.537626155324232	1.55919042115284
P-0038996-T01-IM6	0.917758877195642	0.6414315439572	1.55919042115284
P-0038997-T01-IM6	0.00097756667674836	1.53663444417411	1.53761201085086
P-0039120-T01-IM6	0.939140346603026	0.620050074549815	1.55919042115284
P-0039132-T01-IM6	0	0	0
P-0039227-T01-IM6	0.783508697896413	0.775681723256429	1.55919042115284
P-0039242-T01-IM6	0	0	0
P-0039297-T01-IM6	0.917758877195642	0.6414315439572	1.55919042115284
P-0039500-T01-IM6	0	0	0
P-0039511-T02-IM6	0.46403393545985	0.513885705722232	1.55919042115284
P-0039583-T01-IM6	0.0225559769787305	1.53663444417411	1.55919042115284
P-0039605-T01-IM6	0.740148732825231	0.817873736711478	1.55919042115284
P-0039927-T01-IM6	0.0225559769787305	1.53663444417411	1.55919042115284
P-0040143-T01-IM6	0.135694374283204	1.42349604686964	1.55919042115284
P-0040154-T01-IM6	0.0225559769787305	1.53663444417411	1.55919042115284
P-0040593-T01-IM6	0.00097756667674836	1.53663444417411	1.53761201085086
P-0040605-T01-IM6	1.05313436981729	0.424038781621943	1.55919042115284
P-0040702-T01-IM6	0.0225559769787305	1.53663444417411	1.55919042115284
P-0040827-T01-IM6	0	0	0
P-0041191-T01-IM6	0	0	0
P-0041235-T01-IM6	0.0984473621413533	0.451745961095208	0.550193323236561
P-0041454-T01-IM6	0	0	0
P-0041544-T01-IM6	0.783508697896413	0.775681723256429	1.55919042115284
P-0041618-T01-IM6	0.0225559769787305	1.53663444417411	1.55919042115284
P-0041702-T01-IM6	0.834572025072038	0.444536885234046	1.55919042115284
P-0041886-T01-IM6	0.741316684441364	0.817873736711478	1.55919042115284
P-0041985-T01-IM6	0.157329780420818	1.09922315290653	1.25655293332735
P-0042216-T01-IM6	0.303363051778795	1.25582736937405	1.55919042115284
P-0042757-T01-IM6	0	0	0
P-0042788-T01-IM6	0	0	0
P-0043037-T01-IM6	0.0225559769787305	1.53663444417411	1.55919042115284
P-0043081-T01-IM6	0	0	0
P-0043933-T01-IM6	0	0	0
P-0044056-T01-IM6	1.1351516395309	0.424038781621943	1.55919042115284
P-0044185-T01-IM6	0.369071497846217	1.19011892330662	1.55919042115284
P-0044224-T01-IM6	0.0693692996532826	1.48982112149956	1.55919042115284
P-0044402-T01-IM6	1.1351516395309	0.424038781621943	1.55919042115284
P-0044451-T01-IM6	0	0	0
P-0045161-T01-IM6	0	0	0
P-0045312-T01-IM6	0.303363051778795	1.25582736937405	1.55919042115284
P-0045494-T01-IM6	0.0225559769787305	1.53663444417411	1.55919042115284
P-0045641-T01-IM6	0	0	0
P-0045890-T01-IM6	0.0693692996532826	1.48982112149956	1.55919042115284
P-0045944-T01-IM6	0	0	0
P-0045947-T01-IM6	0.0313679265248531	0.513885705722232	0.545253632247085
P-0046098-T01-IM6	0	0	0
P-0046280-T01-IM6	1.1351516395309	0.424038781621943	1.55919042115284
P-0046282-T01-IM6	0.0315436834891685	1.50628728807086	1.55919042115284
P-0046496-T01-IM6	0.0225559769787305	1.53663444417411	1.55919042115284
P-0046676-T01-IM6	1.1351516395309	0.424038781621943	1.55919042115284
P-0046745-T01-IM6	0.0363076175143294	0.513885705722232	0.550193323236561
P-0046802-T01-IM6	0.0225559769787305	1.53663444417411	1.55919042115284
P-0046857-T01-IM6	0.0225559769787305	1.53663444417411	1.55919042115284
P-0046884-T01-IM6	0.303363051778795	1.25582736937405	1.55919042115284
P-0047466-T01-IM6	0	0	0
P-0047883-T01-IM6	1.00020977417693	0.424038781621943	1.55919042115284
P-0048171-T01-IM6	0.154131711713441	0.817873736711478	0.972005448424919
P-0048254-T01-IM6	1.1146535359188	0.444536885234046	1.55919042115284
P-0048593-T01-IM6	0.0279254600020804	0.424038781621943	0.451964241624024
P-0049075-T01-IM6	0.109212806052169	1.44997761510067	1.55919042115284
P-0049127-T01-IM6	0.732727719321922	0.691520836476948	1.55919042115284
P-0049292-T01-IM6	0.303363051778795	1.25582736937405	1.55919042115284
P-0049444-T01-IM6	0.298997400227765	0.6414315439572	0.940428944184966
P-0049532-T01-IM6	0	0	0
P-0049541-T01-IM6	1.1351516395309	0.424038781621943	1.55919042115284
P-0049560-T01-IM6	0	0	0
P-0049848-T01-IM6	0	0	0
P-0049921-T01-IM6	0.0493982948403018	1.50979212631254	1.55919042115284
P-0050114-T01-IM6	0	0	0
P-0050454-T01-IM6	0.0139392473889618	0.444536885234046	0.458476132623008
P-0002257-T01-IM3	0	0	0
P-0003708-T01-IM5	0	0	0
P-0004262-T01-IM5	0.00676109924651669	0.451796695993612	0.458557795240129
P-0004722-T01-IM5	0.284808854446887	1.25582736937405	1.55919042115284
P-0005339-T01-IM5	0.0315436834891685	1.50628728807086	1.55919042115284
P-0005599-T01-IM5	0	0	0
P-0006380-T01-IM5	0	0	0
P-0006537-T01-IM5	0.00261605558840317	0.542422402013649	0.545038457602052
P-0007221-T01-IM5	0	0	0
P-0010051-T01-IM5	0	0	0
P-0010250-T01-IM5	0.0225559769787305	1.53663444417411	1.55919042115284
P-0010348-T01-IM5	0.618761476967876	0.940428944184966	1.55919042115284
TCGA-72-4233-01	0	0	0
TCGA-72-4234-01	0	0	0
TCGA-72-4238-01	0	0	0
TCGA-72-4232-01	0	0	0
TCGA-72-4237-01	0	0	0
TCGA-72-4236-01	0	0	0
TCGA-72-4235-01	0	0	0
TCGA-72-4241-01	0	0	0
TCGA-72-4240-01	0	0	0
TCGA-72-4231-01	0	0	0
TCGA-09-1669-01	0	0	0
TCGA-25-1635-01	0	0	0
TCGA-04-1519-01	0	0	0
TCGA-25-1632-01	0	0	0
TCGA-09-1667-01	0	0	0
TCGA-09-1665-01	0	0	0
TCGA-24-1557-01	0	0	0
TCGA-36-1577-01	0	0	0
TCGA-36-1580-01	0	0	0
TCGA-57-1585-01	0	0	0
TCGA-24-1567-01	0	0	0
TCGA-36-1575-01	0	0	0
TCGA-24-1558-01	0	0	0
TCGA-04-1525-01	0	0	0
TCGA-04-1536-01	0	0	0
TCGA-09-1662-01	0	0	0
TCGA-25-1628-01	0	0	0
TCGA-24-1544-01	0	0	0
TCGA-09-1666-01	0	0	0
TCGA-36-1574-01	0	0	0
TCGA-36-1581-01	0	0	0
TCGA-57-1582-01	0	0	0
TCGA-57-1583-01	0	0	0
TCGA-36-1571-01	0	0	0
TCGA-24-1546-01	0	0	0
TCGA-25-1623-01	0	0	0
TCGA-09-1659-01	0	0	0
TCGA-25-1627-01	0	0	0
TCGA-36-1576-01	0	0	0
TCGA-36-1570-01	0	0	0
TCGA-09-1668-01	0	0	0
TCGA-04-1517-01	0	0	0
TCGA-36-1569-01	0	0	0
TCGA-09-1661-01	0	0	0
TCGA-36-1578-01	0	0	0
TCGA-36-1568-01	0	0	0
TCGA-24-1545-01	0	0	0
TCGA-25-1626-01	0	0	0
TCGA-25-1631-01	0	0	0
TCGA-57-1584-01	0	0	0
TCGA-24-1556-01	0	0	0
TCGA-25-1634-01	0	0	0
TCGA-25-1625-01	0	0	0
TCGA-61-1730-01	0	0	0
TCGA-61-1738-01	0	0	0
TCGA-61-1907-01	0	0	0
TCGA-09-1664-01	0	0	0
TCGA-04-1638-01	0	0	0
TCGA-24-1846-01	0	0	0
TCGA-23-1029-01	0	0	0
TCGA-04-1651-01	0	0	0
TCGA-29-1778-01	0	0	0
TCGA-24-1842-01	0	0	0
TCGA-24-1849-01	0	0	0
TCGA-61-1733-01	0	0	0
TCGA-29-1774-01	0	0	0
TCGA-24-1843-01	0	0	0
TCGA-61-1722-01	0	0	0
TCGA-61-1737-01	0	0	0
TCGA-04-1648-01	0	0	0
TCGA-30-1855-01	0	0	0
TCGA-04-1649-01	0	0	0
TCGA-61-1900-01	0	0	0
TCGA-61-1906-01	0	0	0
TCGA-61-1895-01	0	0	0
TCGA-61-1899-01	0	0	0
TCGA-24-1844-01	0	0	0
TCGA-24-1845-01	0	0	0
TCGA-61-1727-01	0	0	0
TCGA-30-1856-01	0	0	0
TCGA-61-1725-01	0	0	0
TCGA-61-1903-01	0	0	0
TCGA-61-1901-01	0	0	0
TCGA-29-1776-01	0	0	0
TCGA-61-1913-01	0	0	0
TCGA-29-1777-01	0	0	0
TCGA-23-1111-01	0	0	0
TCGA-29-1769-01	0	0	0
TCGA-61-1914-01	0	0	0
TCGA-61-1741-01	0	0	0
TCGA-04-1652-01	0	0	0
TCGA-61-1911-01	0	0	0
TCGA-30-1857-01	0	0	0
TCGA-24-1850-01	0	0	0
TCGA-61-1910-01	0	0	0
TCGA-13-1494-01	0	0	0
TCGA-24-1418-01	0	0	0
TCGA-13-1511-01	0	0	0
TCGA-24-1426-01	0	0	0
TCGA-13-1507-01	0	0	0
TCGA-13-1492-01	0	0	0
TCGA-24-1419-01	0	0	0
TCGA-24-1435-01	0	0	0
TCGA-24-1422-01	0	0	0
TCGA-13-1485-01	0	0	0
TCGA-13-1504-01	0	0	0
TCGA-24-1464-01	0	0	0
TCGA-24-1430-01	0	0	0
TCGA-24-1436-01	0	0	0
TCGA-13-1489-02	0	0	0
TCGA-13-1501-01	0	0	0
TCGA-13-1510-01	0	0	0
TCGA-24-1417-01	0	0	0
TCGA-24-1416-01	0	0	0
TCGA-13-1484-01	0	0	0
TCGA-13-1509-01	0	0	0
TCGA-24-1427-01	0	0	0
TCGA-24-1428-01	0	0	0
TCGA-13-1505-01	0	0	0
TCGA-13-1483-01	0	0	0
TCGA-13-1481-01	0	0	0
TCGA-13-1495-01	0	0	0
TCGA-13-1499-01	0	0	0
TCGA-13-1497-01	0	0	0
TCGA-13-1496-01	0	0	0
TCGA-13-1488-01	0	0	0
TCGA-13-1498-01	0	0	0
TCGA-24-1423-01	0	0	0
TCGA-24-1466-01	0	0	0
TCGA-24-1463-01	0	0	0
TCGA-13-1506-01	0	0	0
TCGA-24-1424-01	0	0	0
TCGA-13-1489-01	0	0	0
TCGA-13-0723-01	0	0	0
TCGA-13-0727-01	0	0	0
TCGA-13-0755-01	0	0	0
TCGA-13-0761-01	0	0	0
TCGA-13-0792-01	0	0	0
TCGA-13-0805-01	0	0	0
TCGA-09-0364-01	0	0	0
TCGA-09-0365-01	0	0	0
TCGA-13-0714-01	0	0	0
TCGA-13-0804-01	0	0	0
TCGA-09-0367-01	0	0	0
TCGA-13-0751-01	0	0	0
TCGA-13-0797-01	0	0	0
TCGA-13-0725-01	0	0	0
TCGA-13-0764-01	0	0	0
TCGA-13-0720-01	0	0	0
TCGA-09-0366-01	0	0	0
TCGA-13-0724-01	0	0	0
TCGA-13-0801-01	0	0	0
TCGA-13-0717-01	0	0	0
TCGA-13-0760-01	0	0	0
TCGA-13-0762-01	0	0	0
TCGA-13-0791-02	0	0	0
TCGA-09-0369-01	0	0	0
TCGA-13-0758-01	0	0	0
TCGA-13-0803-01	0	0	0
TCGA-13-0757-01	0	0	0
TCGA-13-0799-01	0	0	0
TCGA-13-0794-01	0	0	0
TCGA-13-0726-01	0	0	0
TCGA-13-1407-01	0	0	0
TCGA-04-1350-01	0	0	0
TCGA-04-1351-01	0	0	0
TCGA-13-1403-01	0	0	0
TCGA-04-1356-01	0	0	0
TCGA-25-1320-01	0	0	0
TCGA-25-1312-01	0	0	0
TCGA-13-0900-01	0	0	0
TCGA-13-0905-01	0	0	0
TCGA-25-1317-01	0	0	0
TCGA-25-1315-01	0	0	0
TCGA-04-1357-01	0	0	0
TCGA-04-1362-01	0	0	0
TCGA-04-1367-01	0	0	0
TCGA-04-1365-01	0	0	0
TCGA-25-1318-01	0	0	0
TCGA-25-1321-01	0	0	0
TCGA-13-1405-01	0	0	0
TCGA-25-1319-01	0	0	0
TCGA-04-1348-01	0	0	0
TCGA-25-1329-01	0	0	0
TCGA-13-1408-01	0	0	0
TCGA-13-1412-01	0	0	0
TCGA-13-0901-01	0	0	0
TCGA-13-0908-01	0	0	0
TCGA-04-1349-01	0	0	0
TCGA-24-1413-01	0	0	0
TCGA-13-1409-01	0	0	0
TCGA-25-1323-01	0	0	0
TCGA-13-0884-01	0	0	0
TCGA-25-1322-01	0	0	0
TCGA-04-1364-01	0	0	0
TCGA-13-1410-01	0	0	0
TCGA-13-0893-01	0	0	0
TCGA-04-1360-01	0	0	0
TCGA-25-1313-01	0	0	0
TCGA-13-1404-01	0	0	0
TCGA-13-1411-01	0	0	0
TCGA-25-1316-01	0	0	0
TCGA-04-1361-01	0	0	0
TCGA-04-1371-01	0	0	0
TCGA-25-1314-01	0	0	0
TCGA-24-2267-01	0	0	0
TCGA-24-2295-01	0	0	0
TCGA-09-2050-01	0	0	0
TCGA-24-2293-01	0	0	0
TCGA-09-2044-01	0	0	0
TCGA-24-2297-01	0	0	0
TCGA-59-2352-01	0	0	0
TCGA-59-2351-01	0	0	0
TCGA-25-2392-01	0	0	0
TCGA-09-2045-01	0	0	0
TCGA-24-2280-01	0	0	0
TCGA-09-2043-01	0	0	0
TCGA-25-2397-01	0	0	0
TCGA-25-2391-01	0	0	0
TCGA-25-2409-01	0	0	0
TCGA-29-2427-01	0	0	0
TCGA-29-2414-01	0	0	0
TCGA-09-2055-01	0	0	0
TCGA-24-2271-01	0	0	0
TCGA-25-2042-01	0	0	0
TCGA-09-2051-01	0	0	0
TCGA-25-2399-01	0	0	0
TCGA-24-2298-01	0	0	0
TCGA-25-2404-01	0	0	0
TCGA-29-2428-01	0	0	0
TCGA-24-2289-01	0	0	0
TCGA-13-2060-01	0	0	0
TCGA-25-2408-01	0	0	0
TCGA-59-2355-01	0	0	0
TCGA-59-2363-01	0	0	0
TCGA-24-2290-01	0	0	0
TCGA-25-2396-01	0	0	0
TCGA-24-2288-01	0	0	0
TCGA-25-2398-01	0	0	0
TCGA-09-2049-01	0	0	0
TCGA-59-2348-01	0	0	0
TCGA-24-2281-01	0	0	0
TCGA-24-2262-01	0	0	0
TCGA-09-2048-01	0	0	0
TCGA-29-2425-01	0	0	0
TCGA-59-2354-01	0	0	0
TCGA-25-2401-01	0	0	0
TCGA-25-2400-01	0	0	0
TCGA-59-2350-01	0	0	0
TCGA-25-2393-01	0	0	0
TCGA-29-1707-02	0	0	0
TCGA-13-1819-01	0	0	0
TCGA-61-1916-02	0	0	0
TCGA-24-1852-02	0	0	0
TCGA-61-2095-02	0	0	0
TCGA-29-1710-02	0	0	0
TCGA-29-1692-01	0	0	0
TCGA-13-1819-02	0	0	0
TCGA-29-1704-02	0	0	0
TCGA-29-1692-02	0	0	0
TCGA-13-0913-02	0	0	0
TCGA-24-1852-01	0	0	0
TCGA-29-1705-02	0	0	0
TCGA-29-2414-02	0	0	0
TCGA-23-2643-01	0	0	0
TCGA-36-2543-01	0	0	0
TCGA-04-1353-01	0	0	0
TCGA-36-2538-01	0	0	0
TCGA-36-2534-01	0	0	0
TCGA-13-2059-01	0	0	0
TCGA-36-2542-01	0	0	0
TCGA-36-2529-01	0	0	0
TCGA-23-2641-01	0	0	0
TCGA-13-2057-01	0	0	0
TCGA-13-2071-01	0	0	0
TCGA-04-1369-01	0	0	0
TCGA-36-2547-01	0	0	0
TCGA-36-2530-01	0	0	0
TCGA-13-2065-01	0	0	0
TCGA-04-1644-01	0	0	0
TCGA-29-2429-01	0	0	0
TCGA-36-2552-01	0	0	0
TCGA-29-2431-01	0	0	0
TCGA-36-2537-01	0	0	0
TCGA-04-1516-01	0	0	0
TCGA-61-2613-01	0	0	0
TCGA-13-2066-01	0	0	0
TCGA-23-2647-01	0	0	0
TCGA-36-2549-01	0	0	0
TCGA-36-2544-01	0	0	0
TCGA-36-2548-01	0	0	0
TCGA-13-2061-01	0	0	0
TCGA-36-2532-01	0	0	0
TCGA-36-2540-01	0	0	0
TCGA-61-2611-02	0	0	0
TCGA-42-2590-01	0	0	0
TCGA-29-2434-01	0	0	0
TCGA-42-2589-01	0	0	0
TCGA-36-2539-01	0	0	0
TCGA-23-2649-01	0	0	0
TCGA-42-2582-01	0	0	0
TCGA-36-2551-01	0	0	0
TCGA-42-2588-01	0	0	0
TCGA-42-2591-01	0	0	0
TCGA-42-2587-01	0	0	0
TCGA-61-2614-01	0	0	0
TCGA-42-2593-01	0	0	0
TCGA-23-2645-01	0	0	0
TCGA-61-2610-02	0	0	0
TCGA-29-2432-01	0	0	0
TCGA-59-2372-01	0	0	0
TCGA-36-2545-01	0	0	0
TCGA-29-A5NZ-01	0	0	0
TCGA-3P-A9WA-01	0	0	0
TCGA-13-A5FT-01	0	0	0
TCGA-WR-A838-01	0	0	0
TCGA-OY-A56Q-01	0	0	0
TCGA-OY-A56P-01	0	0	0
TCGA-5X-AA5U-01	0	0	0
TCGA-13-A5FU-01	0	0	0
TCGA-VG-A8LO-01	0	0	0
TCGA-59-A5PD-01	0	0	0
TCGA-24-0980-01	0	0	0
TCGA-13-0897-01	0	0	0
TCGA-10-0937-01	0	0	0
TCGA-13-0903-01	0	0	0
TCGA-13-0924-01	0	0	0
TCGA-13-0891-01	0	0	0
TCGA-13-0807-01	0	0	0
TCGA-10-0935-01	0	0	0
TCGA-10-0928-01	0	0	0
TCGA-24-0966-01	0	0	0
TCGA-13-0888-01	0	0	0
TCGA-13-0904-01	0	0	0
TCGA-13-0916-01	0	0	0
TCGA-13-0923-01	0	0	0
TCGA-10-0933-01	0	0	0
TCGA-13-0921-01	0	0	0
TCGA-13-0887-01	0	0	0
TCGA-10-0938-01	0	0	0
TCGA-10-0927-01	0	0	0
TCGA-13-0899-01	0	0	0
TCGA-13-0906-01	0	0	0
TCGA-13-0889-01	0	0	0
TCGA-13-0885-01	0	0	0
TCGA-13-0883-01	0	0	0
TCGA-10-0936-01	0	0	0
TCGA-10-0930-01	0	0	0
TCGA-13-0920-01	0	0	0
TCGA-13-0912-01	0	0	0
TCGA-13-0913-01	0	0	0
TCGA-10-0934-01	0	0	0
TCGA-10-0931-01	0	0	0
TCGA-10-0926-01	0	0	0
TCGA-13-0911-01	0	0	0
TCGA-61-1728-01	0	0	0
TCGA-57-1994-01	0	0	0
TCGA-30-1860-01	0	0	0
TCGA-31-1944-01	0	0	0
TCGA-24-1930-01	0	0	0
TCGA-24-1920-01	0	0	0
TCGA-30-1859-01	0	0	0
TCGA-04-1654-01	0	0	0
TCGA-57-1993-01	0	0	0
TCGA-24-1924-01	0	0	0
TCGA-25-1871-01	0	0	0
TCGA-31-1950-01	0	0	0
TCGA-24-1923-01	0	0	0
TCGA-25-1878-01	0	0	0
TCGA-31-1959-01	0	0	0
TCGA-24-2020-01	0	0	0
TCGA-30-1891-01	0	0	0
TCGA-30-1861-01	0	0	0
TCGA-31-1946-01	0	0	0
TCGA-30-1867-01	0	0	0
TCGA-24-1928-01	0	0	0
TCGA-25-1877-01	0	0	0
TCGA-24-2023-01	0	0	0
TCGA-30-1887-01	0	0	0
TCGA-25-1870-01	0	0	0
TCGA-61-1917-01	0	0	0
TCGA-61-1918-01	0	0	0
TCGA-30-1853-01	0	0	0
TCGA-61-1724-01	0	0	0
TCGA-24-2026-01	0	0	0
TCGA-30-1892-01	0	0	0
TCGA-31-1953-01	0	0	0
TCGA-10-0925-01	0	0	0
TCGA-57-1992-01	0	0	0
TCGA-30-1866-01	0	0	0
TCGA-31-1951-01	0	0	0
TCGA-24-1927-01	0	0	0
TCGA-61-1919-01	0	0	0
TCGA-24-2027-01	0	0	0
TCGA-30-1880-01	0	0	0
TCGA-31-1955-01	0	0	0
TCGA-29-1784-01	0	0	0
TCGA-20-1685-01	0	0	0
TCGA-30-1714-01	0	0	0
TCGA-09-1673-01	0	0	0
TCGA-20-1686-01	0	0	0
TCGA-29-1688-01	0	0	0
TCGA-24-1847-01	0	0	0
TCGA-29-1711-01	0	0	0
TCGA-29-1697-01	0	0	0
TCGA-29-1701-01	0	0	0
TCGA-20-1682-01	0	0	0
TCGA-29-1699-01	0	0	0
TCGA-29-1695-01	0	0	0
TCGA-29-1770-02	0	0	0
TCGA-29-1764-01	0	0	0
TCGA-20-1683-01	0	0	0
TCGA-29-1763-01	0	0	0
TCGA-29-1702-01	0	0	0
TCGA-09-1675-01	0	0	0
TCGA-30-1718-01	0	0	0
TCGA-29-1766-01	0	0	0
TCGA-57-1586-01	0	0	0
TCGA-29-1703-01	0	0	0
TCGA-29-1698-01	0	0	0
TCGA-20-1687-01	0	0	0
TCGA-29-1691-01	0	0	0
TCGA-29-1707-01	0	0	0
TCGA-29-1761-01	0	0	0
TCGA-29-1705-01	0	0	0
TCGA-09-1674-01	0	0	0
TCGA-29-1781-01	0	0	0
TCGA-29-1783-01	0	0	0
TCGA-04-1655-01	0	0	0
TCGA-29-1770-01	0	0	0
TCGA-29-1762-01	0	0	0
TCGA-23-1809-01	0	0	0
TCGA-29-1785-01	0	0	0
TCGA-29-1696-01	0	0	0
TCGA-29-1694-01	0	0	0
TCGA-23-1114-01	0	0	0
TCGA-09-1670-01	0	0	0
TCGA-29-1693-01	0	0	0
TCGA-24-1425-01	0	0	0
TCGA-24-1565-01	0	0	0
TCGA-24-1604-01	0	0	0
TCGA-24-1474-01	0	0	0
TCGA-24-1562-01	0	0	0
TCGA-24-1552-01	0	0	0
TCGA-24-1563-01	0	0	0
TCGA-24-1603-01	0	0	0
TCGA-04-1514-01	0	0	0
TCGA-24-1551-01	0	0	0
TCGA-24-1555-01	0	0	0
TCGA-24-1614-01	0	0	0
TCGA-24-1550-01	0	0	0
TCGA-04-1542-01	0	0	0
TCGA-24-1470-01	0	0	0
TCGA-24-1616-01	0	0	0
TCGA-04-1530-01	0	0	0
TCGA-24-1469-01	0	0	0
TCGA-24-1564-01	0	0	0
TCGA-24-0968-01	0	0	0
TCGA-24-0982-01	0	0	0
TCGA-23-1120-01	0	0	0
TCGA-04-1332-01	0	0	0
TCGA-23-1027-01	0	0	0
TCGA-23-1028-01	0	0	0
TCGA-20-0996-01	0	0	0
TCGA-23-1031-01	0	0	0
TCGA-23-1021-01	0	0	0
TCGA-23-1116-01	0	0	0
TCGA-24-0979-01	0	0	0
TCGA-23-1032-01	0	0	0
TCGA-23-1022-01	0	0	0
TCGA-04-1336-01	0	0	0
TCGA-24-0970-01	0	0	0
TCGA-04-1335-01	0	0	0
TCGA-24-1104-01	0	0	0
TCGA-23-1119-01	0	0	0
TCGA-23-1023-01	0	0	0
TCGA-23-1122-01	0	0	0
TCGA-20-0990-01	0	0	0
TCGA-04-1347-01	0	0	0
TCGA-04-1346-01	0	0	0
TCGA-23-1124-01	0	0	0
TCGA-23-1121-01	0	0	0
TCGA-23-1026-01	0	0	0
TCGA-23-1110-01	0	0	0
TCGA-24-1103-01	0	0	0
TCGA-23-1030-01	0	0	0
TCGA-04-1341-01	0	0	0
TCGA-04-1338-01	0	0	0
TCGA-23-1109-01	0	0	0
TCGA-23-1123-01	0	0	0
TCGA-04-1331-01	0	0	0
TCGA-04-1343-01	0	0	0
TCGA-23-1118-01	0	0	0
TCGA-23-1113-01	0	0	0
TCGA-23-1117-01	0	0	0
TCGA-61-2098-01	0	0	0
TCGA-09-2053-01	0	0	0
TCGA-61-2101-01	0	0	0
TCGA-24-2019-01	0	0	0
TCGA-61-2109-01	0	0	0
TCGA-23-2078-01	0	0	0
TCGA-23-2081-01	0	0	0
TCGA-61-2102-01	0	0	0
TCGA-61-2012-01	0	0	0
TCGA-61-2104-01	0	0	0
TCGA-61-2092-01	0	0	0
TCGA-24-2024-01	0	0	0
TCGA-61-1734-01	0	0	0
TCGA-24-2260-01	0	0	0
TCGA-23-2072-01	0	0	0
TCGA-61-2096-01	0	0	0
TCGA-09-2054-01	0	0	0
TCGA-61-2018-01	0	0	0
TCGA-23-2079-01	0	0	0
TCGA-61-2008-02	0	0	0
TCGA-61-2009-01	0	0	0
TCGA-61-1998-01	0	0	0
TCGA-23-2084-01	0	0	0
TCGA-24-2254-01	0	0	0
TCGA-61-2113-01	0	0	0
TCGA-61-2000-01	0	0	0
TCGA-24-2036-01	0	0	0
TCGA-24-2261-01	0	0	0
TCGA-24-2033-01	0	0	0
TCGA-61-2003-01	0	0	0
TCGA-61-2008-01	0	0	0
TCGA-23-2077-01	0	0	0
TCGA-61-1736-01	0	0	0
TCGA-61-2097-01	0	0	0
TCGA-61-2016-01	0	0	0
TCGA-09-2056-01	0	0	0
TCGA-61-2087-01	0	0	0
TCGA-24-2030-01	0	0	0
TCGA-61-2002-01	0	0	0
X103	0	0	0
X1097	0	0	0
X1172	0	0	0
X1196	0	0	0
X120	0	0	0
X1237	0	0	0
X1265	0	0	0
X1283	0	0	0
X1326	0	0	0
X1410	0	0	0
X1419	0	0	0
X1471	0	0	0
X1499	0	0	0
X1530	0	0	0
X1548	0	0	0
X1552	0	0	0
X1568	0	0	0
X1580	0	0	0
X1851	0	0	0
X1928	0	0	0
X2152	0	0	0
X2212	0	0	0
X2360	0	0	0
X2415	0	0	0
X2438	0	0	0
X2716	0	0	0
X2763	0	0	0
X2949	0	0	0
X300	0	0	0
X301	0	0	0
X3080	0	0	0
X3225	0	0	0
X3238	0	0	0
X356	0	0	0
X429	0	0	0
X655	0	0	0
X736	0	0	0
OVCA10-02	0	0	0
OVCA103	0	0	0
OVCA125	0	0	0
OVCA126	0	0	0
OVCA130	0	0	0
OVCA131	0	0	0
OVCA135	0	0	0
OVCA139	0	0	0
OVCA141	0	0	0
OVCA142	0	0	0
OVCA143	0	0	0
OVCA144	0	0	0
OVCA145	0	0	0
OVCA147	0	0	0
OVCA149	0	0	0
OVCA151	0	0	0
OVCA153	0	0	0
OVCA158	0	0	0
OVCA159	0	0	0
OVCA160	0	0	0
OVCA161	0	0	0
OVCA164	0	0	0
OVCA165	0	0	0
OVCA166	0	0	0
OVCA168	0	0	0
OVCA17	0	0	0
OVCA172	0	0	0
OVCA173	0	0	0
OVCA174	0	0	0
OVCA176	0	0	0
OVCA177	0	0	0
OVCA178	0	0	0
OVCA181	0	0	0
OVCA185	0	0	0
OVCA186	0	0	0
OVCA187	0	0	0
OVCA189	0	0	0
OVCA190	0	0	0
OVCA194	0	0	0
OVCA195	0	0	0
OVCA196	0	0	0
OVCA197	0	0	0
OVCA20-02	0	0	0
OVCA200	0	0	0
OVCA202	0	0	0
OVCA204	0	0	0
OVCA205	0	0	0
OVCA206	0	0	0
OVCA208	0	0	0
OVCA209	0	0	0
OVCA210	0	0	0
OVCA211	0	0	0
OVCA212	0	0	0
OVCA213	0	0	0
OVCA214	0	0	0
OVCA217	0	0	0
OVCA219	0	0	0
OVCA222	0	0	0
OVCA223	0	0	0
OVCA224	0	0	0
OVCA225	0	0	0
OVCA228	0	0	0
OVCA229	0	0	0
OVCA230	0	0	0
OVCA231	0	0	0
OVCA233	0	0	0
OVCA235	0	0	0
OVCA237	0	0	0
OVCA239	0	0	0
OVCA249	0	0	0
OVCA250	0	0	0
OVCA257	0	0	0
OVCA259	0	0	0
OVCA261	0	0	0
OVCA262	0	0	0
OVCA263	0	0	0
OVCA264	0	0	0
OVCA265	0	0	0
OVCA266	0	0	0
OVCA270R	0	0	0
OVCA272	0	0	0
OVCA274	0	0	0
OVCA276	0	0	0
OVCA278	0	0	0
OVCA279	0	0	0
OVCA28-02	0	0	0
OVCA280	0	0	0
OVCA281	0	0	0
OVCA282	0	0	0
OVCA285	0	0	0
OVCA286	0	0	0
OVCA288	0	0	0
OVCA292	0	0	0
OVCA293	0	0	0
OVCA294	0	0	0
OVCA297	0	0	0
OVCA298	0	0	0
OVCA299	0	0	0
OVCA300	0	0	0
OVCA303	0	0	0
OVCA305	0	0	0
OVCA306	0	0	0
OVCA308	0	0	0
OVCA309	0	0	0
OVCA311	0	0	0
OVCA313	0	0	0
OVCA315	0	0	0
OVCA318	0	0	0
OVCA319	0	0	0
OVCA32	0	0	0
OVCA321	0	0	0
OVCA322	0	0	0
OVCA325	0	0	0
OVCA328	0	0	0
OVCA329	0	0	0
OVCA331	0	0	0
OVCA334	0	0	0
OVCA335	0	0	0
OVCA336	0	0	0
OVCA337	0	0	0
OVCA338	0	0	0
OVCA342	0	0	0
OVCA343	0	0	0
OVCA344	0	0	0
OVCA345	0	0	0
OVCA346	0	0	0
OVCA348	0	0	0
OVCA349	0	0	0
OVCA350	0	0	0
OVCA351	0	0	0
OVCA353	0	0	0
OVCA354	0	0	0
OVCA359	0	0	0
OVCA36	0	0	0
OVCA360	0	0	0
OVCA363	0	0	0
OVCA364	0	0	0
OVCA366	0	0	0
OVCA369	0	0	0
OVCA371	0	0	0
OVCA372	0	0	0
OVCA373	0	0	0
OVCA375	0	0	0
OVCA377	0	0	0
OVCA380	0	0	0
OVCA381	0	0	0
OVCA383	0	0	0
OVCA384	0	0	0
OVCA385	0	0	0
OVCA386	0	0	0
OVCA390	0	0	0
OVCA396	0	0	0
OVCA397	0	0	0
OVCA398	0	0	0
OVCA399	0	0	0
OVCA400	0	0	0
OVCA401	0	0	0
OVCA402	0	0	0
OVCA406	0	0	0
OVCA411	0	0	0
OVCA415	0	0	0
OVCA416	0	0	0
OVCA417	0	0	0
OVCA418	0	0	0
OVCA420	0	0	0
OVCA423	0	0	0
OVCA425	0	0	0
OVCA427	0	0	0
OVCA46	0	0	0
OVCA52	0	0	0
OVCA53	0	0	0
OVCA55	0	0	0
OVCA80	0	0	0
OVCA84	0	0	0
OVCA91	0	0	0
