Sample	Percent	Start	End
P-0000067-T02-IM5	0	0	0
P-0000073-T01-IM3	0.476623082212031	0.00322275187875443	0.479845834090785
P-0000199-T01-IM3	0.000116909071335095	0.00322275187875443	0.00333966095008952
P-0000236-T01-IM3	0.476623082212031	0.00322275187875443	0.479845834090785
P-0000269-T01-IM3	9.68068736633585e-05	0.00322275187875443	0.00331955875241778
P-0000334-T01-IM3	0	0	0
P-0000403-T01-IM3	0.000116909071335095	0.00322275187875443	0.00333966095008952
P-0000633-T01-IM3	0	0	0
P-0000634-T01-IM3	6.85015370314073e-05	0.00322275187875443	0.00329125341578583
P-0000666-T01-IM3	0.241441882698571	0.00322275187875443	0.272815135937035
P-0000667-T01-IM3	0.277994291385608	0.00322275187875443	0.300373814829782
P-0001036-T01-IM3	0.451512593674459	0.00322275187875443	0.479845834090785
P-0001080-T01-IM3	0.476623082212031	0.00322275187875443	0.479845834090785
P-0001086-T01-IM3	0.476623082212031	0.00322275187875443	0.479845834090785
P-0001105-T01-IM3	0.000116909071335095	0.00322275187875443	0.00333966095008952
P-0001140-T01-IM3	0.000116909071335095	0.00322275187875443	0.00333966095008952
P-0001284-T01-IM3	0.000116909071335095	0.00322275187875443	0.00333966095008952
P-0001285-T01-IM3	0.000116909071335095	0.00322275187875443	0.00333966095008952
P-0001421-T01-IM3	0.208537494315065	0.00322275187875443	0.239543810740259
P-0001457-T01-IM3	9.68068736633585e-05	0.00322275187875443	0.00331955875241778
P-0001561-T01-IM3	0.372640010802903	0.00322275187875443	0.479845834090785
P-0001575-T01-IM3	0	0	0
P-0001616-T01-IM3	0.476623082212031	0.00322275187875443	0.479845834090785
P-0001634-T01-IM3	0	0	0
P-0001677-T01-IM3	0.027900473617775	0.00322275187875443	0.0311232254965294
P-0001752-T01-IM3	0	0	0
P-0001796-T01-IM3	0.0481537942521138	0.00322275187875443	0.0513765461308682
P-0001801-T01-IM3	0.000116909071335095	0.00322275187875443	0.00333966095008952
P-0001848-T01-IM3	0.476623082212031	0.00322275187875443	0.479845834090785
P-0001907-T01-IM3	9.68068736633585e-05	0.00322275187875443	0.00331955875241778
P-0001965-T01-IM3	0.000116909071335095	0.00322275187875443	0.00333966095008952
P-0001985-T01-IM3	0.000116909071335095	0.00322275187875443	0.00333966095008952
P-0001992-T01-IM3	0	0	0
P-0002010-T02-IM5	0.440310514951516	0.00322275187875443	0.479845834090785
P-0002110-T02-IM6	0.463469688979502	0.00322275187875443	0.479845834090785
P-0002116-T01-IM3	0.000116909071335095	0.00322275187875443	0.00333966095008952
P-0002205-T01-IM3	9.68068736633585e-05	0.00322275187875443	0.00331955875241778
P-0002227-T01-IM3	0.459999490766179	0.00322275187875443	0.479845834090785
P-0002242-T02-IM3	0.38153638466228	0.00322275187875443	0.479845834090785
P-0002285-T01-IM3	0.366834081451138	0.00322275187875443	0.479845834090785
P-0002288-T01-IM3	0.208277485131319	0.00322275187875443	0.263808925243008
P-0002302-T01-IM3	3.21159855994838e-05	0.00322275187875443	0.00325486786435391
P-0002310-T01-IM3	0.000116909071335095	0.00322275187875443	0.00333966095008952
P-0002363-T01-IM3	0	0	0
P-0002497-T01-IM3	0	0	0
P-0002587-T01-IM3	0.44208157347252	0.00322275187875443	0.479845834090785
P-0002771-T01-IM3	0.000116909071335095	0.00322275187875443	0.00333966095008952
P-0002803-T01-IM3	0.000116909071335095	0.00322275187875443	0.00333966095008952
P-0003050-T01-IM5	0.000116909071335095	0.00322275187875443	0.00333966095008952
P-0003102-T01-IM5	0.465170402101072	0.00322275187875443	0.479845834090785
P-0003191-T01-IM5	9.68068736633585e-05	0.00322275187875443	0.00331955875241778
P-0003194-T01-IM5	0	0	0
P-0003355-T01-IM5	0	0	0
P-0003539-T01-IM5	0	0	0
P-0003744-T01-IM5	0.027900473617775	0.00322275187875443	0.0311232254965294
P-0003748-T01-IM5	0.000116909071335095	0.00322275187875443	0.00333966095008952
P-0003813-T01-IM5	0.000116909071335095	0.00322275187875443	0.00333966095008952
P-0003829-T01-IM5	0	0	0
P-0003873-T01-IM5	0.406905399098732	0.00322275187875443	0.479845834090785
P-0003977-T01-IM3	0.476623082212031	0.00322275187875443	0.479845834090785
P-0004155-T01-IM5	0.000116909071335095	0.00322275187875443	0.00333966095008952
P-0004167-T01-IM5	0.476623082212031	0.00322275187875443	0.479845834090785
P-0004175-T01-IM5	0.0481537942521138	0.00322275187875443	0.0513765461308682
P-0004308-T02-IM6	0.476623082212031	0.00322275187875443	0.479845834090785
P-0004340-T01-IM5	0.304604102295552	0.00322275187875443	0.373329435053098
P-0004360-T01-IM5	0.000116909071335095	0.00322275187875443	0.00333966095008952
P-0004524-T02-IM5	9.68068736633585e-05	0.00322275187875443	0.00331955875241778
P-0004821-T01-IM5	0.000116909071335095	0.00322275187875443	0.00333966095008952
P-0004829-T01-IM5	0.000116909071335095	0.00322275187875443	0.00333966095008952
P-0004867-T01-IM5	0.476623082212031	0.00322275187875443	0.479845834090785
P-0004945-T01-IM5	0.000116909071335095	0.00322275187875443	0.00333966095008952
P-0005224-T01-IM5	0.379705068717925	0.00322275187875443	0.479845834090785
P-0005341-T01-IM5	0	0	0
P-0005531-T01-IM5	0	0	0
P-0005592-T01-IM5	0	0	0
P-0005744-T01-IM5	0.000116909071335095	0.00322275187875443	0.00333966095008952
P-0005745-T01-IM5	0.476623082212031	0.00322275187875443	0.479845834090785
P-0005775-T02-IM5	9.68068736633585e-05	0.00322275187875443	0.00331955875241778
P-0005896-T01-IM5	9.68068736633585e-05	0.00322275187875443	0.00331955875241778
P-0005946-T01-IM5	0.000116909071335095	0.00322275187875443	0.00333966095008952
P-0006217-T01-IM5	0.000116909071335095	0.00322275187875443	0.00333966095008952
P-0006797-T01-IM5	0.470323341923738	0.00322275187875443	0.479845834090785
P-0006892-T01-IM5	0.000116909071335095	0.00322275187875443	0.00333966095008952
P-0006984-T01-IM5	0.000116909071335095	0.00322275187875443	0.00333966095008952
P-0007003-T01-IM5	0	0	0
P-0007064-T01-IM5	0.223228291824808	0.00322275187875443	0.228297741557837
P-0007134-T01-IM5	0.000116909071335095	0.00322275187875443	0.00333966095008952
P-0007535-T01-IM5	0.000116909071335095	0.00322275187875443	0.00333966095008952
P-0007738-T01-IM5	0.459576967647648	0.00322275187875443	0.479845834090785
P-0007899-T01-IM5	0	0	0
P-0008037-T01-IM5	0.336541978981788	0.00322275187875443	0.339764730860542
P-0008052-T01-IM5	0.0386279995226281	0.00322275187875443	0.0418507514013826
P-0008474-T01-IM5	0	0	0
P-0009060-T01-IM5	0.000116909071335095	0.00322275187875443	0.00333966095008952
P-0009372-T01-IM5	0.213924317839953	0.00322275187875443	0.245137245193684
P-0009394-T02-IM6	0.0481537942521138	0.00322275187875443	0.0513765461308682
P-0009558-T01-IM5	0	0	0
P-0009840-T01-IM5	0.000116909071335095	0.00322275187875443	0.00333966095008952
P-0009979-T02-IM6	0	0	0
P-0010011-T01-IM5	0	0	0
P-0010214-T01-IM5	0	0	0
P-0010225-T01-IM5	0.241869199859352	0.00322275187875443	0.245137245193684
P-0010357-T01-IM5	0	0	0
P-0010510-T01-IM5	0	0	0
P-0010536-T01-IM5	0.461519259523871	0.00322275187875443	0.479845834090785
P-0010573-T01-IM5	0.476566324029775	0.00322275187875443	0.479845834090785
P-0010598-T01-IM5	0	0	0
P-0010633-T01-IM5	0.474774786343673	0.00322275187875443	0.479845834090785
P-0010690-T01-IM5	0.000116909071335095	0.00322275187875443	0.00333966095008952
P-0010705-T01-IM5	0.241907158840035	0.00322275187875443	0.245129910718789
P-0010946-T01-IM5	0	0	0
P-0011086-T01-IM5	0.000116909071335095	0.00322275187875443	0.00333966095008952
P-0011426-T01-IM5	0.446985821329127	0.00322275187875443	0.479845834090785
P-0011589-T01-IM5	0.141234361311755	0.00322275187875443	0.144457113190509
P-0012173-T01-IM5	0.241847352138605	0.00322275187875443	0.245127468625472
P-0012367-T01-IM5	0.000116909071335095	0.00322275187875443	0.00333966095008952
P-0012808-T01-IM5	0	0	0
P-0013054-T01-IM5	0	0	0
P-0013101-T01-IM5	9.68068736633585e-05	0.00322275187875443	0.00331955875241778
P-0013630-T01-IM5	0	0	0
P-0013641-T01-IM5	0	0	0
P-0013699-T01-IM5	0	0	0
P-0013840-T01-IM5	0.476623082212031	0.00322275187875443	0.479845834090785
P-0014032-T01-IM5	0	0	0
P-0014146-T01-IM5	0	0	0
P-0014153-T01-IM5	0	0	0
P-0014175-T01-IM5	0.000116909071335095	0.00322275187875443	0.00333966095008952
P-0014401-T01-IM6	0.206836010868758	0.00322275187875443	0.263808925243008
P-0014409-T02-IM6	0	0	0
P-0014697-T01-IM6	0	0	0
P-0014861-T01-IM6	6.83458330950995e-05	0.00322275187875443	0.00329109771184953
P-0014953-T01-IM6	0	0	0
P-0015076-T01-IM6	0.381205472822906	0.00322275187875443	0.384428224701661
P-0015095-T01-IM6	0.027900473617775	0.00322275187875443	0.0311232254965294
P-0015457-T01-IM6	3.21159855994838e-05	0.00322275187875443	0.00325486786435391
P-0015651-T03-IM6	0.000116909071335095	0.00322275187875443	0.00333966095008952
P-0015726-T01-IM6	0.439776442255036	0.00322275187875443	0.479845834090785
P-0015976-T01-IM6	0	0	0
P-0016129-T01-IM6	0	0	0
P-0016322-T01-IM6	0.241627530960314	0.00322275187875443	0.245137245193684
P-0016488-T01-IM6	0.381196876326633	0.00322275187875443	0.384428224701661
P-0016553-T01-IM6	0.000116909071335095	0.00322275187875443	0.00333966095008952
P-0016865-T01-IM6	0.476623082212031	0.00322275187875443	0.479845834090785
P-0017005-T01-IM6	0.0386279995226281	0.00322275187875443	0.0418507514013826
P-0017175-T01-IM6	0.471240446303535	0.00322275187875443	0.479845834090785
P-0017327-T01-IM6	0	0	0
P-0017434-T01-IM6	0.476623082212031	0.00322275187875443	0.479845834090785
P-0017436-T01-IM6	0.476623082212031	0.00322275187875443	0.479845834090785
P-0017787-T01-IM6	0	0	0
P-0018026-T01-IM6	0	0	0
P-0018184-T01-IM6	0.355267565372851	0.00322275187875443	0.358490317251605
P-0018202-T01-IM6	0	0	0
P-0018211-T01-IM6	0.323567948488942	0.00322275187875443	0.338548642143258
P-0018212-T01-IM6	0.172958948190081	0.00322275187875443	0.263808925243008
P-0018534-T01-IM6	0	0	0
P-0018550-T01-IM6	0.027900473617775	0.00322275187875443	0.0311232254965294
P-0018606-T01-IM6	0.0993671954375075	0.00322275187875443	0.102589947316262
P-0018647-T01-IM6	0.027900473617775	0.00322275187875443	0.0311232254965294
P-0018755-T01-IM6	0.47633712783553	0.00322275187875443	0.479845834090785
P-0018757-T01-IM6	0.0481537942521138	0.00322275187875443	0.0513765461308682
P-0018997-T01-IM6	0	0	0
P-0019008-T01-IM6	0.464995112248566	0.00322275187875443	0.479845834090785
P-0019234-T01-IM6	0.0481537942521138	0.00322275187875443	0.0513765461308682
P-0019325-T01-IM6	0	0	0
P-0019337-T01-IM6	0	0	0
P-0019373-T01-IM6	0	0	0
P-0019383-T01-IM6	0.476623082212031	0.00322275187875443	0.479845834090785
P-0019391-T01-IM6	0	0	0
P-0019423-T01-IM6	0.476265053302907	0.00322275187875443	0.479845834090785
P-0019454-T01-IM6	0.280462805201944	0.00322275187875443	0.283685557080698
P-0019664-T02-IM6	0	0	0
P-0019668-T01-IM6	0	0	0
P-0019748-T01-IM6	0.476623082212031	0.00322275187875443	0.479845834090785
P-0019814-T01-IM6	0	0	0
P-0019841-T01-IM6	0.000116909071335095	0.00322275187875443	0.00333966095008952
P-0019940-T01-IM6	0.0481537942521138	0.00322275187875443	0.0513765461308682
P-0019991-T01-IM6	0	0	0
P-0020006-T01-IM6	0.476623082212031	0.00322275187875443	0.479845834090785
P-0020012-T01-IM6	0.378788537984209	0.00322275187875443	0.384428224701661
P-0020058-T01-IM6	0	0	0
P-0020067-T01-IM6	0	0	0
P-0020105-T01-IM6	0	0	0
P-0020112-T01-IM6	0.0993671954375075	0.00322275187875443	0.102589947316262
P-0020161-T01-IM6	0.28937072573744	0.00322275187875443	0.304374881516475
P-0020315-T01-IM6	0.000116909071335095	0.00322275187875443	0.00333966095008952
P-0020323-T01-IM6	0.0993671954375075	0.00322275187875443	0.102589947316262
P-0020354-T01-IM6	0.456104704308432	0.00322275187875443	0.479845834090785
P-0020364-T01-IM6	9.68068736633585e-05	0.00322275187875443	0.00331955875241778
P-0020385-T01-IM6	0	0	0
P-0020432-T01-IM6	0	0	0
P-0020434-T01-IM6	0.213964858228001	0.00322275187875443	0.269426592145889
P-0020525-T01-IM6	0.476594621171463	0.00322275187875443	0.479845834090785
P-0020549-T01-IM6	0	0	0
P-0020552-T01-IM6	0.0993671954375075	0.00322275187875443	0.102589947316262
P-0020568-T01-IM6	0.476623082212031	0.00322275187875443	0.479845834090785
P-0020635-T01-IM6	0.355241341551999	0.00322275187875443	0.358464093430753
P-0020682-T01-IM6	0	0	0
P-0020687-T01-IM6	0.141214259114083	0.00322275187875443	0.144457113190509
P-0020688-T01-IM6	9.68068736633585e-05	0.00322275187875443	0.00331955875241778
P-0020699-T01-IM6	0.476623082212031	0.00322275187875443	0.479845834090785
P-0020767-T01-IM6	0.000116909071335095	0.00322275187875443	0.00333966095008952
P-0020799-T01-IM6	0	0	0
P-0020831-T01-IM6	0	0	0
P-0020924-T01-IM6	0.208170557501796	0.00322275187875443	0.21139330938055
P-0020927-T01-IM6	0.476623082212031	0.00322275187875443	0.479845834090785
P-0020968-T01-IM6	9.68068736633585e-05	0.00322275187875443	0.00331955875241778
P-0020970-T01-IM6	0	0	0
P-0020973-T01-IM6	0.476623082212031	0.00322275187875443	0.479845834090785
P-0021030-T01-IM6	0.442649073345642	0.00322275187875443	0.479845834090785
P-0021045-T02-IM6	0.381205472822906	0.00322275187875443	0.384428224701661
P-0021076-T01-IM6	0.476623082212031	0.00322275187875443	0.479845834090785
P-0021114-T01-IM6	0.368740782685499	0.00322275187875443	0.479845834090785
P-0021272-T01-IM6	0	0	0
P-0021328-T01-IM6	0.476623082212031	0.00322275187875443	0.479845834090785
P-0021368-T01-IM6	0.435823119312181	0.00322275187875443	0.479845834090785
P-0021409-T01-IM6	0	0	0
P-0021499-T01-IM6	0	0	0
P-0021524-T01-IM6	2.15527027626033e-05	0.00322275187875443	0.00324430458151703
P-0021559-T01-IM6	0.471564818577584	0.00322275187875443	0.479845834090785
P-0021592-T01-IM6	9.68068736633585e-05	0.00322275187875443	0.00331955875241778
P-0021602-T01-IM6	9.68068736633585e-05	0.00322275187875443	0.00331955875241778
P-0021632-T01-IM6	0.000116909071335095	0.00322275187875443	0.00333966095008952
P-0021649-T01-IM6	0.471858058259316	0.00322275187875443	0.479845834090785
P-0021742-T01-IM6	0	0	0
P-0021750-T01-IM6	0.474536854339107	0.00322275187875443	0.479845834090785
P-0021759-T01-IM6	0.476623082212031	0.00322275187875443	0.479845834090785
P-0021762-T02-IM6	0.000116909071335095	0.00322275187875443	0.00333966095008952
P-0021785-T01-IM6	0	0	0
P-0021787-T01-IM6	0	0	0
P-0021882-T01-IM6	0	0	0
P-0021891-T01-IM6	0	0	0
P-0021908-T01-IM6	0	0	0
P-0021912-T01-IM6	0.237279727997352	0.00322275187875443	0.251444524830471
P-0021920-T01-IM6	0	0	0
P-0021924-T01-IM6	0.15614067765418	0.00322275187875443	0.22814632357725
P-0021932-T02-IM6	0.476623082212031	0.00322275187875443	0.479845834090785
P-0022016-T01-IM6	0.322827568076855	0.00322275187875443	0.343444277113704
P-0022046-T01-IM6	0.26959238405828	0.00322275187875443	0.272815135937035
P-0022058-T01-IM6	0	0	0
P-0022126-T01-IM6	0.429602452038701	0.00322275187875443	0.479845834090785
P-0022130-T01-IM6	0	0	0
P-0022131-T01-IM6	0.225074989679083	0.00322275187875443	0.228297741557837
P-0022185-T01-IM6	0.476623082212031	0.00322275187875443	0.479845834090785
P-0022191-T01-IM6	0.257519625313392	0.00322275187875443	0.272815135937035
P-0022358-T01-IM6	0	0	0
P-0022397-T01-IM6	9.68068736633585e-05	0.00322275187875443	0.00331955875241778
P-0022507-T01-IM6	0	0	0
P-0022535-T01-IM6	0.448839517665591	0.00322275187875443	0.479845834090785
P-0022610-T01-IM6	9.68068736633585e-05	0.00322275187875443	0.00331955875241778
P-0022640-T01-IM6	0.000116909071335095	0.00322275187875443	0.00333966095008952
P-0022781-T01-IM6	0.338223409400088	0.00322275187875443	0.343444277113704
P-0022867-T01-IM6	0	0	0
P-0023069-T01-IM6	0	0	0
P-0023091-T01-IM6	0.456719669297296	0.00322275187875443	0.479845834090785
P-0023140-T01-IM6	0	0	0
P-0023287-T01-IM6	0	0	0
P-0023372-T01-IM6	0	0	0
P-0023507-T01-IM6	0.433536943000206	0.00322275187875443	0.479845834090785
P-0023620-T01-IM6	0.476255842185833	0.00322275187875443	0.479845834090785
P-0023632-T01-IM6	0	0	0
P-0023747-T01-IM6	0.264016331081114	0.00322275187875443	0.304374881516475
P-0023834-T01-IM6	0	0	0
P-0023840-T01-IM6	0	0	0
P-0023856-T01-IM6	0.336541978981788	0.00322275187875443	0.339764730860542
P-0023920-T01-IM6	0.000116909071335095	0.00322275187875443	0.00333966095008952
P-0023995-T01-IM6	0.0993671954375075	0.00322275187875443	0.102589947316262
P-0023996-T01-IM6	0.11442492976052	0.00322275187875443	0.228297741557837
P-0024019-T01-IM6	0.476594621171463	0.00322275187875443	0.479845834090785
P-0024036-T01-IM6	0	0	0
P-0024118-T01-IM6	0.444969438964053	0.00322275187875443	0.479845834090785
P-0024181-T01-IM6	0.28704648391051	0.00322275187875443	0.358490317251605
P-0024213-T01-IM6	0	0	0
P-0024318-T01-IM6	0	0	0
P-0024365-T01-IM6	0	0	0
P-0024389-T01-IM6	0.476619451851832	0.00322275187875443	0.479845834090785
P-0024405-T01-IM6	0.000116909071335095	0.00322275187875443	0.00333966095008952
P-0024406-T01-IM6	0.476622541345726	0.00322275187875443	0.479845834090785
P-0024444-T01-IM6	0.476623082212031	0.00322275187875443	0.479845834090785
P-0024448-T01-IM6	0	0	0
P-0024661-T01-IM6	0.141234361311755	0.00322275187875443	0.144457113190509
P-0024723-T01-IM6	0	0	0
P-0024726-T01-IM6	0.000116909071335095	0.00322275187875443	0.00333966095008952
P-0024738-T01-IM6	0.476623082212031	0.00322275187875443	0.479845834090785
P-0024831-T01-IM6	0.476623082212031	0.00322275187875443	0.479845834090785
P-0024935-T01-IM6	0.340221525234949	0.00322275187875443	0.343444277113704
P-0024959-T01-IM6	0.476623082212031	0.00322275187875443	0.479845834090785
P-0024971-T01-IM6	0.000116909071335095	0.00322275187875443	0.00333966095008952
P-0025000-T01-IM6	0.000116909071335095	0.00322275187875443	0.00333966095008952
P-0025014-T01-IM6	0	0	0
P-0025136-T01-IM6	0.33159138871677	0.00322275187875443	0.479845834090785
P-0025144-T01-IM6	0	0	0
P-0025198-T01-IM6	0.000116909071335095	0.00322275187875443	0.00333966095008952
P-0025279-T01-IM6	0	0	0
P-0025393-T01-IM6	0	0	0
P-0025460-T01-IM6	0.000116909071335095	0.00322275187875443	0.00333966095008952
P-0025545-T01-IM6	0.0993671954375075	0.00322275187875443	0.102589947316262
P-0025675-T01-IM6	0	0	0
P-0025761-T01-IM6	0	0	0
P-0025802-T02-IM6	0.000116909071335095	0.00322275187875443	0.00333966095008952
P-0025811-T01-IM6	0	0	0
P-0025946-T01-IM6	0.476623082212031	0.00322275187875443	0.479845834090785
P-0025949-T01-IM6	0	0	0
P-0025958-T01-IM6	0.375880414591068	0.00322275187875443	0.479845834090785
P-0025993-T01-IM6	0.000116909071335095	0.00322275187875443	0.00333966095008952
P-0026010-T01-IM6	0.476623082212031	0.00322275187875443	0.479845834090785
P-0026217-T02-IM6	0.476623082212031	0.00322275187875443	0.479845834090785
P-0026232-T01-IM6	0	0	0
P-0026279-T01-IM6	0	0	0
P-0026493-T01-IM6	0	0	0
P-0026495-T01-IM6	0.369129042743099	0.00322275187875443	0.384428224701661
P-0026504-T01-IM6	0.0993671954375075	0.00322275187875443	0.102589947316262
P-0026506-T01-IM6	0.208170557501796	0.00322275187875443	0.21139330938055
P-0026510-T01-IM6	0.476623082212031	0.00322275187875443	0.479845834090785
P-0026514-T01-IM6	0.414932379542374	0.00322275187875443	0.479845834090785
P-0026707-T01-IM6	0	0	0
P-0026969-T01-IM6	0.196130332684652	0.00322275187875443	0.256984782292175
P-0027035-T01-IM6	0	0	0
P-0027075-T01-IM6	0.000116909071335095	0.00322275187875443	0.00333966095008952
P-0027103-T01-IM6	0.000116909071335095	0.00322275187875443	0.00333966095008952
P-0027108-T01-IM6	0	0	0
P-0027163-T01-IM6	0	0	0
P-0027239-T01-IM6	0.0481537942521138	0.00322275187875443	0.0513765461308682
P-0027488-T01-IM6	0	0	0
P-0027714-T01-IM6	0.430012977759192	0.00322275187875443	0.479845834090785
P-0027870-T01-IM6	9.68068736633585e-05	0.00322275187875443	0.00331955875241778
P-0027886-T01-IM6	0	0	0
P-0027958-T01-IM6	0.476623082212031	0.00322275187875443	0.479845834090785
P-0027978-T01-IM6	0.474418437398073	0.00322275187875443	0.479845834090785
P-0028008-T01-IM6	0	0	0
P-0028308-T01-IM6	0	0	0
P-0028328-T01-IM6	0	0	0
P-0028330-T01-IM6	0	0	0
P-0028432-T01-IM6	0	0	0
P-0028549-T01-IM6	0.476623082212031	0.00322275187875443	0.479845834090785
P-0028695-T01-IM6	0.000116909071335095	0.00322275187875443	0.00333966095008952
P-0028702-T01-IM6	0	0	0
P-0028778-T01-IM6	0	0	0
P-0028917-T01-IM6	0.419576437926466	0.00322275187875443	0.479845834090785
P-0029084-T01-IM6	0.000116909071335095	0.00322275187875443	0.00333966095008952
P-0029129-T01-IM6	6.83458330950995e-05	0.00322275187875443	0.00329109771184953
P-0029223-T01-IM6	0	0	0
P-0029263-T02-IM6	0.246255764907511	0.00322275187875443	0.25132521464054
P-0029267-T03-IM6	0	0	0
P-0029354-T01-IM6	0.225559015852455	0.00322275187875443	0.339764730860542
P-0029393-T01-IM6	0	0	0
P-0029461-T01-IM6	0.213366545365378	0.00322275187875443	0.268819027191472
P-0029463-T01-IM6	0	0	0
P-0029464-T01-IM6	0.474694533256923	0.00322275187875443	0.479845834090785
P-0029537-T01-IM6	0.447337073019549	0.00322275187875443	0.479845834090785
P-0029548-T01-IM6	0	0	0
P-0029723-T01-IM6	0	0	0
P-0029830-T01-IM6	0	0	0
P-0029960-T01-IM6	0	0	0
P-0030010-T01-IM6	0.253476076036919	0.00322275187875443	0.256705793618087
P-0030026-T01-IM6	0.027900473617775	0.00322275187875443	0.0311232254965294
P-0030033-T01-IM6	0	0	0
P-0030052-T01-IM6	0	0	0
P-0030123-T01-IM6	0.47171545803849	0.00322275187875443	0.479845834090785
P-0030164-T01-IM6	6.83458330950995e-05	0.00322275187875443	0.00329109771184953
P-0030229-T02-IM6	0	0	0
P-0030266-T01-IM6	0.027900473617775	0.00322275187875443	0.0311232254965294
P-0030346-T01-IM6	0.4608421276897	0.00322275187875443	0.479845834090785
P-0030505-T01-IM6	0.185855462707477	0.00322275187875443	0.268822723111223
P-0030569-T01-IM6	0	0	0
P-0030632-T01-IM6	0.0993671954375075	0.00322275187875443	0.102589947316262
P-0030697-T01-IM6	0	0	0
P-0030779-T01-IM6	0.0481537942521138	0.00322275187875443	0.0513765461308682
P-0030836-T01-IM6	0.0386279995226281	0.00322275187875443	0.0418507514013826
P-0030867-T01-IM6	0.248221772951717	0.00322275187875443	0.251444524830471
P-0030958-T01-IM6	0	0	0
P-0031150-T01-IM6	0	0	0
P-0031382-T01-IM6	0.195275747532754	0.00322275187875443	0.268841399388636
P-0031395-T01-IM6	0.21376399195522	0.00322275187875443	0.245137245193684
P-0031402-T01-IM6	0.141234361311755	0.00322275187875443	0.144457113190509
P-0031648-T01-IM6	0.000116909071335095	0.00322275187875443	0.00333966095008952
P-0031687-T01-IM6	0	0	0
P-0031751-T01-IM6	9.68068736633585e-05	0.00322275187875443	0.00331955875241778
P-0031946-T01-IM6	0	0	0
P-0032093-T01-IM6	0.0481537942521138	0.00322275187875443	0.0513765461308682
P-0032378-T01-IM6	0	0	0
P-0032521-T01-IM6	0.258518302165926	0.00322275187875443	0.261748019747094
P-0032525-T01-IM6	0.476614584055086	0.00322275187875443	0.479845834090785
P-0033193-T01-IM6	0	0	0
P-0033218-T02-IM6	0	0	0
P-0033283-T03-IM6	0	0	0
P-0033291-T01-IM6	0.340221525234949	0.00322275187875443	0.343444277113704
P-0033335-T01-IM6	6.83458330950995e-05	0.00322275187875443	0.00329109771184953
P-0033345-T01-IM6	0	0	0
P-0033523-T01-IM6	0	0	0
P-0033548-T01-IM6	0.185721770390797	0.00322275187875443	0.26871287808163
P-0033555-T01-IM6	0.000116909071335095	0.00322275187875443	0.00333966095008952
P-0033690-T01-IM6	0.381205472822906	0.00322275187875443	0.384428224701661
P-0033692-T01-IM6	0.456034555587653	0.00322275187875443	0.479845834090785
P-0033693-T01-IM6	0.000116909071335095	0.00322275187875443	0.00333966095008952
P-0033715-T01-IM6	0.027900473617775	0.00322275187875443	0.0311232254965294
P-0033718-T01-IM6	0.241914493314929	0.00322275187875443	0.245137245193684
P-0033726-T01-IM6	0	0	0
P-0033783-T01-IM6	0.182636546062522	0.00322275187875443	0.256705793618087
P-0033787-T01-IM6	0	0	0
P-0034011-T01-IM6	0.000116909071335095	0.00322275187875443	0.00333966095008952
P-0034086-T01-IM6	0.000116909071335095	0.00322275187875443	0.00333966095008952
P-0034102-T01-IM6	0.253476076036919	0.00322275187875443	0.256705793618087
P-0034227-T01-IM6	6.83458330950995e-05	0.00322275187875443	0.00329109771184953
P-0034250-T01-IM6	0.000116909071335095	0.00322275187875443	0.00333966095008952
P-0034304-T01-IM6	0	0	0
P-0034383-T01-IM6	0.000116909071335095	0.00322275187875443	0.00333966095008952
P-0034415-T01-IM6	0.439185390112811	0.00322275187875443	0.479845834090785
P-0034418-T01-IM6	0	0	0
P-0034484-T01-IM6	6.83458330950995e-05	0.00322275187875443	0.00329109771184953
P-0034561-T01-IM6	0	0	0
P-0034814-T01-IM6	0.276163016415973	0.00322275187875443	0.343444277113704
P-0034885-T01-IM6	0	0	0
P-0034907-T01-IM6	0	0	0
P-0034976-T01-IM6	0	0	0
P-0035075-T01-IM6	0	0	0
P-0035101-T01-IM6	0	0	0
P-0035118-T01-IM6	0	0	0
P-0035120-T01-IM6	0.0386279995226281	0.00322275187875443	0.0418507514013826
P-0035125-T01-IM6	0.211766277672615	0.00322275187875443	0.268776028320219
P-0035374-T01-IM6	0	0	0
P-0035378-T01-IM6	0.000116909071335095	0.00322275187875443	0.00333966095008952
P-0035382-T01-IM6	0	0	0
P-0035448-T01-IM6	0	0	0
P-0035530-T01-IM6	0	0	0
P-0035594-T01-IM6	0.234616444946583	0.00322275187875443	0.304374881516475
P-0035757-T01-IM6	0.465895556307178	0.00322275187875443	0.479845834090785
P-0035898-T01-IM6	0.0386279995226281	0.00322275187875443	0.0418507514013826
P-0035993-T01-IM6	0.476623082212031	0.00322275187875443	0.479845834090785
P-0036013-T01-IM6	0.0481537942521138	0.00322275187875443	0.0513765461308682
P-0036257-T01-IM6	0.471859852952055	0.00322275187875443	0.479845834090785
P-0036292-T01-IM6	0.000116909071335095	0.00322275187875443	0.00333966095008952
P-0036321-T01-IM6	0.476623082212031	0.00322275187875443	0.479845834090785
P-0036325-T01-IM6	0.476623082212031	0.00322275187875443	0.479845834090785
P-0036409-T01-IM6	0.000116909071335095	0.00322275187875443	0.00333966095008952
P-0036457-T01-IM6	0.440122858928489	0.00322275187875443	0.479845834090785
P-0036508-T01-IM6	0.253478796758333	0.00322275187875443	0.256705793618087
P-0036542-T01-IM6	6.83458330950995e-05	0.00322275187875443	0.00329109771184953
P-0036582-T01-IM6	0	0	0
P-0036705-T01-IM6	0	0	0
P-0036717-T01-IM6	0.476623082212031	0.00322275187875443	0.479845834090785
P-0036750-T01-IM6	0.0993671954375075	0.00322275187875443	0.102589947316262
P-0036766-T01-IM6	0.000116909071335095	0.00322275187875443	0.00333966095008952
P-0036770-T01-IM6	0	0	0
P-0036784-T01-IM6	0	0	0
P-0036814-T01-IM6	0	0	0
P-0036828-T01-IM6	0.0993671954375075	0.00322275187875443	0.102589947316262
P-0036872-T01-IM6	0	0	0
P-0036874-T01-IM6	0	0	0
P-0036895-T01-IM6	0.0993671954375075	0.00322275187875443	0.102589947316262
P-0036963-T01-IM6	0.446737924272637	0.00322275187875443	0.479845834090785
P-0036971-T01-IM6	0	0	0
P-0037027-T01-IM6	0.45330309060267	0.00322275187875443	0.479845834090785
P-0037049-T01-IM6	0.0993671954375075	0.00322275187875443	0.102589947316262
P-0037070-T01-IM6	0	0	0
P-0037085-T01-IM6	0	0	0
P-0037096-T01-IM6	0.476330514515708	0.00322275187875443	0.479845834090785
P-0037128-T01-IM6	0.000116909071335095	0.00322275187875443	0.00333966095008952
P-0037167-T01-IM6	0	0	0
P-0037178-T01-IM6	0.0386279995226281	0.00322275187875443	0.0418507514013826
P-0037308-T01-IM6	0	0	0
P-0037342-T01-IM6	0.368028060209467	0.00322275187875443	0.479845834090785
P-0037373-T01-IM6	0	0	0
P-0037424-T01-IM6	0	0	0
P-0037460-T01-IM6	0.000116909071335095	0.00322275187875443	0.00333966095008952
P-0037462-T01-IM6	0	0	0
P-0037553-T01-IM6	0.000116909071335095	0.00322275187875443	0.00333966095008952
P-0037702-T01-IM6	0	0	0
P-0037794-T01-IM6	0.476623082212031	0.00322275187875443	0.479845834090785
P-0037810-T01-IM6	0.280462805201944	0.00322275187875443	0.283685557080698
P-0037899-T01-IM6	0.476339848556943	0.00322275187875443	0.479845834090785
P-0037905-T01-IM6	0	0	0
P-0037939-T01-IM6	0.24006046098576	0.00322275187875443	0.245129910718789
P-0037974-T01-IM6	0	0	0
P-0037988-T01-IM6	0.24200611278903	0.00322275187875443	0.256705793618087
P-0037990-T01-IM6	0	0	0
P-0038047-T01-IM6	0	0	0
P-0038049-T01-IM6	0	0	0
P-0038154-T01-IM6	0	0	0
P-0038295-T01-IM6	0.46484167831175	0.00322275187875443	0.479845834090785
P-0038323-T01-IM6	0.474493421135821	0.00322275187875443	0.479845834090785
P-0038345-T02-IM6	0.476623082212031	0.00322275187875443	0.479845834090785
P-0038387-T01-IM6	0.442477544972439	0.00322275187875443	0.479845834090785
P-0038419-T01-IM6	0	0	0
P-0038483-T01-IM6	0	0	0
P-0038499-T01-IM6	0	0	0
P-0038526-T01-IM6	0.0481537942521138	0.00322275187875443	0.0513765461308682
P-0038534-T01-IM6	0	0	0
P-0038543-T01-IM6	0.027900473617775	0.00322275187875443	0.0311232254965294
P-0038554-T01-IM6	0.0481537942521138	0.00322275187875443	0.0513765461308682
P-0038634-T01-IM6	0.0715836308910676	0.00322275187875443	0.102589947316262
P-0038646-T01-IM6	0	0	0
P-0038649-T01-IM6	0	0	0
P-0038660-T01-IM6	0	0	0
P-0038663-T01-IM6	0.465265733884813	0.00322275187875443	0.479845834090785
P-0038744-T01-IM6	0	0	0
P-0038745-T01-IM6	0.455834689098042	0.00322275187875443	0.479845834090785
P-0038779-T01-IM6	0.0481537942521138	0.00322275187875443	0.0513765461308682
P-0038970-T01-IM6	0.476330432566268	0.00322275187875443	0.479845834090785
P-0038996-T01-IM6	6.83458330950995e-05	0.00322275187875443	0.00329109771184953
P-0039012-T01-IM6	0	0	0
P-0039070-T01-IM6	0	0	0
P-0039094-T01-IM6	0	0	0
P-0039132-T01-IM6	0	0	0
P-0039148-T01-IM6	0.458690241925319	0.00322275187875443	0.479845834090785
P-0039224-T01-IM6	0.476623082212031	0.00322275187875443	0.479845834090785
P-0039273-T01-IM6	0.243021679421182	0.00322275187875443	0.256984782292175
P-0039288-T01-IM6	0.340221525234949	0.00322275187875443	0.343444277113704
P-0039289-T01-IM6	0.000116909071335095	0.00322275187875443	0.00333966095008952
P-0039297-T01-IM6	0	0	0
P-0039301-T01-IM6	0	0	0
P-0039377-T01-IM6	0	0	0
P-0039468-T01-IM6	0	0	0
P-0039514-T01-IM6	0.474491651027914	0.00322275187875443	0.479845834090785
P-0039563-T01-IM6	0.000116909071335095	0.00322275187875443	0.00333966095008952
P-0039605-T01-IM6	0.325759137204825	0.00322275187875443	0.384428224701661
P-0039685-T01-IM6	0.000116909071335095	0.00322275187875443	0.00333966095008952
P-0039767-T01-IM6	0.476623082212031	0.00322275187875443	0.479845834090785
P-0039774-T01-IM6	0.000116909071335095	0.00322275187875443	0.00333966095008952
P-0039797-T01-IM6	0.0481537942521138	0.00322275187875443	0.0513765461308682
P-0039798-T01-IM6	0	0	0
P-0039799-T01-IM6	0.476623082212031	0.00322275187875443	0.479845834090785
P-0039810-T01-IM6	0	0	0
P-0039814-T01-IM6	0.000116909071335095	0.00322275187875443	0.00333966095008952
P-0039871-T01-IM6	0	0	0
P-0039932-T01-IM6	0.027900473617775	0.00322275187875443	0.0311232254965294
P-0039935-T01-IM6	0.448839517665591	0.00322275187875443	0.479845834090785
P-0039936-T01-IM6	0	0	0
P-0039993-T01-IM6	0.476513778048743	0.00322275187875443	0.479845834090785
P-0040007-T01-IM6	0	0	0
P-0040038-T01-IM6	0	0	0
P-0040044-T01-IM6	3.21159855994838e-05	0.00322275187875443	0.00325486786435391
P-0040110-T01-IM6	0	0	0
P-0040118-T01-IM6	0.000116909071335095	0.00322275187875443	0.00333966095008952
P-0040143-T01-IM6	0.219088189717937	0.00322275187875443	0.332618805237969
P-0040154-T01-IM6	0.0481537942521138	0.00322275187875443	0.0513765461308682
P-0040177-T01-IM6	0	0	0
P-0040290-T01-IM6	0	0	0
P-0040343-T01-IM6	9.68068736633585e-05	0.00322275187875443	0.00331955875241778
P-0040365-T01-IM6	0.468305181255813	0.00322275187875443	0.479845834090785
P-0040386-T01-IM6	0.0993671954375075	0.00322275187875443	0.102589947316262
P-0040504-T01-IM6	0	0	0
P-0040518-T01-IM6	0	0	0
P-0040521-T01-IM6	0	0	0
P-0040523-T01-IM6	0.000116909071335095	0.00322275187875443	0.00333966095008952
P-0040555-T02-IM6	0.180794355427457	0.00322275187875443	0.263808925243008
P-0040593-T01-IM6	0	0	0
P-0040605-T01-IM6	0.000116909071335095	0.00322275187875443	0.00333966095008952
P-0040702-T01-IM6	0.000116909071335095	0.00322275187875443	0.00333966095008952
P-0040748-T01-IM6	0	0	0
P-0040803-T01-IM6	0.210387158739073	0.00322275187875443	0.213609910617828
P-0040827-T01-IM6	0	0	0
P-0040860-T01-IM6	0	0	0
P-0040931-T01-IM6	0	0	0
P-0040960-T01-IM6	0	0	0
P-0041025-T01-IM6	0	0	0
P-0041026-T01-IM6	0.470423869301985	0.00322275187875443	0.479845834090785
P-0041035-T01-IM6	0	0	0
P-0041176-T01-IM6	0.476623082212031	0.00322275187875443	0.479845834090785
P-0041191-T01-IM6	0.0386279995226281	0.00322275187875443	0.0418507514013826
P-0041234-T01-IM6	0.273505215782751	0.00322275187875443	0.304374881516475
P-0041235-T01-IM6	9.68068736633585e-05	0.00322275187875443	0.00331955875241778
P-0041279-T01-IM6	0.120621184295776	0.00322275187875443	0.343444277113704
P-0041289-T01-IM6	0	0	0
P-0041338-T01-IM6	0	0	0
P-0041345-T01-IM6	0	0	0
P-0041387-T01-IM6	0	0	0
P-0041464-T01-IM6	0	0	0
P-0041468-T01-IM6	0	0	0
P-0041472-T01-IM6	0	0	0
P-0041544-T01-IM6	0	0	0
P-0041614-T01-IM6	0	0	0
P-0041618-T01-IM6	0.0481537942521138	0.00322275187875443	0.0513765461308682
P-0041702-T01-IM6	0	0	0
P-0041719-T01-IM6	0.476623082212031	0.00322275187875443	0.479845834090785
P-0041721-T01-IM6	0.428126583596104	0.00322275187875443	0.479845834090785
P-0041836-T01-IM6	0	0	0
P-0041837-T01-IM6	0.448730213502303	0.00322275187875443	0.479845834090785
P-0041952-T01-IM6	0.230551138093747	0.00322275187875443	0.268841399388636
P-0041954-T01-IM6	0	0	0
P-0041962-T02-IM6	9.68068736633585e-05	0.00322275187875443	0.00331955875241778
P-0041968-T01-IM6	0	0	0
P-0042152-T01-IM6	0	0	0
P-0042164-T01-IM6	0	0	0
P-0042216-T01-IM6	0	0	0
P-0042390-T01-IM6	0	0	0
P-0042407-T01-IM6	0	0	0
P-0042422-T01-IM6	0.0386279995226281	0.00322275187875443	0.0418507514013826
P-0042500-T01-IM6	0	0	0
P-0042511-T01-IM6	0.0993671954375075	0.00322275187875443	0.102589947316262
P-0042632-T01-IM6	0.476623082212031	0.00322275187875443	0.479845834090785
P-0042638-T01-IM6	0	0	0
P-0042764-T02-IM6	0.476623082212031	0.00322275187875443	0.479845834090785
P-0042788-T01-IM6	0	0	0
P-0042815-T01-IM6	0	0	0
P-0042866-T01-IM6	0.301152129637721	0.00322275187875443	0.304374881516475
P-0042932-T01-IM6	0.476623082212031	0.00322275187875443	0.479845834090785
P-0042974-T01-IM6	0	0	0
P-0043037-T01-IM6	0	0	0
P-0043081-T01-IM6	0.396768925336103	0.00322275187875443	0.479845834090785
P-0043133-T01-IM6	0	0	0
P-0043135-T01-IM6	9.68068736633585e-05	0.00322275187875443	0.00331955875241778
P-0043240-T01-IM6	0.476623082212031	0.00322275187875443	0.479845834090785
P-0043290-T01-IM6	0	0	0
P-0043571-T01-IM6	0	0	0
P-0043587-T01-IM6	0	0	0
P-0043706-T01-IM6	0	0	0
P-0043789-T01-IM6	0.476623082212031	0.00322275187875443	0.479845834090785
P-0043838-T01-IM6	0.474624966377169	0.00322275187875443	0.479845834090785
P-0043914-T01-IM6	0	0	0
P-0043933-T01-IM6	0	0	0
P-0043942-T01-IM6	0.435912452396902	0.00322275187875443	0.479845834090785
P-0043950-T01-IM6	0	0	0
P-0043955-T01-IM6	6.83458330950995e-05	0.00322275187875443	0.00329109771184953
P-0044056-T01-IM6	0.246953638144986	0.00322275187875443	0.261748019747094
P-0044185-T01-IM6	0	0	0
P-0044199-T01-IM6	0.476339848556943	0.00322275187875443	0.479845834090785
P-0044338-T01-IM6	0	0	0
P-0044349-T01-IM6	0	0	0
P-0044402-T01-IM6	0	0	0
P-0044451-T01-IM6	0.164072539382627	0.00322275187875443	0.167918746212246
P-0044555-T01-IM6	0	0	0
P-0044572-T01-IM6	0	0	0
P-0044704-T01-IM6	0.476623082212031	0.00322275187875443	0.479845834090785
P-0044770-T01-IM6	0	0	0
P-0044784-T01-IM6	0.000116909071335095	0.00322275187875443	0.00333966095008952
P-0044796-T01-IM6	0	0	0
P-0044817-T01-IM6	0	0	0
P-0044821-T01-IM6	0.476623082212031	0.00322275187875443	0.479845834090785
P-0044905-T01-IM6	0.0386279995226281	0.00322275187875443	0.0418507514013826
P-0044919-T01-IM6	0.476330432566268	0.00322275187875443	0.479845834090785
P-0044943-T02-IM6	0	0	0
P-0044963-T01-IM6	0	0	0
P-0045031-T01-IM6	0.0386279995226281	0.00322275187875443	0.0418507514013826
P-0045161-T01-IM6	0	0	0
P-0045231-T02-IM6	0.476623082212031	0.00322275187875443	0.479845834090785
P-0045312-T01-IM6	0.0386279995226281	0.00322275187875443	0.0418507514013826
P-0045473-T01-IM6	0.26959238405828	0.00322275187875443	0.272815135937035
P-0045494-T01-IM6	0.0481537942521138	0.00322275187875443	0.0513765461308682
P-0045545-T01-IM6	0.476623082212031	0.00322275187875443	0.479845834090785
P-0045641-T01-IM6	0.141234361311755	0.00322275187875443	0.144457113190509
P-0045643-T01-IM6	0	0	0
P-0045890-T01-IM6	0.0386279995226281	0.00322275187875443	0.0418507514013826
P-0045944-T01-IM6	0.469570546171466	0.00322275187875443	0.479845834090785
P-0045947-T01-IM6	0	0	0
P-0045993-T01-IM6	0.463214531202614	0.00322275187875443	0.479845834090785
P-0046020-T01-IM6	0	0	0
P-0046098-T01-IM6	0.294862231477191	0.00322275187875443	0.343444277113704
P-0046249-T01-IM6	0	0	0
P-0046282-T01-IM6	0.000116909071335095	0.00322275187875443	0.00333966095008952
P-0046298-T01-IM6	0.476436606260942	0.00322275187875443	0.479845834090785
P-0046478-T01-IM6	0	0	0
P-0046543-T01-IM6	0	0	0
P-0046676-T01-IM6	0	0	0
P-0046996-T01-IM6	0.47454461495109	0.00322275187875443	0.479845834090785
P-0047149-T01-IM6	0.458508142074335	0.00322275187875443	0.479845834090785
P-0047214-T01-IM6	0.027900473617775	0.00322275187875443	0.0311232254965294
P-0047292-T01-IM6	0	0	0
P-0047390-T01-IM6	0	0	0
P-0047432-T01-IM6	0	0	0
P-0047444-T01-IM6	0	0	0
P-0047577-T01-IM6	0	0	0
P-0047610-T01-IM6	0	0	0
P-0047622-T01-IM6	0	0	0
P-0047699-T01-IM6	0	0	0
P-0047883-T01-IM6	0	0	0
P-0047903-T01-IM6	0.476414971608739	0.00322275187875443	0.479845834090785
P-0047944-T01-IM6	0.476623082212031	0.00322275187875443	0.479845834090785
P-0047947-T01-IM6	0.476414971608739	0.00322275187875443	0.479845834090785
P-0048254-T01-IM6	0	0	0
P-0048374-T01-IM6	0	0	0
P-0048455-T01-IM6	0.224846711318567	0.00322275187875443	0.256705793618087
P-0048524-T01-IM6	0	0	0
P-0048525-T01-IM6	0.26959238405828	0.00322275187875443	0.272815135937035
P-0048559-T01-IM6	0.253476076036919	0.00322275187875443	0.256705793618087
P-0048670-T01-IM6	0	0	0
P-0048923-T01-IM6	0.476623082212031	0.00322275187875443	0.479845834090785
P-0049008-T01-IM6	0	0	0
P-0049040-T01-IM6	0.476623082212031	0.00322275187875443	0.479845834090785
P-0049075-T01-IM6	0.027900473617775	0.00322275187875443	0.0311232254965294
P-0049377-T01-IM6	0	0	0
P-0049417-T01-IM6	9.68068736633585e-05	0.00322275187875443	0.00331955875241778
P-0049444-T01-IM6	0.264512493966575	0.00322275187875443	0.343444277113704
P-0049532-T01-IM6	0.000116909071335095	0.00322275187875443	0.00333966095008952
P-0049541-T01-IM6	0.456026254109365	0.00322275187875443	0.479845834090785
P-0049560-T01-IM6	0.476623082212031	0.00322275187875443	0.479845834090785
P-0049687-T01-IM6	0	0	0
P-0049759-T01-IM6	0	0	0
P-0049782-T01-IM6	0	0	0
P-0049921-T01-IM6	0.000116909071335095	0.00322275187875443	0.00333966095008952
P-0049943-T01-IM6	0	0	0
P-0050114-T01-IM6	0	0	0
P-0050115-T01-IM6	0	0	0
P-0050148-T01-IM6	0.348414117302216	0.00322275187875443	0.479845834090785
P-0050233-T01-IM6	0.476623082212031	0.00322275187875443	0.479845834090785
P-0050410-T01-IM6	0	0	0
P-0050452-T01-IM6	0.000116909071335095	0.00322275187875443	0.00333966095008952
P-0050454-T01-IM6	6.83458330950995e-05	0.00322275187875443	0.00329109771184953
P-0000141-T01-IM3	0	0	0
P-0000212-T01-IM3	0.000116909071335095	0.00322275187875443	0.00333966095008952
P-0000267-T01-IM3	0.476602980014359	0.00322275187875443	0.479845834090785
P-0000376-T01-IM3	0.000116909071335095	0.00322275187875443	0.00333966095008952
P-0000376-T02-IM3	0.0481537942521138	0.00322275187875443	0.0513765461308682
P-0001497-T01-IM3	4.60637803150545e-05	0.00322275187875443	0.00326881565906948
P-0001681-T01-IM3	0.476623082212031	0.00322275187875443	0.479845834090785
P-0001700-T01-IM3	0.476623082212031	0.00322275187875443	0.479845834090785
P-0001747-T02-IM5	0.464773947099457	0.00322275187875443	0.479845834090785
P-0001978-T01-IM3	0.000116909071335095	0.00322275187875443	0.00333966095008952
P-0002010-T01-IM3	0.000116909071335095	0.00322275187875443	0.00333966095008952
P-0002110-T01-IM3	0.448839517665591	0.00322275187875443	0.479845834090785
P-0002136-T01-IM3	0	0	0
P-0002242-T01-IM3	0.38153638466228	0.00322275187875443	0.479845834090785
P-0002257-T01-IM3	0.000116909071335095	0.00322275187875443	0.00333966095008952
P-0002373-T01-IM3	0	0	0
P-0002645-T01-IM3	0.21125582280479	0.00322275187875443	0.214478574683545
P-0002660-T01-IM3	0.381205472822906	0.00322275187875443	0.384428224701661
P-0003050-T01-IM3	0.000116909071335095	0.00322275187875443	0.00333966095008952
P-0003708-T01-IM5	0	0	0
P-0004262-T01-IM5	0	0	0
P-0004445-T01-IM5	0	0	0
P-0004524-T01-IM5	0.000116909071335095	0.00322275187875443	0.00333966095008952
P-0004530-T01-IM5	0	0	0
P-0006444-T01-IM5	0.241904397143901	0.00322275187875443	0.245134147504846
P-0006531-T01-IM5	0	0	0
P-0006537-T01-IM5	0.0386279995226281	0.00322275187875443	0.0418507514013826
P-0007204-T01-IM5	0.476623082212031	0.00322275187875443	0.479845834090785
P-0007221-T01-IM5	0.000116909071335095	0.00322275187875443	0.00333966095008952
P-0007571-T01-IM5	0.000116909071335095	0.00322275187875443	0.00333966095008952
P-0008456-T01-IM5	0	0	0
P-0008787-T01-IM5	0.000116909071335095	0.00322275187875443	0.00333966095008952
P-0010051-T01-IM5	0.0993671954375075	0.00322275187875443	0.102589947316262
P-0010250-T01-IM5	0	0	0
P-0010348-T01-IM5	0	0	0
P-0010524-T01-IM5	0.476623082212031	0.00322275187875443	0.479845834090785
P-0011571-T01-IM5	0	0	0
P-0012310-T01-IM5	0	0	0
P-0012338-T01-IM5	0.241905896818656	0.00322275187875443	0.245135647179601
TCGA-72-4234-01	0	0	0
TCGA-72-4238-01	0	0	0
TCGA-72-4232-01	0	0	0
TCGA-72-4237-01	0	0	0
TCGA-72-4236-01	0	0	0
TCGA-72-4241-01	0	0	0
TCGA-72-4240-01	0	0	0
TCGA-72-4231-01	0	0	0
TCGA-09-1669-01	0	0	0
TCGA-25-1635-01	0	0	0
TCGA-04-1519-01	0	0	0
TCGA-09-1667-01	0	0	0
TCGA-09-1665-01	0	0	0
TCGA-24-1557-01	0	0	0
TCGA-36-1577-01	0	0	0
TCGA-36-1580-01	0	0	0
TCGA-57-1585-01	0	0	0
TCGA-24-1567-01	0	0	0
TCGA-36-1575-01	0	0	0
TCGA-04-1525-01	0	0	0
TCGA-04-1536-01	0	0	0
TCGA-24-1560-01	0	0	0
TCGA-09-1662-01	0	0	0
TCGA-25-1628-01	0	0	0
TCGA-09-1666-01	0	0	0
TCGA-36-1574-01	0	0	0
TCGA-57-1582-01	0	0	0
TCGA-57-1583-01	0	0	0
TCGA-25-1630-01	0	0	0
TCGA-36-1571-01	0	0	0
TCGA-09-1659-01	0	0	0
TCGA-25-1633-01	0	0	0
TCGA-25-1627-01	0	0	0
TCGA-36-1576-01	0	0	0
TCGA-09-1668-01	0	0	0
TCGA-04-1517-01	0	0	0
TCGA-36-1569-01	0	0	0
TCGA-09-1661-01	0	0	0
TCGA-36-1578-01	0	0	0
TCGA-24-1556-01	0	0	0
TCGA-24-1548-01	0	0	0
TCGA-61-1740-01	0	0	0
TCGA-61-1738-01	0	0	0
TCGA-29-1775-01	0	0	0
TCGA-04-1638-01	0	0	0
TCGA-24-1846-01	0	0	0
TCGA-04-1651-01	0	0	0
TCGA-29-1778-01	0	0	0
TCGA-24-1842-01	0	0	0
TCGA-24-1849-01	0	0	0
TCGA-61-1733-01	0	0	0
TCGA-61-1737-01	0	0	0
TCGA-04-1648-01	0	0	0
TCGA-30-1855-01	0	0	0
TCGA-04-1649-01	0	0	0
TCGA-61-1895-01	0	0	0
TCGA-61-1904-01	0	0	0
TCGA-61-1899-01	0	0	0
TCGA-24-1844-01	0	0	0
TCGA-24-1845-01	0	0	0
TCGA-61-1727-01	0	0	0
TCGA-04-1646-01	0	0	0
TCGA-30-1856-01	0	0	0
TCGA-61-1903-01	0	0	0
TCGA-61-1913-01	0	0	0
TCGA-29-1769-01	0	0	0
TCGA-61-1914-01	0	0	0
TCGA-61-1911-01	0	0	0
TCGA-30-1857-01	0	0	0
TCGA-24-1850-01	0	0	0
TCGA-61-1910-01	0	0	0
TCGA-24-1418-01	0	0	0
TCGA-13-1482-01	0	0	0
TCGA-13-1511-01	0	0	0
TCGA-24-1426-01	0	0	0
TCGA-13-1507-01	0	0	0
TCGA-13-1492-01	0	0	0
TCGA-24-1435-01	0	0	0
TCGA-24-1422-01	0	0	0
TCGA-13-1485-01	0	0	0
TCGA-13-1512-01	0	0	0
TCGA-24-1467-01	0	0	0
TCGA-13-1504-01	0	0	0
TCGA-24-1430-01	0	0	0
TCGA-24-1436-01	0	0	0
TCGA-13-1489-02	0	0	0
TCGA-13-1501-01	0	0	0
TCGA-13-1510-01	0	0	0
TCGA-24-1417-01	0	0	0
TCGA-24-1416-01	0	0	0
TCGA-13-1484-01	0	0	0
TCGA-13-1509-01	0	0	0
TCGA-24-1434-01	0	0	0
TCGA-24-1427-01	0	0	0
TCGA-13-1491-01	0	0	0
TCGA-24-1428-01	0	0	0
TCGA-13-1505-01	0	0	0
TCGA-13-1483-01	0	0	0
TCGA-13-1495-01	0	0	0
TCGA-13-1499-01	0	0	0
TCGA-13-1497-01	0	0	0
TCGA-13-1488-01	0	0	0
TCGA-13-1498-01	0	0	0
TCGA-24-1431-01	0	0	0
TCGA-24-1466-01	0	0	0
TCGA-13-1506-01	0	0	0
TCGA-24-1424-01	0	0	0
TCGA-13-1489-01	0	0	0
TCGA-13-0723-01	0	0	0
TCGA-13-0802-01	0	0	0
TCGA-13-0755-01	0	0	0
TCGA-13-0761-01	0	0	0
TCGA-13-0791-01	0	0	0
TCGA-13-0792-01	0	0	0
TCGA-13-0805-01	0	0	0
TCGA-13-0714-01	0	0	0
TCGA-13-0793-01	0	0	0
TCGA-09-0367-01	0	0	0
TCGA-13-0751-01	0	0	0
TCGA-13-0797-01	0	0	0
TCGA-13-0725-01	0	0	0
TCGA-13-0764-01	0	0	0
TCGA-13-0720-01	0	0	0
TCGA-13-0724-01	0	0	0
TCGA-13-0801-01	0	0	0
TCGA-13-0717-01	0	0	0
TCGA-13-0762-01	0	0	0
TCGA-09-0369-01	0	0	0
TCGA-13-0758-01	0	0	0
TCGA-13-0803-01	0	0	0
TCGA-13-0757-01	0	0	0
TCGA-13-0799-01	0	0	0
TCGA-13-0794-01	0	0	0
TCGA-13-0730-01	0	0	0
TCGA-13-0726-01	0	0	0
TCGA-13-0766-01	0	0	0
TCGA-04-1350-01	0	0	0
TCGA-04-1351-01	0	0	0
TCGA-13-1403-01	0	0	0
TCGA-25-1320-01	0	0	0
TCGA-25-1312-01	0	0	0
TCGA-13-0900-01	0	0	0
TCGA-13-0905-01	0	0	0
TCGA-25-1317-01	0	0	0
TCGA-04-1357-01	0	0	0
TCGA-04-1362-01	0	0	0
TCGA-04-1367-01	0	0	0
TCGA-04-1365-01	0	0	0
TCGA-25-1318-01	0	0	0
TCGA-25-1321-01	0	0	0
TCGA-13-1405-01	0	0	0
TCGA-04-1348-01	0	0	0
TCGA-25-1329-01	0	0	0
TCGA-13-1408-01	0	0	0
TCGA-13-1412-01	0	0	0
TCGA-13-0908-01	0	0	0
TCGA-04-1349-01	0	0	0
TCGA-24-1413-01	0	0	0
TCGA-13-1409-01	0	0	0
TCGA-25-1323-01	0	0	0
TCGA-13-0884-01	0	0	0
TCGA-25-1322-01	0	0	0
TCGA-04-1364-01	0	0	0
TCGA-13-1410-01	0	0	0
TCGA-13-0893-01	0	0	0
TCGA-04-1360-01	0	0	0
TCGA-25-1313-01	0	0	0
TCGA-13-1411-01	0	0	0
TCGA-25-1316-01	0	0	0
TCGA-04-1371-01	0	0	0
TCGA-25-1314-01	0	0	0
TCGA-24-2267-01	0	0	0
TCGA-24-2295-01	0	0	0
TCGA-24-2293-01	0	0	0
TCGA-09-2044-01	0	0	0
TCGA-24-2297-01	0	0	0
TCGA-59-2351-01	0	0	0
TCGA-25-2392-01	0	0	0
TCGA-09-2045-01	0	0	0
TCGA-24-2280-01	0	0	0
TCGA-09-2043-01	0	0	0
TCGA-59-2349-01	0	0	0
TCGA-25-2397-01	0	0	0
TCGA-25-2391-01	0	0	0
TCGA-29-2427-01	0	0	0
TCGA-29-2414-01	0	0	0
TCGA-09-2055-01	0	0	0
TCGA-24-2271-01	0	0	0
TCGA-25-2042-01	0	0	0
TCGA-09-2051-01	0	0	0
TCGA-25-2399-01	0	0	0
TCGA-24-2298-01	0	0	0
TCGA-25-2404-01	0	0	0
TCGA-29-2428-01	0	0	0
TCGA-24-2289-01	0	0	0
TCGA-59-2355-01	0	0	0
TCGA-59-2363-01	0	0	0
TCGA-24-2290-01	0	0	0
TCGA-25-2396-01	0	0	0
TCGA-24-2288-01	0	0	0
TCGA-25-2398-01	0	0	0
TCGA-59-2348-01	0	0	0
TCGA-24-2281-01	0	0	0
TCGA-24-2262-01	0	0	0
TCGA-09-2048-01	0	0	0
TCGA-29-2425-01	0	0	0
TCGA-59-2354-01	0	0	0
TCGA-25-2400-01	0	0	0
TCGA-59-2350-01	0	0	0
TCGA-25-2393-01	0	0	0
TCGA-29-1707-02	0	0	0
TCGA-13-1819-01	0	0	0
TCGA-13-1817-02	0	0	0
TCGA-61-1916-02	0	0	0
TCGA-24-1852-02	0	0	0
TCGA-61-2095-02	0	0	0
TCGA-29-1710-02	0	0	0
TCGA-29-1692-01	0	0	0
TCGA-29-1704-01	0	0	0
TCGA-13-0791-02	0	0	0
TCGA-29-1704-02	0	0	0
TCGA-29-1692-02	0	0	0
TCGA-13-0913-02	0	0	0
TCGA-24-1852-01	0	0	0
TCGA-29-1705-02	0	0	0
TCGA-29-2414-02	0	0	0
TCGA-23-2643-01	0	0	0
TCGA-36-2543-01	0	0	0
TCGA-36-2538-01	0	0	0
TCGA-36-2534-01	0	0	0
TCGA-13-2059-01	0	0	0
TCGA-36-2542-01	0	0	0
TCGA-23-2641-01	0	0	0
TCGA-13-2057-01	0	0	0
TCGA-13-2071-01	0	0	0
TCGA-04-1369-01	0	0	0
TCGA-36-2547-01	0	0	0
TCGA-36-2530-01	0	0	0
TCGA-13-2065-01	0	0	0
TCGA-04-1644-01	0	0	0
TCGA-29-2429-01	0	0	0
TCGA-36-2552-01	0	0	0
TCGA-29-2431-01	0	0	0
TCGA-36-2537-01	0	0	0
TCGA-04-1516-01	0	0	0
TCGA-61-2613-01	0	0	0
TCGA-13-2066-01	0	0	0
TCGA-23-2647-01	0	0	0
TCGA-36-2549-01	0	0	0
TCGA-36-2544-01	0	0	0
TCGA-36-2548-01	0	0	0
TCGA-13-2061-01	0	0	0
TCGA-36-2532-01	0	0	0
TCGA-61-2611-02	0	0	0
TCGA-42-2590-01	0	0	0
TCGA-42-2589-01	0	0	0
TCGA-36-2539-01	0	0	0
TCGA-23-2649-01	0	0	0
TCGA-61-2612-01	0	0	0
TCGA-42-2582-01	0	0	0
TCGA-36-2551-01	0	0	0
TCGA-42-2591-01	0	0	0
TCGA-42-2587-01	0	0	0
TCGA-42-2593-01	0	0	0
TCGA-23-2645-01	0	0	0
TCGA-29-2436-01	0	0	0
TCGA-61-2610-02	0	0	0
TCGA-59-2372-01	0	0	0
TCGA-36-2545-01	0	0	0
TCGA-29-A5NZ-01	0	0	0
TCGA-3P-A9WA-01	0	0	0
TCGA-13-A5FT-01	0	0	0
TCGA-13-A5FU-01	0	0	0
TCGA-VG-A8LO-01	0	0	0
TCGA-59-A5PD-01	0	0	0
TCGA-13-0910-01	0	0	0
TCGA-13-0897-01	0	0	0
TCGA-13-0903-01	0	0	0
TCGA-13-0891-01	0	0	0
TCGA-13-0886-01	0	0	0
TCGA-13-0807-01	0	0	0
TCGA-10-0935-01	0	0	0
TCGA-10-0928-01	0	0	0
TCGA-24-0966-01	0	0	0
TCGA-13-0888-01	0	0	0
TCGA-13-0904-01	0	0	0
TCGA-13-0923-01	0	0	0
TCGA-10-0933-01	0	0	0
TCGA-13-0921-01	0	0	0
TCGA-13-0887-01	0	0	0
TCGA-10-0938-01	0	0	0
TCGA-10-0927-01	0	0	0
TCGA-13-0899-01	0	0	0
TCGA-13-0906-01	0	0	0
TCGA-13-0883-01	0	0	0
TCGA-13-0890-01	0	0	0
TCGA-10-0936-01	0	0	0
TCGA-10-0930-01	0	0	0
TCGA-13-0920-01	0	0	0
TCGA-13-0912-01	0	0	0
TCGA-13-0913-01	0	0	0
TCGA-10-0926-01	0	0	0
TCGA-13-0919-01	0	0	0
TCGA-13-0911-01	0	0	0
TCGA-61-1728-01	0	0	0
TCGA-57-1994-01	0	0	0
TCGA-30-1860-01	0	0	0
TCGA-31-1956-01	0	0	0
TCGA-31-1944-01	0	0	0
TCGA-30-1862-01	0	0	0
TCGA-24-1920-01	0	0	0
TCGA-30-1859-01	0	0	0
TCGA-04-1654-01	0	0	0
TCGA-57-1993-01	0	0	0
TCGA-24-1924-01	0	0	0
TCGA-25-1871-01	0	0	0
TCGA-31-1950-01	0	0	0
TCGA-24-1923-01	0	0	0
TCGA-25-1878-01	0	0	0
TCGA-31-1959-01	0	0	0
TCGA-30-1891-01	0	0	0
TCGA-30-1861-01	0	0	0
TCGA-31-1946-01	0	0	0
TCGA-24-1928-01	0	0	0
TCGA-24-2023-01	0	0	0
TCGA-25-1870-01	0	0	0
TCGA-61-1917-01	0	0	0
TCGA-61-1918-01	0	0	0
TCGA-30-1853-01	0	0	0
TCGA-61-1724-01	0	0	0
TCGA-30-1892-01	0	0	0
TCGA-31-1953-01	0	0	0
TCGA-10-0925-01	0	0	0
TCGA-30-1866-01	0	0	0
TCGA-31-1951-01	0	0	0
TCGA-61-1919-01	0	0	0
TCGA-24-2027-01	0	0	0
TCGA-30-1880-01	0	0	0
TCGA-24-2029-01	0	0	0
TCGA-31-1955-01	0	0	0
TCGA-29-1784-01	0	0	0
TCGA-30-1714-01	0	0	0
TCGA-09-1673-01	0	0	0
TCGA-20-1686-01	0	0	0
TCGA-29-1688-01	0	0	0
TCGA-20-1684-01	0	0	0
TCGA-24-1847-01	0	0	0
TCGA-29-1768-01	0	0	0
TCGA-29-1697-01	0	0	0
TCGA-20-1682-01	0	0	0
TCGA-29-1690-01	0	0	0
TCGA-29-1699-01	0	0	0
TCGA-29-1770-02	0	0	0
TCGA-29-1764-01	0	0	0
TCGA-20-1683-01	0	0	0
TCGA-29-1763-01	0	0	0
TCGA-29-1702-01	0	0	0
TCGA-09-1675-01	0	0	0
TCGA-30-1718-01	0	0	0
TCGA-29-1766-01	0	0	0
TCGA-57-1586-01	0	0	0
TCGA-29-1703-01	0	0	0
TCGA-29-1698-01	0	0	0
TCGA-20-1687-01	0	0	0
TCGA-29-1691-01	0	0	0
TCGA-29-1707-01	0	0	0
TCGA-29-1761-01	0	0	0
TCGA-09-1672-01	0	0	0
TCGA-29-1705-01	0	0	0
TCGA-09-1674-01	0	0	0
TCGA-29-1781-01	0	0	0
TCGA-29-1783-01	0	0	0
TCGA-04-1655-01	0	0	0
TCGA-29-1770-01	0	0	0
TCGA-29-1762-01	0	0	0
TCGA-23-1809-01	0	0	0
TCGA-29-1785-01	0	0	0
TCGA-29-1694-01	0	0	0
TCGA-23-1114-01	0	0	0
TCGA-09-1670-01	0	0	0
TCGA-29-1693-01	0	0	0
TCGA-24-1425-01	0	0	0
TCGA-24-1565-01	0	0	0
TCGA-24-1471-01	0	0	0
TCGA-24-1562-01	0	0	0
TCGA-24-1552-01	0	0	0
TCGA-24-1563-01	0	0	0
TCGA-24-1603-01	0	0	0
TCGA-04-1514-01	0	0	0
TCGA-24-1555-01	0	0	0
TCGA-24-1549-01	0	0	0
TCGA-24-1550-01	0	0	0
TCGA-04-1542-01	0	0	0
TCGA-24-1470-01	0	0	0
TCGA-24-1553-01	0	0	0
TCGA-24-1469-01	0	0	0
TCGA-24-0968-01	0	0	0
TCGA-04-1337-01	0	0	0
TCGA-24-0982-01	0	0	0
TCGA-23-1120-01	0	0	0
TCGA-20-0987-01	0	0	0
TCGA-04-1332-01	0	0	0
TCGA-23-1027-01	0	0	0
TCGA-23-1028-01	0	0	0
TCGA-23-1021-01	0	0	0
TCGA-24-0979-01	0	0	0
TCGA-04-1342-01	0	0	0
TCGA-23-1022-01	0	0	0
TCGA-04-1336-01	0	0	0
TCGA-24-0970-01	0	0	0
TCGA-24-0981-01	0	0	0
TCGA-24-1104-01	0	0	0
TCGA-23-1119-01	0	0	0
TCGA-24-0975-01	0	0	0
TCGA-04-1346-01	0	0	0
TCGA-23-1124-01	0	0	0
TCGA-23-1121-01	0	0	0
TCGA-23-1026-01	0	0	0
TCGA-23-1110-01	0	0	0
TCGA-24-1103-01	0	0	0
TCGA-23-1030-01	0	0	0
TCGA-04-1341-01	0	0	0
TCGA-04-1338-01	0	0	0
TCGA-23-1109-01	0	0	0
TCGA-23-1123-01	0	0	0
TCGA-04-1331-01	0	0	0
TCGA-23-1024-01	0	0	0
TCGA-04-1343-01	0	0	0
TCGA-23-1118-01	0	0	0
TCGA-23-1113-01	0	0	0
TCGA-23-1117-01	0	0	0
TCGA-61-2098-01	0	0	0
TCGA-09-2053-01	0	0	0
TCGA-24-2038-01	0	0	0
TCGA-61-2101-01	0	0	0
TCGA-24-2019-01	0	0	0
TCGA-61-2109-01	0	0	0
TCGA-23-2078-01	0	0	0
TCGA-61-2102-01	0	0	0
TCGA-61-2012-01	0	0	0
TCGA-24-2024-01	0	0	0
TCGA-61-1995-01	0	0	0
TCGA-24-2035-01	0	0	0
TCGA-61-2088-01	0	0	0
TCGA-61-1734-01	0	0	0
TCGA-24-2260-01	0	0	0
TCGA-23-2072-01	0	0	0
TCGA-61-2096-01	0	0	0
TCGA-09-2054-01	0	0	0
TCGA-61-2018-01	0	0	0
TCGA-23-2079-01	0	0	0
TCGA-61-2111-01	0	0	0
TCGA-61-2008-02	0	0	0
TCGA-61-2009-01	0	0	0
TCGA-61-1998-01	0	0	0
TCGA-23-2084-01	0	0	0
TCGA-24-2254-01	0	0	0
TCGA-61-2113-01	0	0	0
TCGA-61-2110-01	0	0	0
TCGA-61-2000-01	0	0	0
TCGA-24-2036-01	0	0	0
TCGA-61-2017-01	0	0	0
TCGA-24-2033-01	0	0	0
TCGA-61-2003-01	0	0	0
TCGA-61-2008-01	0	0	0
TCGA-23-2077-01	0	0	0
TCGA-61-1736-01	0	0	0
TCGA-61-2016-01	0	0	0
TCGA-09-2056-01	0	0	0
TCGA-61-2087-01	0	0	0
TCGA-24-2030-01	0	0	0
TCGA-61-2002-01	0	0	0
X1172	0.00200366381196065	0.000871122548921951	0.0028747863608826
X1177	0	0	0
X1196	0.468699071239951	0.000871942043323571	0.479845834090785
X120	0.00198563493512501	0.00125136795127358	0.0032370028863986
X1230	0	0	0
X1237	0	0	0
X1265	0.468660555003075	0.00125300694007682	0.479845834090785
X1269	0	0	0
X1283	0.00492843933134207	0.000867844571315472	0.00579628390265754
X1341	0	0	0
X1419	0.00200858077837037	0.000867844571315472	0.00287642534968584
X1471	0.00244537129443378	0.000874400526528431	0.00331977182096221
X1530	0	0	0
X1548	0.476922697560207	0.000869483560118712	0.479845834090785
X1582	0.0229114244804891	0.00125136795127358	0.0241627924317627
X1718	0	0	0
X1928	0	0	0
X2090	0	0	0
X2152	0	0	0
X2212	0	0	0
X2360	0	0	0
X2415	0	0	0
X2503	0	0	0
X2577	0.00162751588161712	0.000869483560118712	0.00249699944173583
X2587	0.0330829889933953	0.00125136795127358	0.0343343569446689
X2700	0	0	0
X2763	0	0	0
X2890	0	0	0
X300	0.0479363250227559	0.0012521874456752	0.0491885124684311
X3056	0	0	0
X3080	0	0	0
X3144	0	0	0
X3151	0	0	0
X3225	0.0996169199665132	0.00114975064547272	0.100766670611986
X3349	0.179499595247618	0.00322389097597268	0.18272348622359
X429	0	0	0
X451	0	0	0
X472	0.00214215836583441	0.000869483560118712	0.00301164192595312
X603	0.449296721787199	0.000867844571315472	0.479845834090785
X736	0	0	0
X88	0	0	0
X94	0.00187746167411119	0.000869483560118712	0.0027469452342299
X970	0	0	0
X987	0	0	0
OVCA100	0.47867477659087	0.00117105749991483	0.479845834090785
OVCA103	0.47867477659087	0.00117105749991483	0.479845834090785
OVCA108	0.47867477659087	0.00117105749991483	0.479845834090785
OVCA11	0	0	0
OVCA111	0.47867477659087	0.00117105749991483	0.479845834090785
OVCA112	0.47867477659087	0.00117105749991483	0.479845834090785
OVCA114	0.47867477659087	0.00117105749991483	0.479845834090785
OVCA115	0.47867477659087	0.00117105749991483	0.479845834090785
OVCA116	0.47867477659087	0.00117105749991483	0.479845834090785
OVCA117	0.478535462542595	0.00117105749991483	0.479845834090785
OVCA118	0.478673137602067	0.00117105749991483	0.479845834090785
OVCA119	0.47867477659087	0.00117105749991483	0.479845834090785
OVCA12-02	0.0510921979633942	0.00117105749991483	0.052263255463309
OVCA123	0.47867477659087	0.00117105749991483	0.479845834090785
OVCA124	0.192704928035321	0.00117105749991483	0.193875985535235
OVCA126	0.339192010808082	0.00117105749991483	0.340363068307997
OVCA127	0.47867477659087	0.00117105749991483	0.479845834090785
OVCA129	0.233714886375585	0.00117105749991483	0.2348859438755
OVCA13	0.47861413400515	0.00117105749991483	0.479845834090785
OVCA130	0.349960167245368	0.00117105749991483	0.351158268060536
OVCA131	0	0	0
OVCA134	0	0	0
OVCA135	0	0	0
OVCA137	0.47867477659087	0.00117105749991483	0.479845834090785
OVCA141	0	0	0
OVCA142	0.47867477659087	0.00117105749991483	0.479845834090785
OVCA144	0.334244723105503	0.00117105749991483	0.335415780605418
OVCA145	0.0401830884890301	0.00117105749991483	0.0413541459889449
OVCA148	0	0	0
OVCA149	0	0	0
OVCA150	0.0112967303263303	0.00117105749991483	0.0124677878262451
OVCA151	0	0	0
OVCA152	0.287399145131303	0.00117105749991483	0.318758737398092
OVCA154	0	0	0
OVCA155	0	0	0
OVCA156	0.276765287436555	0.00117105749991483	0.479845834090785
OVCA157	0.47867477659087	0.00117105749991483	0.479845834090785
OVCA159	0.209628306923173	0.00117105749991483	0.210799364423088
OVCA16-02	0.47867477659087	0.00117105749991483	0.479845834090785
OVCA161	0	0	0
OVCA162	0	0	0
OVCA163	0	0	0
OVCA164	0.117344222862355	0.00117105749991483	0.133720998984327
OVCA168	0	0	0
OVCA170	0.47867477659087	0.00117105749991483	0.479845834090785
OVCA172	0	0	0
OVCA173	0	0	0
OVCA178	0	0	0
OVCA18	0.47867477659087	0.00117105749991483	0.479845834090785
OVCA180	0	0	0
OVCA183	0	0	0
OVCA185	0	0	0
OVCA189	0	0	0
OVCA19	0	0	0
OVCA191	0.428661951093738	0.00117105749991483	0.429833008593653
OVCA193	0	0	0
OVCA194	0	0	0
OVCA195	0.444139643517805	0.00118253042153751	0.479845834090785
OVCA196	0	0	0
OVCA197	0	0	0
OVCA198	0.478661664680444	0.00118416941034075	0.479845834090785
OVCA199	0.478662484174846	0.00118334991593913	0.479845834090785
OVCA20-02	0.47867477659087	0.00117105749991483	0.479845834090785
OVCA201	0.478663303669248	0.00118253042153751	0.479845834090785
OVCA202	0.478625606926773	0.00117105749991483	0.479845834090785
OVCA203	0.478538740520201	0.00117105749991483	0.479845834090785
OVCA204	0.478641996814806	0.00117105749991483	0.479845834090785
OVCA205	0.47867477659087	0.00117105749991483	0.479845834090785
OVCA206	0	0	0
OVCA207	0.478662484174846	0.00118253042153751	0.479845834090785
OVCA208	0.241834338567507	0.00118334991593913	0.479845834090785
OVCA209	0	0	0
OVCA210	0	0	0
OVCA211	0	0	0
OVCA212	0	0	0
OVCA213	0.47867477659087	0.00117105749991483	0.479845834090785
OVCA214	0.47867477659087	0.00117105749991483	0.479845834090785
OVCA216	0	0	0
OVCA218	0.478663303669248	0.00118253042153751	0.479845834090785
OVCA22	0.00594051491734264	0.00117105749991483	0.00711157241725747
OVCA221	0	0	0
OVCA223	0.0988851114658666	0.00117105749991483	0.100056168965781
OVCA225	0	0	0
OVCA226	0	0	0
OVCA227	0.154584506955168	0.00118253042153751	0.155767037376705
OVCA229	0.309670446144799	0.00118416941034075	0.479845834090785
OVCA230	0.338448631046485	0.00117105749991483	0.479845834090785
OVCA231	0	0	0
OVCA233	0.47867477659087	0.00117105749991483	0.479845834090785
OVCA234	0.478661664680444	0.00118416941034075	0.479845834090785
OVCA235	0	0	0
OVCA236	0.478662484174846	0.00118334991593913	0.479845834090785
OVCA237	0.242481837484115	0.00117105749991483	0.422639486736233
OVCA239	0.184993485716077	0.00117105749991483	0.254841452049346
OVCA24	0.370831870160225	0.00117105749991483	0.37200292766014
OVCA240	0	0	0
OVCA241	0.478561686363447	0.00117105749991483	0.479845834090785
OVCA242	0.47867477659087	0.00117105749991483	0.479845834090785
OVCA243	0.478662484174846	0.00118334991593913	0.479845834090785
OVCA244	0.478662484174846	0.00118334991593913	0.479845834090785
OVCA245R	0.478658386702838	0.00118498890474237	0.479845834090785
OVCA246	0.0317783539060164	0.00117105749991483	0.0329494114059312
OVCA247	0.478662484174846	0.00118334991593913	0.479845834090785
OVCA248	0	0	0
OVCA249	0	0	0
OVCA250	0	0	0
OVCA252	0	0	0
OVCA253	0.478661664680444	0.00118416941034075	0.479845834090785
OVCA254	0.478662484174846	0.00118334991593913	0.479845834090785
OVCA255	0.478662484174846	0.00118334991593913	0.479845834090785
OVCA256	0	0	0
OVCA259	0.478672318107665	0.00117105749991483	0.479845834090785
OVCA260	0	0	0
OVCA261	0	0	0
OVCA262	0	0	0
OVCA263	0.00190778296697112	0.00117105749991483	0.00307884046688596
OVCA264	0.478663303669248	0.00118253042153751	0.479845834090785
OVCA265	0.478524809115374	0.00118253042153751	0.479845834090785
OVCA266	0	0	0
OVCA267	0	0	0
OVCA268	0.47867477659087	0.00117105749991483	0.479845834090785
OVCA269R	0.47865920619724	0.00118498890474237	0.479845834090785
OVCA270R	0.478520711643366	0.00118253042153751	0.479845834090785
OVCA273	0.47867477659087	0.00117105749991483	0.479845834090785
OVCA274	0.000590855463567946	0.00118253042153751	0.00177338588510546
OVCA275	0.47867477659087	0.00117105749991483	0.479845834090785
OVCA276	0.47867477659087	0.00117105749991483	0.479845834090785
OVCA277	0.478500224283325	0.00118334991593913	0.479845834090785
OVCA278	0.40734352539067	0.00697307786338371	0.479845834090785
OVCA279	0.385688385827864	0.00118498890474237	0.479845834090785
OVCA28-02	0.47867477659087	0.00117105749991483	0.479845834090785
OVCA280	0.301572202467991	0.00118498890474237	0.479845834090785
OVCA281	0.478660845186043	0.00118498890474237	0.479845834090785
OVCA282	0.231583283097644	0.00118334991593913	0.479845834090785
OVCA285	0	0	0
OVCA286	0.47867477659087	0.00117105749991483	0.479845834090785
OVCA288	0.47867477659087	0.00117105749991483	0.479845834090785
OVCA289	0.061924274964006	0.00117105749991483	0.0630953324639208
OVCA29	0.328884410224507	0.00117105749991483	0.330055467724422
OVCA291	0.478661664680444	0.00118416941034075	0.479845834090785
OVCA292	0.478579715240282	0.00117105749991483	0.479845834090785
OVCA294	0.474252784799729	0.0055930492910558	0.479845834090785
OVCA295	0.478660845186043	0.00118498890474237	0.479845834090785
OVCA296	0.478662484174846	0.00118334991593913	0.479845834090785
OVCA297	0.478660845186043	0.00118498890474237	0.479845834090785
OVCA298	0.478663303669248	0.00118253042153751	0.479845834090785
OVCA299	0.478652650242027	0.00118334991593913	0.479845834090785
OVCA30	0.478586271195495	0.00117105749991483	0.479845834090785
OVCA300	0.478661664680444	0.00118416941034075	0.479845834090785
OVCA301	0.478660845186043	0.00118498890474237	0.479845834090785
OVCA302	0.478660845186043	0.00118498890474237	0.479845834090785
OVCA303	0.47867477659087	0.00117105749991483	0.479845834090785
OVCA304	0.478662484174846	0.00118334991593913	0.479845834090785
OVCA305	0.478402704449533	0.00117105749991483	0.479845834090785
OVCA306	0.47867477659087	0.00117105749991483	0.479845834090785
OVCA308	0.478661664680444	0.00118416941034075	0.479845834090785
OVCA309	0	0	0
OVCA31	0	0	0
OVCA310	0	0	0
OVCA311	0	0	0
OVCA312	0.47867477659087	0.00117105749991483	0.479845834090785
OVCA313	0.394388138395461	0.00118334991593913	0.479845834090785
OVCA314	0.478661664680444	0.00118416941034075	0.479845834090785
OVCA315	0.47867477659087	0.00117105749991483	0.479845834090785
OVCA316	0.47867477659087	0.00117105749991483	0.479845834090785
OVCA317	0.478662484174846	0.00118334991593913	0.479845834090785
OVCA318	0.478662484174846	0.00118334991593913	0.479845834090785
OVCA319	0.478501863272129	0.00118334991593913	0.479845834090785
OVCA32	0.385957999485997	0.00117105749991483	0.479845834090785
OVCA321	0.478662484174846	0.00118334991593913	0.479845834090785
OVCA322	0.476711366343917	0.00118498890474237	0.47789635524866
OVCA324	0.47867477659087	0.00117105749991483	0.479845834090785
OVCA325	0.478660025691641	0.00118334991593913	0.479845834090785
OVCA326	0.47867477659087	0.00117105749991483	0.479845834090785
OVCA328	0.478638718837199	0.00117105749991483	0.479845834090785
OVCA329	0.478662484174846	0.00118334991593913	0.479845834090785
OVCA33	0.478673957096469	0.00117105749991483	0.479845834090785
OVCA330	0	0	0
OVCA331	0.229645178837813	0.00118253042153751	0.479845834090785
OVCA334	0.478663303669248	0.00118253042153751	0.479845834090785
OVCA335	0.478636260353994	0.00117105749991483	0.479845834090785
OVCA336	0.478661664680444	0.00118416941034075	0.479845834090785
OVCA337	0.478534643048193	0.00117105749991483	0.479845834090785
OVCA338	0	0	0
OVCA339	0.47867477659087	0.00117105749991483	0.479845834090785
OVCA34	0.47867477659087	0.00117105749991483	0.479845834090785
OVCA340	0.47867477659087	0.00117105749991483	0.479845834090785
OVCA341	0.478662484174846	0.00118334991593913	0.479845834090785
OVCA343	0.47867477659087	0.00117105749991483	0.479845834090785
OVCA344	0.478601022094725	0.00117105749991483	0.479845834090785
OVCA345	0.47867477659087	0.00117105749991483	0.479845834090785
OVCA346	0.47867477659087	0.00117105749991483	0.479845834090785
OVCA347	0.478600202600323	0.00117105749991483	0.479845834090785
OVCA348	0	0	0
OVCA349	0.474135597100298	0.00571023699048745	0.479845834090785
OVCA35	0.47867477659087	0.00117105749991483	0.479845834090785
OVCA351	0.47867477659087	0.00117105749991483	0.479845834090785
OVCA352	0	0	0
OVCA353	0.47867477659087	0.00117105749991483	0.479845834090785
OVCA354	0	0	0
OVCA356	0.47867477659087	0.00117105749991483	0.479845834090785
OVCA357	0	0	0
OVCA358	0.478670679118862	0.00117105749991483	0.479845834090785
OVCA359	0	0	0
OVCA360	0	0	0
OVCA361	0	0	0
OVCA363	0.478641177320404	0.00117105749991483	0.479845834090785
OVCA364	0.47867477659087	0.00117105749991483	0.479845834090785
OVCA365	0.478672318107665	0.00117105749991483	0.479845834090785
OVCA366	0.47867477659087	0.00117105749991483	0.479845834090785
OVCA367	0.47867477659087	0.00117105749991483	0.479845834090785
OVCA368	0.478663303669248	0.00118253042153751	0.479845834090785
OVCA37	0.478635440859593	0.00117105749991483	0.479845834090785
OVCA371	0.47867477659087	0.00117105749991483	0.479845834090785
OVCA372	0.478663303669248	0.00118253042153751	0.479845834090785
OVCA373	0.478661664680444	0.00118416941034075	0.479845834090785
OVCA375	0.478122437364179	0.00118416941034075	0.479845834090785
OVCA376	0.478519892148964	0.00118253042153751	0.479845834090785
OVCA377	0.463768173425404	0.00118334991593913	0.479845834090785
OVCA38	0	0	0
OVCA380	0.47867477659087	0.00117105749991483	0.479845834090785
OVCA383	0.478526448104177	0.00117105749991483	0.479845834090785
OVCA384	0.385451551945796	0.00118334991593913	0.479845834090785
OVCA385	0	0	0
OVCA386	0.47867477659087	0.00117105749991483	0.479845834090785
OVCA387	0.478650191758822	0.00117105749991483	0.479845834090785
OVCA388	0.478526448104177	0.00117105749991483	0.479845834090785
OVCA390	0	0	0
OVCA391	0	0	0
OVCA392	0.47867477659087	0.00117105749991483	0.479845834090785
OVCA394	0.478157675623448	0.00118334991593913	0.479845834090785
OVCA395	0.478663303669248	0.00118253042153751	0.479845834090785
OVCA396	0.478663303669248	0.00118253042153751	0.479845834090785
OVCA398	0.47867477659087	0.00117105749991483	0.479845834090785
OVCA4	0.473010431286874	0.00117105749991483	0.479845834090785
OVCA40	0.478242083546815	0.00117105749991483	0.479845834090785
OVCA400	0.47867477659087	0.00117105749991483	0.479845834090785
OVCA402	0	0	0
OVCA403	0.47867477659087	0.00117105749991483	0.479845834090785
OVCA405	0.478651011253223	0.00118334991593913	0.479845834090785
OVCA406	0.478651011253223	0.00117105749991483	0.479845834090785
OVCA407	0	0	0
OVCA408	0.478662484174846	0.00118334991593913	0.479845834090785
OVCA409	0.47867477659087	0.00117105749991483	0.479845834090785
OVCA411	0	0	0
OVCA412	0.47865920619724	0.00118416941034075	0.479845834090785
OVCA414	0.478673137602067	0.00117105749991483	0.479845834090785
OVCA415	0.00203480459922221	0.00118334991593913	0.00321815451516134
OVCA416	0.478661664680444	0.00118416941034075	0.479845834090785
OVCA417	0.478645274792412	0.00117105749991483	0.479845834090785
OVCA418	0.478661664680444	0.00118416941034075	0.479845834090785
OVCA42	0	0	0
OVCA420	0.433305108033988	0.00118498890474237	0.479845834090785
OVCA421	0.47867477659087	0.00117105749991483	0.479845834090785
OVCA422	0.478662484174846	0.00118334991593913	0.479845834090785
OVCA423	0.47867477659087	0.00117105749991483	0.479845834090785
OVCA424	0.47867477659087	0.00117105749991483	0.479845834090785
OVCA425	0.478662484174846	0.00118334991593913	0.479845834090785
OVCA426	0.478662484174846	0.00118334991593913	0.479845834090785
OVCA427	0.47377747804679	0.00606835604399534	0.479845834090785
OVCA43	0.467897704054495	0.00118253042153751	0.474444644829037
OVCA44	0.0346908370093735	0.00117105749991483	0.0358618945092884
OVCA45	0.47867477659087	0.00117105749991483	0.479845834090785
OVCA5	0.47867477659087	0.00117105749991483	0.479845834090785
OVCA52	0.47867477659087	0.00117105749991483	0.479845834090785
OVCA53	0.47867477659087	0.00117105749991483	0.479845834090785
OVCA57	0.40320681599062	0.00117105749991483	0.477818503280506
OVCA6	0.463738671626946	0.00117105749991483	0.479845834090785
OVCA62	0.47867477659087	0.00117105749991483	0.479845834090785
OVCA67	0.478658386702838	0.00117105749991483	0.479845834090785
OVCA68	0.00459162713227629	0.00117105749991483	0.00576268463219112
OVCA69	0.47867477659087	0.00117105749991483	0.479845834090785
OVCA7-02	0.47867477659087	0.00117105749991483	0.479845834090785
OVCA72	0.476387567715949	0.00345826637483597	0.479845834090785
OVCA75	0.473324297642694	0.00118334991593913	0.479845834090785
OVCA76	0.354344462294034	0.00117105749991483	0.355714656933543
OVCA79	0.352312935672418	0.00117105749991483	0.353483993172333
OVCA8	0.475198481339199	0.00117105749991483	0.479845834090785
OVCA80	0.462704469692102	0.00117105749991483	0.479845834090785
OVCA81	0.478582993217889	0.00117105749991483	0.479845834090785
OVCA82	0.00289035675451338	0.00117105749991483	0.00406141425442821
OVCA88	0.355061519895452	0.00117105749991483	0.356232577395366
OVCA89	0.409424320015711	0.00117105749991483	0.442281128554259
OVCA9	0.47867477659087	0.00117105749991483	0.479845834090785
OVCA90	0.47867477659087	0.00117105749991483	0.479845834090785
OVCA91	0	0	0
OVCA94	0.47867477659087	0.00117105749991483	0.479845834090785
OVCA96	0	0	0
GSM692781_JB0715	0.0385829601103151	0.0010469942424536	0.0396299543527687
GSM692784_JB0718	0.478798839848332	0.0010469942424536	0.479845834090785
GSM692785_JB0721	0	0	0
GSM692786_JB0722	0	0	0
