Sample	Percent	Start	End
P-0000067-T02-IM5	0	0	0
P-0000334-T01-IM3	0	0	0
P-0000666-T01-IM3	0	0	0
P-0001036-T01-IM3	0	0	0
P-0001140-T01-IM3	0	0	0
P-0001285-T01-IM3	0	0	0
P-0001392-T01-IM3	0	0	0
P-0001421-T01-IM3	0	0	0
P-0001457-T01-IM3	0	0	0
P-0001561-T01-IM3	0	0	0
P-0001575-T01-IM3	0	0	0
P-0001801-T01-IM3	0	0	0
P-0001965-T01-IM3	0	0	0
P-0001985-T01-IM3	0	0	0
P-0001992-T01-IM3	0	0	0
P-0002010-T02-IM5	0	0	0
P-0002110-T02-IM6	0	0	0
P-0002242-T02-IM3	0	0	0
P-0002302-T01-IM3	0	0	0
P-0002310-T01-IM3	0	0	0
P-0002536-T01-IM3	0	0	0
P-0002771-T01-IM3	0	0	0
P-0003191-T01-IM5	0	0	0
P-0003194-T01-IM5	0	0	0
P-0003744-T01-IM5	0	0	0
P-0003763-T01-IM5	0	0	0
P-0003818-T01-IM5	0	0	0
P-0003829-T01-IM5	0	0	0
P-0004155-T01-IM5	0	0	0
P-0004175-T01-IM5	0	0	0
P-0004308-T02-IM6	0	0	0
P-0004360-T01-IM5	0	0	0
P-0004568-T01-IM5	0	0	0
P-0004794-T01-IM5	0	0	0
P-0004829-T01-IM5	0	0	0
P-0005946-T01-IM5	0	0	0
P-0006217-T01-IM5	0	0	0
P-0006340-T01-IM5	0	0	0
P-0006656-T01-IM5	0	0	0
P-0007134-T01-IM5	0	0	0
P-0007535-T01-IM5	0	0	0
P-0007738-T01-IM5	0	0	0
P-0008052-T01-IM5	0	0	0
P-0008474-T01-IM5	0	0	0
P-0009060-T01-IM5	0	0	0
P-0009394-T02-IM6	0	0	0
P-0009479-T01-IM5	0	0	0
P-0009601-T01-IM5	0	0	0
P-0009750-T01-IM5	0	0	0
P-0009840-T01-IM5	0	0	0
P-0009979-T02-IM6	0	0	0
P-0010011-T01-IM5	0	0	0
P-0010214-T01-IM5	0	0	0
P-0010573-T01-IM5	0	0	0
P-0010633-T01-IM5	0	0	0
P-0011426-T01-IM5	0	0	0
P-0011589-T01-IM5	0	0	0
P-0012367-T01-IM5	0	0	0
P-0012808-T01-IM5	0	0	0
P-0013279-T01-IM5	0	0	0
P-0013630-T01-IM5	0	0	0
P-0013699-T01-IM5	0	0	0
P-0014175-T01-IM5	0	0	0
P-0014401-T01-IM6	0	0	0
P-0014561-T01-IM6	0	0	0
P-0014631-T01-IM6	0	0	0
P-0014723-T01-IM6	0	0	0
P-0015076-T01-IM6	0	0	0
P-0015095-T01-IM6	0	0	0
P-0015457-T01-IM6	0	0	0
P-0015651-T03-IM6	0	0	0
P-0015810-T01-IM6	0	0	0
P-0016322-T01-IM6	0	0	0
P-0017005-T01-IM6	0	0	0
P-0017470-T01-IM6	0	0	0
P-0017563-T01-IM5	0	0	0
P-0017787-T01-IM6	0	0	0
P-0018024-T01-IM6	0	0	0
P-0018212-T01-IM6	0	0	0
P-0018550-T01-IM6	0	0	0
P-0018647-T01-IM6	0	0	0
P-0018757-T01-IM6	0	0	0
P-0018996-T01-IM6	0	0	0
P-0019008-T01-IM6	0	0	0
P-0019338-T01-IM6	0	0	0
P-0019391-T01-IM6	0	0	0
P-0019454-T01-IM6	0	0	0
P-0019814-T01-IM6	0	0	0
P-0019841-T01-IM6	0	0	0
P-0019908-T01-IM6	0	0	0
P-0019934-T01-IM6	0	0	0
P-0019953-T01-IM6	0	0	0
P-0019991-T01-IM6	0	0	0
P-0020298-T01-IM6	0	0	0
P-0020315-T01-IM6	0	0	0
P-0020323-T01-IM6	0	0	0
P-0020432-T01-IM6	0	0	0
P-0020515-T01-IM6	0	0	0
P-0020549-T01-IM6	0	0	0
P-0020552-T01-IM6	0	0	0
P-0020687-T01-IM6	0	0	0
P-0020688-T01-IM6	0	0	0
P-0020767-T01-IM6	0	0	0
P-0020970-T01-IM6	0	0	0
P-0021030-T01-IM6	0	0	0
P-0021303-T01-IM6	0	0	0
P-0021368-T01-IM6	0	0	0
P-0021389-T01-IM6	0	0	0
P-0021409-T01-IM6	0	0	0
P-0021534-T01-IM6	0	0	0
P-0021559-T01-IM6	0	0	0
P-0021632-T01-IM6	0	0	0
P-0021742-T01-IM6	0	0	0
P-0021762-T02-IM6	0	0	0
P-0021785-T01-IM6	0	0	0
P-0021891-T01-IM6	0	0	0
P-0021905-T02-IM6	0	0	0
P-0021912-T01-IM6	0	0	0
P-0021924-T01-IM6	0	0	0
P-0022003-T01-IM6	0	0	0
P-0022016-T01-IM6	0	0	0
P-0022046-T01-IM6	0	0	0
P-0022058-T01-IM6	0	0	0
P-0022079-T01-IM6	0	0	0
P-0022126-T01-IM6	0	0	0
P-0022130-T01-IM6	0	0	0
P-0022131-T01-IM6	0	0	0
P-0022185-T01-IM6	0	0	0
P-0022191-T01-IM6	0	0	0
P-0022358-T01-IM6	0	0	0
P-0022397-T01-IM6	0	0	0
P-0022522-T01-IM6	0	0	0
P-0022535-T01-IM6	0	0	0
P-0022610-T01-IM6	0	0	0
P-0023069-T01-IM6	0	0	0
P-0023372-T01-IM6	0	0	0
P-0023507-T01-IM6	0	0	0
P-0023547-T01-IM6	0	0	0
P-0023632-T01-IM6	0	0	0
P-0023747-T01-IM6	0	0	0
P-0023996-T01-IM6	0	0	0
P-0024118-T01-IM6	0	0	0
P-0024149-T01-IM6	0	0	0
P-0024213-T01-IM6	0	0	0
P-0024318-T01-IM6	0	0	0
P-0024405-T01-IM6	0	0	0
P-0024406-T01-IM6	0	0	0
P-0024448-T01-IM6	0	0	0
P-0024661-T01-IM6	0	0	0
P-0024723-T01-IM6	0	0	0
P-0024726-T01-IM6	0	0	0
P-0024740-T01-IM6	0	0	0
P-0024971-T01-IM6	0	0	0
P-0025136-T01-IM6	0	0	0
P-0025279-T01-IM6	0	0	0
P-0025454-T01-IM6	0	0	0
P-0025545-T01-IM6	0	0	0
P-0025645-T01-IM6	0	0	0
P-0025761-T01-IM6	0	0	0
P-0025802-T02-IM6	0	0	0
P-0025946-T01-IM6	0	0	0
P-0025949-T01-IM6	0	0	0
P-0025993-T01-IM6	0	0	0
P-0026190-T01-IM6	0	0	0
P-0026232-T01-IM6	0	0	0
P-0026490-T01-IM6	0	0	0
P-0026504-T01-IM6	0	0	0
P-0026514-T01-IM6	0	0	0
P-0026707-T01-IM6	0	0	0
P-0026882-T01-IM6	0	0	0
P-0027035-T01-IM6	0	0	0
P-0027075-T01-IM6	0	0	0
P-0027103-T01-IM6	0	0	0
P-0027163-T01-IM6	0	0	0
P-0027239-T01-IM6	0	0	0
P-0027714-T01-IM6	0	0	0
P-0027886-T01-IM6	0	0	0
P-0027978-T01-IM6	0	0	0
P-0027999-T01-IM6	0	0	0
P-0028328-T01-IM6	0	0	0
P-0028330-T01-IM6	0	0	0
P-0028432-T01-IM6	0	0	0
P-0028695-T01-IM6	0	0	0
P-0028702-T01-IM6	0	0	0
P-0028778-T01-IM6	0	0	0
P-0029129-T01-IM6	0	0	0
P-0029223-T01-IM6	0	0	0
P-0029267-T03-IM6	0	0	0
P-0029292-T01-IM6	0	0	0
P-0029325-T01-IM6	0	0	0
P-0029393-T01-IM6	0	0	0
P-0029395-T01-IM6	0	0	0
P-0029463-T01-IM6	0	0	0
P-0029464-T01-IM6	0	0	0
P-0029474-T01-IM6	0	0	0
P-0029537-T01-IM6	0	0	0
P-0029548-T01-IM6	0	0	0
P-0029835-T01-IM6	0	0	0
P-0029946-T01-IM6	0	0	0
P-0030023-T01-IM6	0	0	0
P-0030052-T01-IM6	0	0	0
P-0030380-T01-IM6	0	0	0
P-0030505-T01-IM6	0	0	0
P-0030697-T01-IM6	0	0	0
P-0030779-T01-IM6	0	0	0
P-0030836-T01-IM6	0	0	0
P-0030935-T01-IM6	0	0	0
P-0030958-T01-IM6	0	0	0
P-0030962-T01-IM6	0	0	0
P-0031210-T01-IM6	0	0	0
P-0031382-T01-IM6	0	0	0
P-0031385-T01-IM6	0	0	0
P-0031498-T01-IM6	0	0	0
P-0031648-T01-IM6	0	0	0
P-0031749-T01-IM6	0	0	0
P-0031946-T01-IM6	0	0	0
P-0032130-T02-IM6	0	0	0
P-0032339-T01-IM6	0	0	0
P-0032819-T01-IM6	0	0	0
P-0032956-T01-IM6	0	0	0
P-0033218-T02-IM6	0	0	0
P-0033335-T01-IM6	0	0	0
P-0033692-T01-IM6	0	0	0
P-0033693-T01-IM6	0	0	0
P-0033726-T01-IM6	0	0	0
P-0033879-T01-IM6	0	0	0
P-0034011-T01-IM6	0	0	0
P-0034038-T01-IM6	0	0	0
P-0034383-T01-IM6	0	0	0
P-0034415-T01-IM6	0	0	0
P-0034484-T01-IM6	0	0	0
P-0034814-T01-IM6	0	0	0
P-0034907-T01-IM6	0	0	0
P-0035101-T01-IM6	0	0	0
P-0035382-T01-IM6	0	0	0
P-0035898-T01-IM6	0	0	0
P-0036063-T01-IM6	0	0	0
P-0036348-T01-IM6	0	0	0
P-0036409-T01-IM6	0	0	0
P-0036457-T01-IM6	0	0	0
P-0036488-T01-IM6	0	0	0
P-0036673-T01-IM6	0	0	0
P-0036705-T01-IM6	0	0	0
P-0036717-T01-IM6	0	0	0
P-0036727-T01-IM6	0	0	0
P-0036770-T01-IM6	0	0	0
P-0036779-T01-IM6	0	0	0
P-0036784-T01-IM6	0	0	0
P-0036814-T01-IM6	0	0	0
P-0036828-T01-IM6	0	0	0
P-0036869-T01-IM6	0	0	0
P-0036872-T01-IM6	0	0	0
P-0036886-T01-IM6	0	0	0
P-0036895-T01-IM6	0	0	0
P-0036961-T01-IM6	0	0	0
P-0037025-T01-IM6	0	0	0
P-0037049-T01-IM6	0	0	0
P-0037070-T01-IM6	0	0	0
P-0037096-T01-IM6	0	0	0
P-0037100-T01-IM6	0	0	0
P-0037128-T01-IM6	0	0	0
P-0037160-T01-IM6	0	0	0
P-0037167-T01-IM6	0	0	0
P-0037196-T01-IM6	0	0	0
P-0037263-T01-IM6	0	0	0
P-0037342-T01-IM6	0	0	0
P-0037373-T01-IM6	0	0	0
P-0037375-T01-IM6	0	0	0
P-0037702-T01-IM6	0	0	0
P-0037794-T01-IM6	0	0	0
P-0037810-T01-IM6	0	0	0
P-0037899-T01-IM6	0	0	0
P-0037905-T01-IM6	0	0	0
P-0037974-T01-IM6	0	0	0
P-0038047-T01-IM6	0	0	0
P-0038093-T01-IM6	0	0	0
P-0038096-T01-IM6	0	0	0
P-0038097-T01-IM6	0	0	0
P-0038154-T01-IM6	0	0	0
P-0038306-T01-IM6	0	0	0
P-0038387-T01-IM6	0	0	0
P-0038481-T01-IM6	0	0	0
P-0038534-T01-IM6	0	0	0
P-0038543-T01-IM6	0	0	0
P-0038554-T01-IM6	0	0	0
P-0038583-T01-IM6	0	0	0
P-0038663-T01-IM6	0	0	0
P-0038779-T01-IM6	0	0	0
P-0038997-T01-IM6	0	0	0
P-0039001-T01-IM6	0	0	0
P-0039012-T01-IM6	0	0	0
P-0039104-T02-IM6	0	0	0
P-0039120-T01-IM6	0	0	0
P-0039132-T01-IM6	0	0	0
P-0039148-T01-IM6	0	0	0
P-0039227-T01-IM6	0	0	0
P-0039242-T01-IM6	0	0	0
P-0039273-T01-IM6	0	0	0
P-0039289-T01-IM6	0	0	0
P-0039297-T01-IM6	0	0	0
P-0039301-T01-IM6	0	0	0
P-0039377-T01-IM6	0	0	0
P-0039422-T01-IM6	0	0	0
P-0039500-T01-IM6	0	0	0
P-0039563-T01-IM6	0	0	0
P-0039685-T01-IM6	0	0	0
P-0039726-T01-IM6	0	0	0
P-0039749-T01-IM6	0	0	0
P-0039797-T01-IM6	0	0	0
P-0039798-T01-IM6	0	0	0
P-0039804-T01-IM6	0	0	0
P-0039811-T01-IM6	0	0	0
P-0039814-T01-IM6	0	0	0
P-0039816-T01-IM6	0	0	0
P-0039871-T01-IM6	0	0	0
P-0039927-T01-IM6	0	0	0
P-0039932-T01-IM6	0	0	0
P-0040043-T01-IM6	0	0	0
P-0040044-T01-IM6	0	0	0
P-0040118-T01-IM6	0	0	0
P-0040143-T01-IM6	0	0	0
P-0040154-T01-IM6	0	0	0
P-0040212-T01-IM6	0	0	0
P-0040343-T01-IM6	0	0	0
P-0040386-T01-IM6	0	0	0
P-0040410-T01-IM6	0	0	0
P-0040504-T01-IM6	0	0	0
P-0040593-T01-IM6	0	0	0
P-0040803-T01-IM6	0	0	0
P-0041026-T01-IM6	0	0	0
P-0041163-T01-IM6	0	0	0
P-0041191-T01-IM6	0	0	0
P-0041235-T01-IM6	0	0	0
P-0041236-T01-IM6	0	0	0
P-0041279-T01-IM6	0	0	0
P-0041338-T01-IM6	0	0	0
P-0041541-T01-IM6	0	0	0
P-0041614-T01-IM6	0	0	0
P-0041618-T01-IM6	0	0	0
P-0041721-T01-IM6	0	0	0
P-0041962-T02-IM6	0	0	0
P-0041985-T01-IM6	0	0	0
P-0042116-T01-IM6	0	0	0
P-0042164-T01-IM6	0	0	0
P-0042407-T01-IM6	0	0	0
P-0042516-T01-IM6	0	0	0
P-0042757-T01-IM6	0	0	0
P-0042764-T02-IM6	0	0	0
P-0042788-T01-IM6	0	0	0
P-0042831-T01-IM6	0	0	0
P-0042866-T01-IM6	0	0	0
P-0043201-T01-IM6	0	0	0
P-0043290-T01-IM6	0	0	0
P-0043571-T01-IM6	0	0	0
P-0043587-T01-IM6	0	0	0
P-0043617-T01-IM6	0	0	0
P-0043789-T01-IM6	0	0	0
P-0043933-T01-IM6	0	0	0
P-0043950-T01-IM6	0	0	0
P-0044065-T01-IM6	0	0	0
P-0044224-T01-IM6	0	0	0
P-0044338-T01-IM6	0	0	0
P-0044345-T01-IM6	0	0	0
P-0044349-T01-IM6	0	0	0
P-0044402-T01-IM6	0	0	0
P-0044451-T01-IM6	0	0	0
P-0044555-T01-IM6	0	0	0
P-0044700-T01-IM6	0	0	0
P-0044770-T01-IM6	0	0	0
P-0044817-T01-IM6	0	0	0
P-0045161-T01-IM6	0	0	0
P-0045312-T01-IM6	0	0	0
P-0045473-T01-IM6	0	0	0
P-0045578-T01-IM6	0	0	0
P-0045641-T01-IM6	0	0	0
P-0045749-T01-IM6	0	0	0
P-0045890-T01-IM6	0	0	0
P-0045947-T01-IM6	0	0	0
P-0045987-T01-IM6	0	0	0
P-0046098-T01-IM6	0	0	0
P-0046249-T01-IM6	0	0	0
P-0046282-T01-IM6	0	0	0
P-0046401-T01-IM6	0	0	0
P-0046443-T01-IM6	0	0	0
P-0046489-T01-IM6	0	0	0
P-0046496-T01-IM6	0	0	0
P-0046578-T01-IM6	0	0	0
P-0046676-T01-IM6	0	0	0
P-0046745-T01-IM6	0	0	0
P-0046802-T01-IM6	0	0	0
P-0046884-T01-IM6	0	0	0
P-0047075-T01-IM6	0	0	0
P-0047089-T01-IM6	0	0	0
P-0047149-T01-IM6	0	0	0
P-0047214-T01-IM6	0	0	0
P-0047259-T01-IM6	0	0	0
P-0047352-T01-IM6	0	0	0
P-0047432-T01-IM6	0	0	0
P-0047947-T01-IM6	0	0	0
P-0048171-T01-IM6	0	0	0
P-0048239-T01-IM6	0	0	0
P-0048455-T01-IM6	0	0	0
P-0048463-T01-IM6	0	0	0
P-0048524-T01-IM6	0	0	0
P-0048593-T01-IM6	0	0	0
P-0048755-T01-IM6	0	0	0
P-0048851-T01-IM6	0	0	0
P-0049127-T01-IM6	0	0	0
P-0049292-T01-IM6	0	0	0
P-0049417-T01-IM6	0	0	0
P-0049532-T01-IM6	0	0	0
P-0049541-T01-IM6	0	0	0
P-0049560-T01-IM6	0	0	0
P-0049687-T01-IM6	0	0	0
P-0049759-T01-IM6	0	0	0
P-0049848-T01-IM6	0	0	0
P-0049921-T01-IM6	0	0	0
P-0050114-T01-IM6	0	0	0
P-0050454-T01-IM6	0	0	0
P-0050523-T01-IM6	0	0	0
P-0000067-T01-IM3	0	0	0
P-0001265-T01-IM3	0	0	0
P-0001747-T02-IM5	0	0	0
P-0002136-T01-IM3	0	0	0
P-0002242-T01-IM3	0	0	0
P-0002257-T01-IM3	0	0	0
P-0002660-T01-IM3	0	0	0
P-0004262-T01-IM5	0	0	0
P-0004524-T01-IM5	0	0	0
P-0006380-T01-IM5	0	0	0
P-0007150-T01-IM5	0	0	0
P-0007221-T01-IM5	0	0	0
P-0008873-T01-IM5	0	0	0
P-0009061-T01-IM5	0	0	0
P-0009394-T01-IM5	0	0	0
P-0010250-T01-IM5	0	0	0
P-0010348-T01-IM5	0	0	0
TCGA-72-4233-01	0	0	0
TCGA-72-4234-01	0	0	0
TCGA-72-4238-01	1.63206932031028	0.584483968349848	1.400548048354
TCGA-72-4232-01	0.122426653386705	0.49030295962288	0.612729613009585
TCGA-72-4237-01	1.81614617695331	0.49030295962288	1.400548048354
TCGA-72-4236-01	0.618161631650723	1.09146152475014	1.400548048354
TCGA-72-4235-01	0.169747620063285	0.616547916054829	0.786295536118114
TCGA-72-4241-01	3.96635290384031e-06	0.68741489909168	0.687418865444584
TCGA-72-4231-01	0	0	0
TCGA-72-4240-01	0	0	0
TCGA-09-1669-01	0	0	0
TCGA-25-1635-01	0	0	0
TCGA-04-1519-01	0.909440623856831	0.49030295962288	1.400548048354
TCGA-25-1632-01	0.200332183694685	1.19991354497962	1.400548048354
TCGA-09-1667-01	0	0	0
TCGA-09-1665-01	0	0	0
TCGA-24-1557-01	0.377219910970292	0.738151608578595	1.400548048354
TCGA-36-1577-01	0	0	0
TCGA-36-1580-01	0	0	0
TCGA-57-1585-01	1.08009362133503e-05	0.892335194287659	0.892345995223872
TCGA-24-1567-01	0.502785768781507	0.897757674013961	1.400548048354
TCGA-36-1575-01	0	0	0
TCGA-24-1558-01	3.25339277443099e-06	0.572804157170536	0.572807410563311
TCGA-04-1525-01	0	0	0
TCGA-09-1662-01	0.769487017565592	0.630840086902792	1.400548048354
TCGA-25-1628-01	0	0	0
TCGA-24-1544-01	0	0	0
TCGA-09-1666-01	5.05628045799477e-06	0.521665436509962	0.52167049279042
TCGA-36-1574-01	0.69767864033488	0.702398780579218	1.400548048354
TCGA-36-1581-01	0	0	0
TCGA-57-1582-01	0.465191077944825	0.669493343242878	1.400548048354
TCGA-57-1583-01	0.856689695470062	0.543788941708126	1.400548048354
TCGA-25-1630-01	0.0482922232464354	0.552328704383694	0.60062092763013
TCGA-36-1571-01	0.0274829576100377	0.49030295962288	0.517785917232917
TCGA-24-1546-01	0.0160363417576511	0.888823709946381	0.904860051704032
TCGA-09-1659-01	0	0	0
TCGA-25-1627-01	0	0	0
TCGA-36-1570-01	0.000266278315918353	0.544333208914962	0.54459948723088
TCGA-09-1668-01	0.518892095361056	0.881651347434412	1.400548048354
TCGA-04-1517-01	0	0	0
TCGA-36-1569-01	0.269899432220679	1.10912219455618	1.400548048354
TCGA-09-1661-01	0.889895944616405	0.510598017107093	1.400548048354
TCGA-36-1578-01	0	0	0
TCGA-36-1568-01	0	0	0
TCGA-24-1545-01	0.00115461844221834	0.541424921622941	0.542579540065159
TCGA-57-1584-01	0.876761604628714	0.520766803533978	1.400548048354
TCGA-24-1556-01	3.83195582197464e-05	0.594366038270438	0.594404357828658
TCGA-25-1634-01	0	0	0
TCGA-25-1625-01	2.62238208518367e-07	0.731674431362464	0.731674693600672
TCGA-24-1548-01	0	0	0
TCGA-61-1730-01	0	0	0
TCGA-61-1740-01	0.841650104753101	0.49030295962288	1.400548048354
TCGA-61-1738-01	0	0	0
TCGA-29-1775-01	0.688179864335816	0.711720971924622	1.400548048354
TCGA-61-1907-01	0	0	0
TCGA-04-1638-01	1.6430862752479e-05	0.650274642485528	0.650291073348281
TCGA-24-1846-01	0.23773830067461	1.16280974767939	1.400548048354
TCGA-04-1651-01	0.723415607757659	0.62633272018489	1.400548048354
TCGA-24-1842-01	0.609389575092071	0.510652775723009	1.400548048354
TCGA-24-1849-01	0	0	0
TCGA-61-1733-01	0.807679504983423	0.576025466739144	1.400548048354
TCGA-29-1774-01	0	0	0
TCGA-61-1722-01	0	0	0
TCGA-61-1737-01	0.685096598599161	0.715404689404287	1.400548048354
TCGA-30-1855-01	0.000637517474796183	0.88276752339425	0.883405040869046
TCGA-04-1649-01	0	0	0
TCGA-61-1900-01	0.256300979773575	1.01908395129289	1.400548048354
TCGA-61-1906-01	0.75246496335684	0.647852987359078	1.400548048354
TCGA-61-1895-01	0.355612900313693	1.04453091603682	1.400548048354
TCGA-61-1904-01	0.906394653310394	0.49030295962288	1.400548048354
TCGA-61-1899-01	0.813497103935467	0.585528323820328	1.400548048354
TCGA-61-1915-01	0	0	0
TCGA-24-1844-01	0	0	0
TCGA-24-1845-01	0.704411680093085	0.69564610573515	1.400548048354
TCGA-61-1727-01	0	0	0
TCGA-04-1646-01	0.907549927348134	0.49030295962288	1.400548048354
TCGA-30-1856-01	0	0	0
TCGA-61-1725-01	0.728728750540897	0.671255985556378	1.400548048354
TCGA-61-1903-01	0.845446396178717	0.554814230903808	1.400548048354
TCGA-61-1901-01	0.319009428930491	1.08153861942351	1.400548048354
TCGA-29-1776-01	7.17959045259193e-05	0.906339566896717	0.906411362801243
TCGA-61-1913-01	0.742734794918535	0.655831601243137	1.400548048354
TCGA-29-1777-01	0.00192450884770818	0.53487230994714	0.536796818794848
TCGA-23-1111-01	0	0	0
TCGA-29-1769-01	0	0	0
TCGA-61-1914-01	0.1152360571243	0.49030295962288	0.605539016747179
TCGA-61-1741-01	0	0	0
TCGA-04-1652-01	0	0	0
TCGA-61-1911-01	0	0	0
TCGA-30-1857-01	0.724533348951804	0.676014699402201	1.400548048354
TCGA-24-1850-01	0	0	0
TCGA-61-1910-01	0.853108300061383	0.515804289625416	1.400548048354
TCGA-13-1494-01	0	0	0
TCGA-24-1418-01	0	0	0
TCGA-13-1482-01	0.692433851579681	0.70793189204974	1.400548048354
TCGA-13-1511-01	1.96678656388775e-07	0.672571765767619	0.672571962446276
TCGA-24-1426-01	0.90495882536426	0.49030295962288	1.400548048354
TCGA-13-1507-01	0	0	0
TCGA-13-1492-01	0	0	0
TCGA-24-1419-01	0	0	0
TCGA-24-1435-01	0	0	0
TCGA-24-1422-01	0	0	0
TCGA-13-1485-01	0	0	0
TCGA-13-1512-01	0.910002116835989	0.49030295962288	1.400548048354
TCGA-24-1467-01	0.879734591003743	0.49030295962288	1.400548048354
TCGA-13-1504-01	0	0	0
TCGA-24-1464-01	0	0	0
TCGA-24-1430-01	0.309086523603869	1.09146152475014	1.400548048354
TCGA-24-1436-01	0	0	0
TCGA-13-1489-02	0.203843971248891	1.18783864735434	1.400548048354
TCGA-13-1501-01	0.0145718724821803	0.709540789018552	0.724112661500732
TCGA-13-1510-01	0.000164226678084628	0.592123147652756	0.592287374330841
TCGA-24-1417-01	6.64528010273575e-05	0.563164919831034	0.563231372632062
TCGA-13-1487-01	0	0	0
TCGA-24-1416-01	0.910173915642344	0.49030295962288	1.400548048354
TCGA-13-1484-01	0	0	0
TCGA-13-1509-01	0	0	0
TCGA-24-1434-01	0	0	0
TCGA-24-1427-01	0	0	0
TCGA-13-1491-01	0.902653890825432	0.49030295962288	1.400548048354
TCGA-24-1428-01	1.55703936307781e-07	0.541866489791366	0.541866645495302
TCGA-13-1505-01	0	0	0
TCGA-13-1483-01	0.829921492682173	0.55074390055029	1.400548048354
TCGA-13-1481-01	0	0	0
TCGA-13-1495-01	0	0	0
TCGA-13-1499-01	0	0	0
TCGA-13-1497-01	0.0382472214489154	0.837295909733806	0.875543131182722
TCGA-13-1496-01	0	0	0
TCGA-13-1488-01	0	0	0
TCGA-13-1498-01	0	0	0
TCGA-24-1423-01	0.254161509349378	1.14589834160475	1.400548048354
TCGA-24-1466-01	1.9397432486343e-05	0.590543703312738	0.590563100745224
TCGA-24-1463-01	0.00032288079423824	0.680080211128637	0.680403091922876
TCGA-13-1506-01	0.908562420876279	0.49030295962288	1.400548048354
TCGA-24-1424-01	0	0	0
TCGA-13-1489-01	6.54776026894298e-06	0.531856365675579	0.531862913435848
TCGA-13-0723-01	0	0	0
TCGA-13-0800-01	0.511351001343078	0.881757127771773	1.400548048354
TCGA-13-0802-01	0.869065896601982	0.529531951754824	1.400548048354
TCGA-13-0727-01	0	0	0
TCGA-13-0755-01	0.63781604938647	0.762712773628873	1.400548048354
TCGA-13-0761-01	0.299274209046745	1.10126709486833	1.400548048354
TCGA-13-0791-01	0	0	0
TCGA-13-0792-01	1.73732813143418e-06	0.908378796765708	0.90838053409384
TCGA-13-0805-01	0	0	0
TCGA-09-0364-01	0.0111403462096692	0.583728148663234	0.594868494872903
TCGA-09-0365-01	0.887109106394704	0.511399941548742	1.400548048354
TCGA-13-0714-01	0.295551147640857	1.1045789913481	1.400548048354
TCGA-13-0804-01	0	0	0
TCGA-13-0768-01	0	0	0
TCGA-13-0793-01	6.3920563326352e-06	0.61141578319502	0.611422175251353
TCGA-09-0367-01	0.863433151002112	0.536713951520957	1.400548048354
TCGA-13-0751-01	0	0	0
TCGA-13-0797-01	0	0	0
TCGA-13-0725-01	0.187344467645333	1.10383746364385	1.400548048354
TCGA-13-0795-01	0	0	0
TCGA-13-0764-01	0	0	0
TCGA-13-0720-01	4.57195926663741e-05	0.780762342698152	0.780808062290818
TCGA-09-0366-01	0	0	0
TCGA-13-0724-01	0	0	0
TCGA-13-0801-01	0	0	0
TCGA-13-0717-01	0.859984685780319	0.525386768782662	1.400548048354
TCGA-13-0760-01	1.06534272210587e-07	0.730227450097524	0.730227556631796
TCGA-13-0762-01	0.813238700960748	0.576332195298726	1.400548048354
TCGA-13-0791-02	0	0	0
TCGA-09-0369-01	0	0	0
TCGA-13-0758-01	0.0219264659642381	0.609195313944167	0.631121779908405
TCGA-13-0803-01	0.75361595143886	0.621495515165281	1.400548048354
TCGA-13-0757-01	0	0	0
TCGA-13-0799-01	0.652406139229198	0.744068333573459	1.400548048354
TCGA-13-0730-01	0	0	0
TCGA-13-0726-01	0.91013121998402	0.49030295962288	1.400548048354
TCGA-13-0766-01	0	0	0
TCGA-13-1407-01	0.846691322903994	0.553800565498668	1.400548048354
TCGA-04-1350-01	0.910245088731125	0.49030295962288	1.400548048354
TCGA-04-1351-01	0.890539534544717	0.510008513809288	1.400548048354
TCGA-13-1403-01	0	0	0
TCGA-04-1356-01	0	0	0
TCGA-25-1320-01	0.89053001201977	0.510008513809288	1.400548048354
TCGA-13-0900-01	0.907780238054765	0.49030295962288	1.400548048354
TCGA-13-0905-01	0.30189773842409	1.0824719006228	1.400548048354
TCGA-25-1317-01	0.746476688305771	0.629733531807229	1.400548048354
TCGA-25-1315-01	0	0	0
TCGA-04-1357-01	0.265156829634793	1.00676287754937	1.400548048354
TCGA-04-1362-01	0.499710247266947	0.678586871065397	1.400548048354
TCGA-04-1367-01	0.910123246303492	0.49030295962288	1.400548048354
TCGA-04-1365-01	5.44144282675612e-06	0.560055823630841	0.560061265073667
TCGA-25-1318-01	0.735446580483008	0.49030295962288	1.400548048354
TCGA-25-1321-01	0.861168175010307	0.539362770495536	1.400548048354
TCGA-13-1405-01	0.910245088731125	0.49030295962288	1.400548048354
TCGA-25-1319-01	0	0	0
TCGA-04-1348-01	0.84352629621089	0.527189607296562	1.400548048354
TCGA-25-1329-01	0.910203909137444	0.49030295962288	1.400548048354
TCGA-13-1408-01	0	0	0
TCGA-13-1412-01	0.11868229332132	1.22250086761921	1.400548048354
TCGA-13-0901-01	0	0	0
TCGA-13-0908-01	0.340147721569139	1.02038022753737	1.400548048354
TCGA-04-1349-01	0.864559701761075	0.535871445716539	1.400548048354
TCGA-24-1413-01	0.849334044840226	0.541909119890138	1.400548048354
TCGA-13-1409-01	1.55703936307781e-07	0.541866489791366	0.541866645495302
TCGA-25-1323-01	9.54629028447019e-05	0.565351527573213	0.565446990476057
TCGA-13-0884-01	0.120975713963805	1.27955491193922	1.400548048354
TCGA-25-1322-01	0.812553890464034	0.49030295962288	1.400548048354
TCGA-04-1364-01	0	0	0
TCGA-13-1410-01	0.00584151179868294	0.531891005703935	0.537732517502618
TCGA-13-0893-01	0	0	0
TCGA-04-1360-01	0.889690735023295	0.510684244308032	1.400548048354
TCGA-25-1313-01	0	0	0
TCGA-13-1404-01	0.680129929853984	0.720412021461673	1.400548048354
TCGA-25-1316-01	0.910237795230951	0.49030295962288	1.400548048354
TCGA-04-1361-01	0.312134075774501	1.08836209858388	1.400548048354
TCGA-04-1371-01	0.00499390873908748	1.33755591482008	1.34254982355917
TCGA-25-1314-01	0	0	0
TCGA-24-2267-01	0	0	0
TCGA-24-2295-01	0.870480958559979	0.49030295962288	1.400548048354
TCGA-09-2050-01	0	0	0
TCGA-09-2044-01	0.424236918978367	0.741553313449831	1.400548048354
TCGA-24-2297-01	0.66465075414505	0.731831856237015	1.400548048354
TCGA-59-2352-01	0	0	0
TCGA-59-2351-01	0	0	0
TCGA-25-2392-01	0	0	0
TCGA-09-2045-01	0.699610975354124	0.542994638564412	1.400548048354
TCGA-24-2280-01	0	0	0
TCGA-09-2043-01	0	0	0
TCGA-25-2397-01	0	0	0
TCGA-25-2391-01	2.16346522027653e-06	0.542994638564412	0.542996802029632
TCGA-25-2409-01	0.890470336437444	0.510028460303023	1.400548048354
TCGA-29-2427-01	0.491303422973209	0.557076207546103	1.400548048354
TCGA-29-2414-01	0	0	0
TCGA-09-2055-01	0.771710797573828	0.628806708223829	1.400548048354
TCGA-24-2271-01	0.910233787903327	0.49030295962288	1.400548048354
TCGA-09-2051-01	0.152008868830653	0.81473110680037	0.966739975631023
TCGA-25-2399-01	0	0	0
TCGA-24-2298-01	0	0	0
TCGA-25-2404-01	1.11697086940792e-05	0.906795590946387	0.906806760655081
TCGA-29-2428-01	0.903005445728782	0.49030295962288	1.400548048354
TCGA-24-2289-01	7.27219331997497e-05	0.944684537637858	0.944757259571057
TCGA-13-2060-01	0	0	0
TCGA-25-2408-01	0	0	0
TCGA-59-2355-01	0.735902604532678	0.537153602072482	1.400548048354
TCGA-59-2363-01	0	0	0
TCGA-24-2290-01	0	0	0
TCGA-25-2396-01	0	0	0
TCGA-24-2288-01	0	0	0
TCGA-25-2398-01	0.792130680445296	0.562562173503699	1.400548048354
TCGA-09-2049-01	0	0	0
TCGA-59-2348-01	0.613234036398614	0.785371965927488	1.400548048354
TCGA-24-2262-01	0	0	0
TCGA-09-2048-01	0	0	0
TCGA-29-2425-01	0.469423807503912	0.931124240850093	1.400548048354
TCGA-59-2354-01	0	0	0
TCGA-25-2401-01	0.635628646734722	0.517192332852992	1.400548048354
TCGA-25-2400-01	0	0	0
TCGA-59-2350-01	0.910245088731125	0.49030295962288	1.400548048354
TCGA-25-2393-01	0	0	0
TCGA-29-1707-02	0.85238282625246	0.548165222101544	1.400548048354
TCGA-13-1819-01	8.57191144094413e-06	0.543429363954583	0.543437935866024
TCGA-13-1817-02	0.810793862337675	0.58975418601633	1.400548048354
TCGA-61-1916-02	0	0	0
TCGA-24-1852-02	0	0	0
TCGA-61-2095-02	0	0	0
TCGA-29-1710-02	0	0	0
TCGA-13-1817-01	0	0	0
TCGA-29-1692-01	2.16756269228463e-05	0.665064434918987	0.66508611054591
TCGA-29-1704-01	0.753778145770828	0.643229883446835	1.400548048354
TCGA-13-1819-02	0	0	0
TCGA-29-1704-02	1.51399261696187	0.643435060260169	1.400548048354
TCGA-29-1692-02	0.000338508552477131	0.610484018060378	0.610822526612855
TCGA-13-0913-02	0.000888840017884974	0.726443574012092	0.727332414029977
TCGA-24-1852-01	0	0	0
TCGA-29-1705-02	1.08582492752658	0.857576724405319	1.400548048354
TCGA-29-2414-02	0	0	0
TCGA-23-2643-01	0	0	0
TCGA-36-2543-01	0	0	0
TCGA-04-1353-01	2.16346522027653e-06	0.542994638564412	0.542996802029632
TCGA-36-2538-01	0.748526948569408	0.608848077776312	1.400548048354
TCGA-36-2534-01	0	0	0
TCGA-13-2059-01	0	0	0
TCGA-36-2542-01	4.08108212006709e-06	0.700799651983673	0.700803733065794
TCGA-36-2529-01	0	0	0
TCGA-23-2641-01	0.254559767238677	1.14596801501878	1.400548048354
TCGA-13-2057-01	0	0	0
TCGA-13-2071-01	0.0491472017556455	0.528995527109412	0.578142728865057
TCGA-04-1369-01	0	0	0
TCGA-36-2547-01	0	0	0
TCGA-36-2530-01	5.16281473020536e-07	1.10383746364385	1.10383797992532
TCGA-13-2065-01	4.69570292128202e-06	0.660555502966779	0.6605601986697
TCGA-04-1644-01	0	0	0
TCGA-29-2429-01	0	0	0
TCGA-36-2552-01	0.00017620768623631	0.760448502402254	0.76062471008849
TCGA-29-2431-01	0	0	0
TCGA-36-2537-01	0.0135475372599315	0.634343015722516	0.647890552982448
TCGA-04-1516-01	0	0	0
TCGA-61-2613-01	0.724664328742015	0.651274351901009	1.400548048354
TCGA-13-2066-01	0	0	0
TCGA-23-2647-01	0	0	0
TCGA-36-2549-01	0	0	0
TCGA-36-2544-01	0.00689906932397342	0.607341806091415	0.614240875415388
TCGA-36-2548-01	0.910225019313229	0.49030295962288	1.400548048354
TCGA-13-2061-01	0	0	0
TCGA-36-2532-01	0.000152180110380815	0.515891500219637	0.516043680330018
TCGA-36-2540-01	0	0	0
TCGA-61-2611-02	0	0	0
TCGA-42-2590-01	4.27939976525911e-05	0.57000220747207	0.570045001469722
TCGA-29-2434-01	6.89194791762334e-06	0.510747689564605	0.510754581512523
TCGA-42-2589-01	0.826267252416134	0.572345355034845	1.400548048354
TCGA-36-2539-01	4.11386189613189e-06	0.838699285701636	0.838703399563532
TCGA-23-2649-01	0	0	0
TCGA-61-2612-01	6.27732711640842e-06	0.852411279098085	0.852417556425201
TCGA-42-2582-01	4.7940422494764e-06	0.87804560484706	0.87805039888931
TCGA-36-2551-01	0	0	0
TCGA-42-2588-01	0.613515057418818	0.758109304802494	1.400548048354
TCGA-42-2591-01	0.709345315018934	0.689892394566657	1.400548048354
TCGA-42-2587-01	0	0	0
TCGA-61-2614-01	0.689212730494786	0.711246525640804	1.400548048354
TCGA-42-2593-01	0	0	0
TCGA-23-2645-01	0	0	0
TCGA-29-2436-01	0	0	0
TCGA-61-2610-02	0	0	0
TCGA-29-2432-01	0.865077351789746	0.522100137315301	1.400548048354
TCGA-36-2533-01	0.224579974085784	1.17596807426822	1.400548048354
TCGA-59-2372-01	0.745042245305176	0.556167847171571	1.400548048354
TCGA-36-2545-01	0.63521012274887	0.671637820777869	1.400548048354
TCGA-29-A5NZ-01	0	0	0
TCGA-3P-A9WA-01	0	0	0
TCGA-13-A5FT-01	0.0310980752133437	0.576862932652991	0.607961007866335
TCGA-OY-A56Q-01	0	0	0
TCGA-OY-A56P-01	0.820455111296805	0.572669055323485	1.400548048354
TCGA-5X-AA5U-01	0.700914569683613	0.599216527294298	1.4001799314688
TCGA-VG-A8LO-01	0	0	0
TCGA-59-A5PD-01	0	0	0
TCGA-13-0910-01	0.910120681286015	0.49030295962288	1.400548048354
TCGA-24-0980-01	0.609040216433716	0.791497039179019	1.400548048354
TCGA-13-0897-01	0.583156223520343	0.695576186472804	1.400548048354
TCGA-10-0937-01	0.462764522241852	0.893739733937539	1.400548048354
TCGA-13-0903-01	0	0	0
TCGA-13-0924-01	3.24847580802127e-05	0.928021077789367	0.928053562547447
TCGA-13-0891-01	3.43040356518089e-05	0.699710511144145	0.699744815179796
TCGA-13-0886-01	0	0	0
TCGA-13-0807-01	0	0	0
TCGA-10-0935-01	0.899727140324542	0.49030295962288	1.400548048354
TCGA-10-0928-01	0.609675103331483	0.513002823428647	1.400548048354
TCGA-24-0966-01	0.691886757117159	0.70625562444617	1.400548048354
TCGA-13-0888-01	0	0	0
TCGA-13-0904-01	0	0	0
TCGA-13-0916-01	0.259233917457197	1.14130981216131	1.400548048354
TCGA-13-0923-01	0	0	0
TCGA-10-0933-01	0	0	0
TCGA-13-0921-01	0.908866109111631	0.49030295962288	1.400548048354
TCGA-13-0887-01	5.49061249085332e-06	0.650465937063699	0.65047142767619
TCGA-10-0938-01	0	0	0
TCGA-10-0927-01	0.874091855767117	0.510028460303023	1.400548048354
TCGA-13-0906-01	2.74530624542666e-06	0.598596194617103	0.598598939923349
TCGA-13-0889-01	0.483454264619774	0.917071788504491	1.400548048354
TCGA-13-0885-01	0	0	0
TCGA-13-0883-01	0.675749838811597	0.724085888618631	1.400548048354
TCGA-13-0890-01	0	0	0
TCGA-10-0936-01	0	0	0
TCGA-10-0930-01	0	0	0
TCGA-13-0920-01	0	0	0
TCGA-13-0912-01	0	0	0
TCGA-13-0913-01	0.000781207623176216	0.726501331977518	0.727282539600694
TCGA-10-0934-01	0	0	0
TCGA-10-0931-01	0.128094833924502	1.2724532144295	1.400548048354
TCGA-10-0926-01	0.90581988452193	0.49030295962288	1.400548048354
TCGA-13-0919-01	0.693087931036334	0.566942412055077	1.400548048354
TCGA-13-0911-01	0	0	0
TCGA-61-1728-01	0	0	0
TCGA-57-1994-01	0	0	0
TCGA-30-1860-01	0	0	0
TCGA-31-1956-01	0.699449813585101	0.701098234768904	1.400548048354
TCGA-31-1944-01	0	0	0
TCGA-24-1930-01	0	0	0
TCGA-30-1862-01	0	0	0
TCGA-30-1859-01	0.535079896074015	0.856167947969383	1.400548048354
TCGA-04-1654-01	0.000110844812763107	0.76991926808267	0.770030112895434
TCGA-57-1993-01	0	0	0
TCGA-24-1924-01	0	0	0
TCGA-25-1871-01	0	0	0
TCGA-31-1950-01	0	0	0
TCGA-25-1878-01	0	0	0
TCGA-30-1861-01	4.0483023440023e-06	0.834348999670637	0.834353047972981
TCGA-31-1946-01	0.595881332588697	0.688874025263652	1.400548048354
TCGA-30-1867-01	0	0	0
TCGA-24-1928-01	0	0	0
TCGA-25-1877-01	0	0	0
TCGA-24-2023-01	0	0	0
TCGA-61-1743-01	0	0	0
TCGA-30-1887-01	0	0	0
TCGA-25-1870-01	0	0	0
TCGA-61-1917-01	0	0	0
TCGA-61-1918-01	0	0	0
TCGA-30-1853-01	0.91007953447211	0.49030295962288	1.400548048354
TCGA-61-1724-01	0	0	0
TCGA-24-2026-01	0	0	0
TCGA-30-1892-01	0.000113762212832874	0.702770003348208	0.702883765561041
TCGA-31-1953-01	0.441768297152669	0.944129190866712	1.400548048354
TCGA-10-0925-01	0.845546276156387	0.554814230903808	1.400548048354
TCGA-57-1992-01	0	0	0
TCGA-30-1866-01	0	0	0
TCGA-31-1951-01	0.859956069035815	0.512457867846513	1.400548048354
TCGA-24-1927-01	0.624046101345938	0.772285066470707	1.400548048354
TCGA-61-1919-01	0	0	0
TCGA-24-2027-01	0	0	0
TCGA-30-1880-01	0.909269693714541	0.49030295962288	1.400548048354
TCGA-24-2029-01	0	0	0
TCGA-31-1955-01	0.265178447897107	1.13535720970155	1.400548048354
TCGA-29-1784-01	2.16346522027653e-06	0.619077752637238	0.619079916102458
TCGA-20-1685-01	0.0598267708481158	1.34072127750589	1.400548048354
TCGA-30-1714-01	0	0	0
TCGA-20-1686-01	5.16281473020536e-07	1.10383746364385	1.10383797992532
TCGA-29-1688-01	0.880338533792905	0.519969599380082	1.400548048354
TCGA-20-1684-01	0	0	0
TCGA-24-1847-01	0	0	0
TCGA-29-1711-01	0	0	0
TCGA-29-1768-01	0.82005082192871	0.580448745136495	1.400548048354
TCGA-29-1697-01	0	0	0
TCGA-29-1701-01	0	0	0
TCGA-20-1682-01	6.32977475811209e-05	0.552267225913685	0.552330523661266
TCGA-29-1690-01	0	0	0
TCGA-29-1699-01	0	0	0
TCGA-29-1695-01	0	0	0
TCGA-29-1770-02	1.99137139593635e-06	0.55862512571966	0.558627117091057
TCGA-29-1764-01	0	0	0
TCGA-20-1683-01	0	0	0
TCGA-29-1763-01	0	0	0
TCGA-29-1702-01	0	0	0
TCGA-09-1675-01	0.496193321482843	0.900680728595099	1.400548048354
TCGA-30-1718-01	0	0	0
TCGA-29-1766-01	0	0	0
TCGA-57-1586-01	0	0	0
TCGA-29-1710-01	0	0	0
TCGA-29-1703-01	0	0	0
TCGA-29-1698-01	0	0	0
TCGA-20-1687-01	1.28660621054324e-06	0.619456055837857	0.619457342444068
TCGA-29-1691-01	0	0	0
TCGA-29-1707-01	0.852144214067541	0.548173244951736	1.400548048354
TCGA-29-1761-01	0	0	0
TCGA-09-1672-01	0.91020839177182	0.49030295962288	1.400548048354
TCGA-29-1705-01	1.15876508389054e-05	0.557076207546103	0.557087795196942
TCGA-09-1674-01	0	0	0
TCGA-29-1781-01	0.00011698282583124	0.535837379334264	0.535954362160095
TCGA-04-1655-01	0.0859666344985066	0.510685637448514	0.596652271947021
TCGA-29-1771-01	0.66976050661275	0.730689931763078	1.400548048354
TCGA-29-1770-01	1.3013571097724e-05	1.01809236306693	1.01810537663803
TCGA-29-1762-01	0.848075768551147	0.552421667828614	1.400548048354
TCGA-23-1809-01	1.66111515208353e-05	0.860079624206747	0.860096235358268
TCGA-29-1785-01	0.450821194442756	0.852133757318976	1.400548048354
TCGA-29-1696-01	0.565100016546412	0.835134624368638	1.400548048354
TCGA-29-1694-01	0.909234176827175	0.49030295962288	1.400548048354
TCGA-23-1114-01	0	0	0
TCGA-09-1670-01	0.910170236112481	0.49030295962288	1.400548048354
TCGA-29-1693-01	3.5213674437607e-05	0.582421628738731	0.582456842413169
TCGA-24-1425-01	0.593944744393509	0.59823333069101	1.400548048354
TCGA-24-1471-01	0	0	0
TCGA-24-1474-01	0	0	0
TCGA-24-1562-01	0.815994922871604	0.584483968349848	1.400548048354
TCGA-24-1552-01	0	0	0
TCGA-24-1563-01	9.67003393911479e-07	0.520300978331265	0.520301945334659
TCGA-24-1603-01	0.510581668193781	0.691270939854118	1.400548048354
TCGA-04-1514-01	0	0	0
TCGA-24-1551-01	5.16281473020536e-07	1.10383746364385	1.10383797992532
TCGA-24-1555-01	0	0	0
TCGA-24-1614-01	0	0	0
TCGA-24-1549-01	0	0	0
TCGA-24-1550-01	2.16346522027653e-06	0.542994638564412	0.542996802029632
TCGA-04-1542-01	0.475631657884951	0.802837964838429	1.400548048354
TCGA-24-1470-01	0	0	0
TCGA-24-1616-01	0.0737184056123435	0.541902604909645	0.615621010521988
TCGA-04-1530-01	0	0	0
TCGA-24-1553-01	0	0	0
TCGA-24-1564-01	0	0	0
TCGA-24-0968-01	0	0	0
TCGA-04-1337-01	0.702461012984077	0.60447407557733	1.400548048354
TCGA-23-1120-01	0.728149097565799	0.672271437459314	1.400548048354
TCGA-20-0991-01	0	0	0
TCGA-20-0987-01	0	0	0
TCGA-04-1332-01	0	0	0
TCGA-23-1027-01	0.717143697499245	0.68340435085476	1.400548048354
TCGA-23-1028-01	0	0	0
TCGA-20-0996-01	0	0	0
TCGA-23-1031-01	0	0	0
TCGA-23-1021-01	0.910110199952618	0.49030295962288	1.400548048354
TCGA-23-1116-01	0	0	0
TCGA-24-0979-01	0	0	0
TCGA-23-1032-01	0	0	0
TCGA-04-1342-01	0	0	0
TCGA-23-1022-01	0	0	0
TCGA-04-1336-01	0	0	0
TCGA-24-0970-01	0.820420667947105	0.49030295962288	1.400548048354
TCGA-04-1335-01	0.46386196455967	0.936613116012815	1.400548048354
TCGA-24-0981-01	0	0	0
TCGA-24-1104-01	0.580835685808108	0.49030295962288	1.400548048354
TCGA-23-1119-01	2.86577192246478e-05	1.05214348635651	1.05217214407574
TCGA-24-0975-01	0	0	0
TCGA-23-1023-01	0	0	0
TCGA-23-1122-01	0.209915908483422	1.18960742768091	1.400548048354
TCGA-20-0990-01	0	0	0
TCGA-04-1347-01	0	0	0
TCGA-04-1346-01	0	0	0
TCGA-23-1124-01	2.16346522027653e-06	0.542994638564412	0.542996802029632
TCGA-23-1121-01	0	0	0
TCGA-23-1026-01	0.31763063779471	1.08237456927272	1.400548048354
TCGA-23-1110-01	8.04989350711226e-05	0.620146020954357	0.620226519889428
TCGA-24-1103-01	2.62238208518367e-07	0.576139327291305	0.576139589529513
TCGA-23-1030-01	0.830175060639922	0.559019376281336	1.400548048354
TCGA-04-1341-01	0	0	0
TCGA-04-1338-01	0	0	0
TCGA-23-1109-01	0.869093849556021	0.531413764944208	1.400548048354
TCGA-23-1123-01	0	0	0
TCGA-04-1331-01	0.403349784983927	0.816401851011673	1.400548048354
TCGA-24-1105-01	0.0014151357124933	0.510028460303023	0.511443596015517
TCGA-23-1024-01	0.888422354368244	0.51000853839412	1.400548048354
TCGA-04-1343-01	3.76967424745153e-07	0.60447407557733	0.604474452544755
TCGA-23-1118-01	0.696417053288418	0.702836193911027	1.400548048354
TCGA-23-1113-01	0.910093416707273	0.49030295962288	1.400548048354
TCGA-23-1117-01	0.0077476475819068	0.744561128336929	0.752308775918836
TCGA-61-2098-01	0	0	0
TCGA-09-2053-01	0.857247467944636	0.541339120559091	1.400548048354
TCGA-61-2101-01	0.368544579335864	1.0319751063169	1.400548048354
TCGA-24-2019-01	0	0	0
TCGA-61-2109-01	0.00151967861330795	1.24726522630637	1.24878490491968
TCGA-23-2078-01	0.900266621684073	0.49030295962288	1.400548048354
TCGA-23-2081-01	0.000125587517048249	0.527275646013788	0.527401233530836
TCGA-61-2102-01	0	0	0
TCGA-61-2012-01	0	0	0
TCGA-61-2104-01	0.577029724348553	0.668512047866602	1.400548048354
TCGA-24-2024-01	0	0	0
TCGA-61-1995-01	0.910076912090025	0.49030295962288	1.400548048354
TCGA-24-2035-01	0	0	0
TCGA-61-2088-01	0	0	0
TCGA-61-1734-01	0	0	0
TCGA-24-2260-01	0	0	0
TCGA-23-2072-01	0	0	0
TCGA-61-2096-01	0.679654213353843	0.709619558820436	1.400548048354
TCGA-09-2054-01	0	0	0
TCGA-61-2018-01	0	0	0
TCGA-23-2079-01	0.0691330803920156	1.33141496796199	1.400548048354
TCGA-61-2008-02	1.82583352680913e-05	0.703859775198426	0.703878033533694
TCGA-61-2009-01	0	0	0
TCGA-61-1998-01	0.88570343584255	0.514844612511455	1.400548048354
TCGA-23-2084-01	0.89036187635339	0.510028460303023	1.400548048354
TCGA-24-2254-01	0	0	0
TCGA-61-2113-01	0	0	0
TCGA-61-2110-01	0.909557393614118	0.49030295962288	1.400548048354
TCGA-61-2000-01	0	0	0
TCGA-24-2036-01	0.609007510412148	0.780762342698152	1.400548048354
TCGA-24-2261-01	0	0	0
TCGA-61-2003-01	0.551398537263136	0.737616257470849	1.400548048354
TCGA-61-2008-01	0.70166307128522	0.698704237578507	1.400548048354
TCGA-23-2077-01	0	0	0
TCGA-61-1736-01	0.910232189889244	0.49030295962288	1.400548048354
TCGA-61-2097-01	0.843386285592373	0.557161762761632	1.400548048354
TCGA-61-2016-01	0	0	0
TCGA-09-2056-01	0.910218086390592	0.49030295962288	1.400548048354
TCGA-61-2087-01	0.000785001882255716	0.707507844671622	0.708292846553877
TCGA-24-2030-01	0	0	0
TCGA-61-2002-01	0.636644426435418	0.763854009727513	1.400548048354
X103	0	0	0
X1172	0	0	0
X1177	0	0	0
X1196	0	0	0
X119	0	0	0
X120	0	0	0
X1265	0	0	0
X1283	0	0	0
X128	0	0	0
X1326	0	0	0
X1341	0	0	0
X1410	0	0	0
X1419	0	0	0
X1471	0	0	0
X1499	0	0	0
X1548	0	0	0
X1582	0	0	0
X1689	0	0	0
X1928	0	0	0
X2212	0	0	0
X2316	0	0	0
X2360	0	0	0
X2401	0	0	0
X2438	0	0	0
X2556	0	0	0
X2716	0	0	0
X2763	0	0	0
X2825	0	0	0
X2949	0	0	0
X300	0	0	0
X3056	0	0	0
X3080	0	0	0
X3151	0	0	0
X3238	0	0	0
X342	0	0	0
X429	0	0	0
X451	0	0	0
X655	0	0	0
X736	0	0	0
X860	0	0	0
X94	0	0	0
X970	0	0	0
OVCA104	0	0	0
OVCA106	0	0	0
OVCA108	0	0	0
OVCA110	0	0	0
OVCA111	0	0	0
OVCA115	0	0	0
OVCA116	0	0	0
OVCA117	0	0	0
OVCA118	0	0	0
OVCA120	0	0	0
OVCA122	0	0	0
OVCA125	0	0	0
OVCA13	0	0	0
OVCA130	0	0	0
OVCA131	0	0	0
OVCA133	0	0	0
OVCA134	0	0	0
OVCA135	0	0	0
OVCA136	0	0	0
OVCA137	0	0	0
OVCA138	0	0	0
OVCA139	0	0	0
OVCA14	0	0	0
OVCA140	0	0	0
OVCA141	0	0	0
OVCA142	0	0	0
OVCA143	0	0	0
OVCA144	0	0	0
OVCA145	0	0	0
OVCA146	0	0	0
OVCA147	0	0	0
OVCA148	0	0	0
OVCA150	0	0	0
OVCA151	0	0	0
OVCA152	0	0	0
OVCA153	0	0	0
OVCA155	0	0	0
OVCA156	0	0	0
OVCA158	0	0	0
OVCA160	0	0	0
OVCA161	0	0	0
OVCA164	0	0	0
OVCA165	0	0	0
OVCA166	0	0	0
OVCA167	0	0	0
OVCA168	0	0	0
OVCA169	0	0	0
OVCA170	0	0	0
OVCA171	0	0	0
OVCA173	0	0	0
OVCA174	0	0	0
OVCA175	0	0	0
OVCA176	0	0	0
OVCA177	0	0	0
OVCA178	0	0	0
OVCA18	0	0	0
OVCA180	0	0	0
OVCA181	0	0	0
OVCA182	0	0	0
OVCA183	0	0	0
OVCA184	0	0	0
OVCA186	0	0	0
OVCA188	0	0	0
OVCA189	0	0	0
OVCA190	0	0	0
OVCA193	0	0	0
OVCA194	0	0	0
OVCA195	0	0	0
OVCA196	0	0	0
OVCA197	0	0	0
OVCA198	0	0	0
OVCA199	0	0	0
OVCA20-02	0	0	0
OVCA200	0	0	0
OVCA201	0	0	0
OVCA202	0	0	0
OVCA203	0	0	0
OVCA204	0	0	0
OVCA205	0	0	0
OVCA206	0	0	0
OVCA207	0	0	0
OVCA208	0	0	0
OVCA210	0	0	0
OVCA211	0	0	0
OVCA212	0	0	0
OVCA215	0	0	0
OVCA216	0	0	0
OVCA217	0	0	0
OVCA219	0	0	0
OVCA221	0	0	0
OVCA222	0	0	0
OVCA223	0	0	0
OVCA224	0	0	0
OVCA225	0	0	0
OVCA227	0	0	0
OVCA228	0	0	0
OVCA229	0	0	0
OVCA230	0	0	0
OVCA232	0	0	0
OVCA233	0	0	0
OVCA235	0	0	0
OVCA236	0	0	0
OVCA237	0	0	0
OVCA239	0	0	0
OVCA24	0	0	0
OVCA240	0	0	0
OVCA241	0	0	0
OVCA242	0	0	0
OVCA244	0	0	0
OVCA246	0	0	0
OVCA247	0	0	0
OVCA248	0	0	0
OVCA249	0	0	0
OVCA250	0	0	0
OVCA252	0	0	0
OVCA253	0	0	0
OVCA254	0	0	0
OVCA255	0	0	0
OVCA256	0	0	0
OVCA257	0	0	0
OVCA258	0	0	0
OVCA259	0	0	0
OVCA26-02	0	0	0
OVCA260	0	0	0
OVCA261	0	0	0
OVCA262	0	0	0
OVCA263	0	0	0
OVCA264	0	0	0
OVCA265	0	0	0
OVCA266	0	0	0
OVCA269R	0	0	0
OVCA270R	0	0	0
OVCA272	0	0	0
OVCA273	0	0	0
OVCA274	0	0	0
OVCA275	0	0	0
OVCA276	0	0	0
OVCA277	0	0	0
OVCA278	0	0	0
OVCA279	0	0	0
OVCA28-02	0	0	0
OVCA280	0	0	0
OVCA281	0	0	0
OVCA282	0	0	0
OVCA285	0	0	0
OVCA286	0	0	0
OVCA288	0	0	0
OVCA289	0	0	0
OVCA291	0	0	0
OVCA292	0	0	0
OVCA293	0	0	0
OVCA294	0	0	0
OVCA295	0	0	0
OVCA296	0	0	0
OVCA297	0	0	0
OVCA298	0	0	0
OVCA299	0	0	0
OVCA30	0	0	0
OVCA300	0	0	0
OVCA301	0	0	0
OVCA302	0	0	0
OVCA303	0	0	0
OVCA304	0	0	0
OVCA305	0	0	0
OVCA306	0	0	0
OVCA308	0	0	0
OVCA309	0	0	0
OVCA31	0	0	0
OVCA310	0	0	0
OVCA311	0	0	0
OVCA312	0	0	0
OVCA313	0	0	0
OVCA314	0	0	0
OVCA315	0	0	0
OVCA316	0	0	0
OVCA317	0	0	0
OVCA318	0	0	0
OVCA319	0	0	0
OVCA32	0	0	0
OVCA321	0	0	0
OVCA322	0	0	0
OVCA324	0	0	0
OVCA325	0	0	0
OVCA328	0	0	0
OVCA329	0	0	0
OVCA33	0	0	0
OVCA330	0	0	0
OVCA331	0	0	0
OVCA334	0	0	0
OVCA335	0	0	0
OVCA336	0	0	0
OVCA338	0	0	0
OVCA339	0	0	0
OVCA34	0	0	0
OVCA340	0	0	0
OVCA341	0	0	0
OVCA343	0	0	0
OVCA344	0	0	0
OVCA345	0	0	0
OVCA346	0	0	0
OVCA347	0	0	0
OVCA348	0	0	0
OVCA349	0	0	0
OVCA350	0	0	0
OVCA351	0	0	0
OVCA352	0	0	0
OVCA353	0	0	0
OVCA354	0	0	0
OVCA355	0	0	0
OVCA356	0	0	0
OVCA357	0	0	0
OVCA358	0	0	0
OVCA359	0	0	0
OVCA360	0	0	0
OVCA361	0	0	0
OVCA363	0	0	0
OVCA364	0	0	0
OVCA365	0	0	0
OVCA366	0	0	0
OVCA369	0	0	0
OVCA371	0	0	0
OVCA372	0	0	0
OVCA373	0	0	0
OVCA375	0	0	0
OVCA377	0	0	0
OVCA379	0	0	0
OVCA38	0	0	0
OVCA380	0	0	0
OVCA381	0	0	0
OVCA383	0	0	0
OVCA384	0	0	0
OVCA385	0	0	0
OVCA386	0	0	0
OVCA388	0	0	0
OVCA389	0	0	0
OVCA390	0	0	0
OVCA392	0	0	0
OVCA394	0	0	0
OVCA395	0	0	0
OVCA397	0	0	0
OVCA398	0	0	0
OVCA399	0	0	0
OVCA400	0	0	0
OVCA405	0	0	0
OVCA406	0	0	0
OVCA407	0	0	0
OVCA408	0	0	0
OVCA409	0	0	0
OVCA41	0	0	0
OVCA411	0	0	0
OVCA412	0	0	0
OVCA414	0	0	0
OVCA415	0	0	0
OVCA417	0	0	0
OVCA418	0	0	0
OVCA420	0	0	0
OVCA424	0	0	0
OVCA425	0	0	0
OVCA427	0	0	0
OVCA46	0	0	0
OVCA52	0	0	0
OVCA53	0	0	0
OVCA55	0	0	0
OVCA57	0	0	0
OVCA60	0	0	0
OVCA63	0	0	0
OVCA65	0	0	0
OVCA67	0	0	0
OVCA71	0	0	0
OVCA72	0	0	0
OVCA73	0	0	0
OVCA77	0	0	0
OVCA78	0	0	0
OVCA79	0	0	0
OVCA80	0	0	0
OVCA81	0	0	0
OVCA87	0	0	0
OVCA88	0	0	0
OVCA89	0	0	0
OVCA9	0	0	0
OVCA91	0	0	0
GSM692783_JB0717	0	0	0
GSM692785_JB0721	0	0	0
