Sample	Percent	Start	End
P-0000067-T02-IM5	0	0	0
P-0000199-T01-IM3	0	0	0
P-0000236-T01-IM3	0	0	0
P-0000334-T01-IM3	0	0	0
P-0000403-T01-IM3	0	0	0
P-0000633-T01-IM3	0	0	0
P-0000666-T01-IM3	0	0	0
P-0000667-T01-IM3	0	0	0
P-0001080-T01-IM3	0	0	0
P-0001105-T01-IM3	0	0	0
P-0001140-T01-IM3	0	0	0
P-0001272-T01-IM3	0	0	0
P-0001284-T01-IM3	0	0	0
P-0001285-T01-IM3	0	0	0
P-0001457-T01-IM3	0	0	0
P-0001561-T01-IM3	0	0	0
P-0001575-T01-IM3	0	0	0
P-0001634-T01-IM3	0	0	0
P-0001677-T01-IM3	0	0	0
P-0001752-T01-IM3	0	0	0
P-0001848-T01-IM3	0	0	0
P-0001992-T01-IM3	0	0	0
P-0002110-T02-IM6	0	0	0
P-0002116-T01-IM3	0	0	0
P-0002205-T01-IM3	0	0	0
P-0002242-T02-IM3	0	0	0
P-0002285-T01-IM3	0	0	0
P-0002497-T01-IM3	0	0	0
P-0002692-T01-IM3	0	0	0
P-0002747-T01-IM3	0	0	0
P-0002771-T01-IM3	0	0	0
P-0002982-T01-IM3	0	0	0
P-0003050-T01-IM5	0	0	0
P-0003102-T01-IM5	0	0	0
P-0003191-T01-IM5	0	0	0
P-0003355-T01-IM5	0	0	0
P-0003539-T01-IM5	0	0	0
P-0003631-T01-IM5	0	0	0
P-0003744-T01-IM5	0	0	0
P-0003748-T01-IM5	0	0	0
P-0003763-T01-IM5	0	0	0
P-0003813-T01-IM5	0	0	0
P-0003873-T01-IM5	0	0	0
P-0004005-T01-IM3	0	0	0
P-0004155-T01-IM5	0	0	0
P-0004167-T01-IM5	0	0	0
P-0004175-T01-IM5	0	0	0
P-0004308-T02-IM6	0	0	0
P-0004340-T01-IM5	0	0	0
P-0004524-T02-IM5	0	0	0
P-0004568-T01-IM5	0	0	0
P-0004631-T01-IM5	0	0	0
P-0004782-T01-IM5	0	0	0
P-0004794-T01-IM5	0	0	0
P-0004821-T01-IM5	0	0	0
P-0004822-T01-IM5	0	0	0
P-0004867-T01-IM5	0	0	0
P-0005516-T01-IM5	0	0	0
P-0005592-T01-IM5	0	0	0
P-0005744-T01-IM5	0	0	0
P-0005745-T01-IM5	0	0	0
P-0005896-T01-IM5	0	0	0
P-0006217-T01-IM5	0	0	0
P-0006340-T01-IM5	0	0	0
P-0006656-T01-IM5	0	0	0
P-0006797-T01-IM5	0	0	0
P-0006892-T01-IM5	0	0	0
P-0006984-T01-IM5	0	0	0
P-0007003-T01-IM5	0	0	0
P-0007064-T01-IM5	0	0	0
P-0007134-T01-IM5	0	0	0
P-0007535-T01-IM5	0	0	0
P-0007855-T01-IM5	0	0	0
P-0007899-T01-IM5	0	0	0
P-0008052-T01-IM5	0	0	0
P-0009060-T01-IM5	0	0	0
P-0009372-T01-IM5	0	0	0
P-0009394-T02-IM6	0	0	0
P-0009598-T01-IM5	0	0	0
P-0009601-T01-IM5	0	0	0
P-0009750-T01-IM5	0	0	0
P-0009840-T01-IM5	0	0	0
P-0010011-T01-IM5	0	0	0
P-0010225-T01-IM5	0	0	0
P-0010357-T01-IM5	0	0	0
P-0010536-T01-IM5	0	0	0
P-0010633-T01-IM5	0	0	0
P-0010690-T01-IM5	0	0	0
P-0010946-T01-IM5	0	0	0
P-0011086-T01-IM5	0	0	0
P-0011426-T01-IM5	0	0	0
P-0011589-T01-IM5	0	0	0
P-0012367-T01-IM5	0	0	0
P-0013054-T01-IM5	0	0	0
P-0013101-T01-IM5	0	0	0
P-0013641-T01-IM5	0	0	0
P-0014032-T01-IM5	0	0	0
P-0014146-T01-IM5	0	0	0
P-0014409-T02-IM6	0	0	0
P-0014697-T01-IM6	0	0	0
P-0014861-T01-IM6	0	0	0
P-0015076-T01-IM6	0	0	0
P-0015525-T01-IM6	0	0	0
P-0016488-T01-IM6	0	0	0
P-0016553-T01-IM6	0	0	0
P-0016865-T01-IM6	0	0	0
P-0017436-T01-IM6	0	0	0
P-0017470-T01-IM6	0	0	0
P-0017516-T01-IM6	0	0	0
P-0018202-T01-IM6	0	0	0
P-0018606-T01-IM6	0	0	0
P-0018647-T01-IM6	0	0	0
P-0018755-T01-IM6	0	0	0
P-0018944-T01-IM6	0	0	0
P-0018997-T01-IM6	0	0	0
P-0019008-T01-IM6	0	0	0
P-0019026-T01-IM6	0	0	0
P-0019391-T01-IM6	0	0	0
P-0019454-T01-IM6	0	0	0
P-0019652-T02-IM6	0	0	0
P-0019664-T02-IM6	0	0	0
P-0019668-T01-IM6	0	0	0
P-0019748-T01-IM6	0	0	0
P-0019934-T01-IM6	0	0	0
P-0019940-T01-IM6	0	0	0
P-0020012-T01-IM6	0	0	0
P-0020050-T01-IM6	0	0	0
P-0020058-T01-IM6	0	0	0
P-0020112-T01-IM6	0	0	0
P-0020115-T01-IM6	0	0	0
P-0020161-T01-IM6	0	0	0
P-0020298-T01-IM6	0	0	0
P-0020313-T01-IM6	0	0	0
P-0020315-T01-IM6	0	0	0
P-0020323-T01-IM6	0	0	0
P-0020385-T01-IM6	0	0	0
P-0020432-T01-IM6	0	0	0
P-0020434-T01-IM6	0	0	0
P-0020501-T01-IM6	0	0	0
P-0020515-T01-IM6	0	0	0
P-0020525-T01-IM6	0	0	0
P-0020568-T01-IM6	0	0	0
P-0020635-T01-IM6	0	0	0
P-0020682-T01-IM6	0	0	0
P-0020687-T01-IM6	0	0	0
P-0020699-T01-IM6	0	0	0
P-0020767-T01-IM6	0	0	0
P-0020799-T01-IM6	0	0	0
P-0020924-T01-IM6	0	0	0
P-0021030-T01-IM6	0	0	0
P-0021045-T02-IM6	0	0	0
P-0021080-T01-IM6	0	0	0
P-0021114-T01-IM6	0	0	0
P-0021303-T01-IM6	0	0	0
P-0021368-T01-IM6	0	0	0
P-0021409-T01-IM6	0	0	0
P-0021524-T01-IM6	0	0	0
P-0021534-T01-IM6	0	0	0
P-0021602-T01-IM6	0	0	0
P-0021632-T01-IM6	0	0	0
P-0021762-T02-IM6	0	0	0
P-0021785-T01-IM6	0	0	0
P-0021787-T01-IM6	0	0	0
P-0021882-T01-IM6	0	0	0
P-0021891-T01-IM6	0	0	0
P-0021905-T02-IM6	0	0	0
P-0022016-T01-IM6	0	0	0
P-0022046-T01-IM6	0	0	0
P-0022058-T01-IM6	0	0	0
P-0022079-T01-IM6	0	0	0
P-0022126-T01-IM6	0	0	0
P-0022130-T01-IM6	0	0	0
P-0022131-T01-IM6	0	0	0
P-0022185-T01-IM6	0	0	0
P-0022191-T01-IM6	0	0	0
P-0022358-T01-IM6	0	0	0
P-0022522-T01-IM6	0	0	0
P-0022535-T01-IM6	0	0	0
P-0022640-T01-IM6	0	0	0
P-0022754-T01-IM6	0	0	0
P-0023037-T01-IM6	0	0	0
P-0023069-T01-IM6	0	0	0
P-0023091-T01-IM6	0	0	0
P-0023287-T01-IM6	0	0	0
P-0023372-T01-IM6	0	0	0
P-0023507-T01-IM6	0	0	0
P-0023547-T01-IM6	0	0	0
P-0023661-T01-IM6	0	0	0
P-0023834-T01-IM6	0	0	0
P-0023840-T01-IM6	0	0	0
P-0023920-T01-IM6	0	0	0
P-0023995-T01-IM6	0	0	0
P-0023996-T01-IM6	0	0	0
P-0024118-T01-IM6	0	0	0
P-0024149-T01-IM6	0	0	0
P-0024213-T01-IM6	0	0	0
P-0024406-T01-IM6	0	0	0
P-0024448-T01-IM6	0	0	0
P-0024723-T01-IM6	0	0	0
P-0024738-T01-IM6	0	0	0
P-0024740-T01-IM6	0	0	0
P-0024831-T01-IM6	0	0	0
P-0024926-T01-IM6	0	0	0
P-0024935-T01-IM6	0	0	0
P-0025000-T01-IM6	0	0	0
P-0025014-T01-IM6	0	0	0
P-0025026-T01-IM6	0	0	0
P-0025136-T01-IM6	0	0	0
P-0025454-T01-IM6	0	0	0
P-0025545-T01-IM6	0	0	0
P-0025761-T01-IM6	0	0	0
P-0025859-T01-IM6	0	0	0
P-0025949-T01-IM6	0	0	0
P-0025993-T01-IM6	0	0	0
P-0026169-T01-IM6	0	0	0
P-0026217-T02-IM6	0	0	0
P-0026232-T01-IM6	0	0	0
P-0026490-T01-IM6	0	0	0
P-0026493-T01-IM6	0	0	0
P-0026504-T01-IM6	0	0	0
P-0026510-T01-IM6	0	0	0
P-0026514-T01-IM6	0	0	0
P-0026533-T01-IM6	0	0	0
P-0026539-T01-IM6	0	0	0
P-0026707-T01-IM6	0	0	0
P-0026969-T01-IM6	0	0	0
P-0027035-T01-IM6	0	0	0
P-0027108-T01-IM6	0	0	0
P-0027163-T01-IM6	0	0	0
P-0027239-T01-IM6	0	0	0
P-0027262-T01-IM6	0	0	0
P-0027714-T01-IM6	0	0	0
P-0027870-T01-IM6	0	0	0
P-0027872-T01-IM6	0	0	0
P-0027886-T01-IM6	0	0	0
P-0027978-T01-IM6	0	0	0
P-0028066-T01-IM6	0	0	0
P-0028250-T01-IM6	0	0	0
P-0028308-T01-IM6	0	0	0
P-0028326-T01-IM6	0	0	0
P-0028328-T01-IM6	0	0	0
P-0028329-T01-IM6	0	0	0
P-0028499-T01-IM6	0	0	0
P-0028549-T01-IM6	0	0	0
P-0028695-T01-IM6	0	0	0
P-0028702-T01-IM6	0	0	0
P-0028778-T01-IM6	0	0	0
P-0028917-T01-IM6	0	0	0
P-0029223-T01-IM6	0	0	0
P-0029325-T01-IM6	0	0	0
P-0029354-T01-IM6	0	0	0
P-0029395-T01-IM6	0	0	0
P-0029537-T01-IM6	0	0	0
P-0029640-T01-IM6	0	0	0
P-0029723-T01-IM6	0	0	0
P-0029830-T01-IM6	0	0	0
P-0029835-T01-IM6	0	0	0
P-0029849-T01-IM6	0	0	0
P-0029946-T01-IM6	0	0	0
P-0029960-T01-IM6	0	0	0
P-0030010-T01-IM6	0	0	0
P-0030026-T01-IM6	0	0	0
P-0030139-T01-IM6	0	0	0
P-0030346-T01-IM6	0	0	0
P-0030380-T01-IM6	0	0	0
P-0030444-T01-IM6	0	0	0
P-0030505-T01-IM6	0	0	0
P-0030569-T01-IM6	0	0	0
P-0030632-T01-IM6	0	0	0
P-0030676-T01-IM6	0	0	0
P-0030779-T01-IM6	0	0	0
P-0030836-T01-IM6	0	0	0
P-0030867-T01-IM6	0	0	0
P-0030958-T01-IM6	0	0	0
P-0030962-T01-IM6	0	0	0
P-0031150-T01-IM6	0	0	0
P-0031382-T01-IM6	0	0	0
P-0031395-T01-IM6	0	0	0
P-0031498-T01-IM6	0	0	0
P-0031648-T01-IM6	0	0	0
P-0031751-T01-IM6	0	0	0
P-0032339-T01-IM6	0	0	0
P-0032375-T01-IM6	0	0	0
P-0032525-T01-IM6	0	0	0
P-0032813-T02-IM6	0	0	0
P-0033318-T02-IM6	0	0	0
P-0033335-T01-IM6	0	0	0
P-0033345-T01-IM6	0	0	0
P-0033523-T01-IM6	0	0	0
P-0033715-T01-IM6	0	0	0
P-0033718-T01-IM6	0	0	0
P-0033726-T01-IM6	0	0	0
P-0033784-T01-IM6	0	0	0
P-0033798-T01-IM6	0	0	0
P-0034011-T01-IM6	0	0	0
P-0034038-T01-IM6	0	0	0
P-0034043-T01-IM6	0	0	0
P-0034086-T01-IM6	0	0	0
P-0034383-T01-IM6	0	0	0
P-0034428-T01-IM6	0	0	0
P-0034470-T01-IM6	0	0	0
P-0034561-T01-IM6	0	0	0
P-0034610-T01-IM6	0	0	0
P-0034814-T01-IM6	0	0	0
P-0034872-T01-IM6	0	0	0
P-0034885-T01-IM6	0	0	0
P-0034976-T01-IM6	0	0	0
P-0035118-T01-IM6	0	0	0
P-0035125-T01-IM6	0	0	0
P-0035378-T01-IM6	0	0	0
P-0035382-T01-IM6	0	0	0
P-0035530-T01-IM6	0	0	0
P-0035584-T01-IM6	0	0	0
P-0035594-T01-IM6	0	0	0
P-0035753-T01-IM6	0	0	0
P-0035757-T01-IM6	0	0	0
P-0035898-T01-IM6	0	0	0
P-0036013-T01-IM6	0	0	0
P-0036015-T01-IM6	0	0	0
P-0036257-T01-IM6	0	0	0
P-0036321-T01-IM6	0	0	0
P-0036325-T01-IM6	0	0	0
P-0036326-T01-IM6	0	0	0
P-0036348-T01-IM6	0	0	0
P-0036409-T01-IM6	0	0	0
P-0036582-T01-IM6	0	0	0
P-0036673-T01-IM6	0	0	0
P-0036717-T01-IM6	0	0	0
P-0036770-T01-IM6	0	0	0
P-0036784-T01-IM6	0	0	0
P-0036814-T01-IM6	0	0	0
P-0036828-T01-IM6	0	0	0
P-0036886-T01-IM6	0	0	0
P-0036961-T01-IM6	0	0	0
P-0036963-T01-IM6	0	0	0
P-0037025-T01-IM6	0	0	0
P-0037027-T01-IM6	0	0	0
P-0037070-T01-IM6	0	0	0
P-0037072-T01-IM6	0	0	0
P-0037087-T01-IM6	0	0	0
P-0037096-T01-IM6	0	0	0
P-0037128-T01-IM6	0	0	0
P-0037160-T01-IM6	0	0	0
P-0037178-T01-IM6	0	0	0
P-0037196-T01-IM6	0	0	0
P-0037263-T01-IM6	0	0	0
P-0037373-T01-IM6	0	0	0
P-0037375-T01-IM6	0	0	0
P-0037425-T01-IM6	0	0	0
P-0037460-T01-IM6	0	0	0
P-0037462-T01-IM6	0	0	0
P-0037478-T01-IM6	0	0	0
P-0037702-T01-IM6	0	0	0
P-0037794-T01-IM6	0	0	0
P-0037810-T01-IM6	0	0	0
P-0037819-T01-IM6	0	0	0
P-0037874-T01-IM6	0	0	0
P-0037891-T01-IM6	0	0	0
P-0037905-T01-IM6	0	0	0
P-0037909-T01-IM6	0	0	0
P-0037974-T01-IM6	0	0	0
P-0038047-T01-IM6	0	0	0
P-0038069-T01-IM6	0	0	0
P-0038086-T01-IM6	0	0	0
P-0038096-T01-IM6	0	0	0
P-0038097-T01-IM6	0	0	0
P-0038147-T01-IM6	0	0	0
P-0038154-T01-IM6	0	0	0
P-0038155-T01-IM6	0	0	0
P-0038238-T01-IM6	0	0	0
P-0038306-T01-IM6	0	0	0
P-0038323-T01-IM6	0	0	0
P-0038387-T01-IM6	0	0	0
P-0038481-T01-IM6	0	0	0
P-0038483-T01-IM6	0	0	0
P-0038499-T01-IM6	0	0	0
P-0038534-T01-IM6	0	0	0
P-0038543-T01-IM6	0	0	0
P-0038583-T01-IM6	0	0	0
P-0038649-T01-IM6	0	0	0
P-0038663-T01-IM6	0	0	0
P-0038744-T01-IM6	0	0	0
P-0038779-T01-IM6	0	0	0
P-0038791-T01-IM6	0	0	0
P-0038809-T01-IM6	0	0	0
P-0038970-T01-IM6	0	0	0
P-0038997-T01-IM6	0	0	0
P-0039001-T01-IM6	0	0	0
P-0039070-T01-IM6	0	0	0
P-0039120-T01-IM6	0	0	0
P-0039148-T01-IM6	0	0	0
P-0039191-T01-IM6	0	0	0
P-0039224-T01-IM6	0	0	0
P-0039227-T01-IM6	0	0	0
P-0039242-T01-IM6	0	0	0
P-0039245-T01-IM6	0	0	0
P-0039273-T01-IM6	0	0	0
P-0039289-T01-IM6	0	0	0
P-0039297-T01-IM6	0	0	0
P-0039301-T01-IM6	0	0	0
P-0039500-T01-IM6	0	0	0
P-0039511-T02-IM6	0	0	0
P-0039563-T01-IM6	0	0	0
P-0039583-T01-IM6	0	0	0
P-0039605-T01-IM6	0	0	0
P-0039749-T01-IM6	0	0	0
P-0039772-T01-IM6	0	0	0
P-0039799-T01-IM6	0	0	0
P-0039804-T01-IM6	0	0	0
P-0039810-T01-IM6	0	0	0
P-0039811-T01-IM6	0	0	0
P-0039932-T01-IM6	0	0	0
P-0039935-T01-IM6	0	0	0
P-0039993-T01-IM6	0	0	0
P-0040038-T01-IM6	0	0	0
P-0040043-T01-IM6	0	0	0
P-0040110-T01-IM6	0	0	0
P-0040119-T01-IM6	0	0	0
P-0040154-T01-IM6	0	0	0
P-0040343-T01-IM6	0	0	0
P-0040365-T01-IM6	0	0	0
P-0040387-T01-IM6	0	0	0
P-0040504-T01-IM6	0	0	0
P-0040521-T01-IM6	0	0	0
P-0040555-T02-IM6	0	0	0
P-0040605-T01-IM6	0	0	0
P-0040615-T01-IM6	0	0	0
P-0040702-T01-IM6	0	0	0
P-0040748-T01-IM6	0	0	0
P-0040800-T01-IM6	0	0	0
P-0040803-T01-IM6	0	0	0
P-0040812-T01-IM6	0	0	0
P-0040860-T01-IM6	0	0	0
P-0041163-T01-IM6	0	0	0
P-0041191-T01-IM6	0	0	0
P-0041235-T01-IM6	0	0	0
P-0041236-T01-IM6	0	0	0
P-0041269-T01-IM6	0	0	0
P-0041279-T01-IM6	0	0	0
P-0041345-T01-IM6	0	0	0
P-0041413-T01-IM6	0	0	0
P-0041464-T01-IM6	0	0	0
P-0041468-T01-IM6	0	0	0
P-0041614-T01-IM6	0	0	0
P-0041721-T01-IM6	0	0	0
P-0041733-T01-IM6	0	0	0
P-0041886-T01-IM6	0	0	0
P-0041952-T01-IM6	0	0	0
P-0041968-T01-IM6	0	0	0
P-0042152-T01-IM6	0	0	0
P-0042164-T01-IM6	0	0	0
P-0042200-T01-IM6	0	0	0
P-0042407-T01-IM6	0	0	0
P-0042500-T01-IM6	0	0	0
P-0042511-T01-IM6	0	0	0
P-0042516-T01-IM6	0	0	0
P-0042548-T01-IM6	0	0	0
P-0042638-T01-IM6	0	0	0
P-0042764-T02-IM6	0	0	0
P-0042788-T01-IM6	0	0	0
P-0042815-T01-IM6	0	0	0
P-0043081-T01-IM6	0	0	0
P-0043135-T01-IM6	0	0	0
P-0043201-T01-IM6	0	0	0
P-0043550-T02-IM6	0	0	0
P-0043571-T01-IM6	0	0	0
P-0043617-T01-IM6	0	0	0
P-0043789-T01-IM6	0	0	0
P-0043833-T01-IM6	0	0	0
P-0043942-T01-IM6	0	0	0
P-0043950-T01-IM6	0	0	0
P-0043955-T01-IM6	0	0	0
P-0044023-T01-IM6	0	0	0
P-0044065-T01-IM6	0	0	0
P-0044084-T01-IM6	0	0	0
P-0044131-T01-IM6	0	0	0
P-0044136-T01-IM6	0	0	0
P-0044146-T01-IM6	0	0	0
P-0044185-T01-IM6	0	0	0
P-0044199-T01-IM6	0	0	0
P-0044224-T01-IM6	0	0	0
P-0044338-T01-IM6	0	0	0
P-0044345-T01-IM6	0	0	0
P-0044349-T01-IM6	0	0	0
P-0044704-T01-IM6	0	0	0
P-0044784-T01-IM6	0	0	0
P-0044905-T01-IM6	0	0	0
P-0044919-T01-IM6	0	0	0
P-0044963-T01-IM6	0	0	0
P-0045231-T02-IM6	0	0	0
P-0045411-T01-IM6	0	0	0
P-0045469-T01-IM6	0	0	0
P-0045473-T01-IM6	0	0	0
P-0045643-T01-IM6	0	0	0
P-0045749-T01-IM6	0	0	0
P-0045841-T01-IM6	0	0	0
P-0045900-T01-IM6	0	0	0
P-0045902-T01-IM6	0	0	0
P-0045944-T01-IM6	0	0	0
P-0045947-T01-IM6	0	0	0
P-0045993-T01-IM6	0	0	0
P-0046054-T01-IM6	0	0	0
P-0046098-T01-IM6	0	0	0
P-0046280-T01-IM6	0	0	0
P-0046282-T01-IM6	0	0	0
P-0046401-T01-IM6	0	0	0
P-0046443-T01-IM6	0	0	0
P-0046478-T01-IM6	0	0	0
P-0046489-T01-IM6	0	0	0
P-0046578-T01-IM6	0	0	0
P-0046676-T01-IM6	0	0	0
P-0046745-T01-IM6	0	0	0
P-0046749-T02-IM6	0	0	0
P-0046857-T01-IM6	0	0	0
P-0046884-T01-IM6	0	0	0
P-0046940-T01-IM6	0	0	0
P-0046996-T01-IM6	0	0	0
P-0047143-T01-IM6	0	0	0
P-0047149-T01-IM6	0	0	0
P-0047214-T01-IM6	0	0	0
P-0047352-T01-IM6	0	0	0
P-0047362-T01-IM6	0	0	0
P-0047466-T01-IM6	0	0	0
P-0047575-T01-IM6	0	0	0
P-0047577-T01-IM6	0	0	0
P-0047695-T01-IM6	0	0	0
P-0047853-T01-IM6	0	0	0
P-0047883-T01-IM6	0	0	0
P-0047903-T01-IM6	0	0	0
P-0047944-T01-IM6	0	0	0
P-0047947-T01-IM6	0	0	0
P-0048254-T01-IM6	0	0	0
P-0048455-T01-IM6	0	0	0
P-0048525-T01-IM6	0	0	0
P-0048559-T01-IM6	0	0	0
P-0048593-T01-IM6	0	0	0
P-0048670-T01-IM6	0	0	0
P-0048755-T01-IM6	0	0	0
P-0048851-T01-IM6	0	0	0
P-0048902-T01-IM6	0	0	0
P-0048923-T01-IM6	0	0	0
P-0049040-T01-IM6	0	0	0
P-0049075-T01-IM6	0	0	0
P-0049292-T01-IM6	0	0	0
P-0049444-T01-IM6	0	0	0
P-0049483-T01-IM6	0	0	0
P-0049519-T01-IM6	0	0	0
P-0049532-T01-IM6	0	0	0
P-0049560-T01-IM6	0	0	0
P-0049687-T01-IM6	0	0	0
P-0049848-T01-IM6	0	0	0
P-0049921-T01-IM6	0	0	0
P-0050114-T01-IM6	0	0	0
P-0050148-T01-IM6	0	0	0
P-0050233-T01-IM6	0	0	0
P-0050400-T01-IM6	0	0	0
P-0050454-T01-IM6	0	0	0
P-0000067-T01-IM3	0	0	0
P-0000141-T01-IM3	0	0	0
P-0000185-T01-IM3	0	0	0
P-0000267-T01-IM3	0	0	0
P-0000376-T02-IM3	0	0	0
P-0001681-T01-IM3	0	0	0
P-0001681-T02-IM3	0	0	0
P-0001700-T01-IM3	0	0	0
P-0001978-T01-IM3	0	0	0
P-0002110-T01-IM3	0	0	0
P-0002136-T01-IM3	0	0	0
P-0002242-T01-IM3	0	0	0
P-0002257-T01-IM3	0	0	0
P-0002373-T01-IM3	0	0	0
P-0002573-T01-IM3	0	0	0
P-0003050-T01-IM3	0	0	0
P-0003708-T01-IM5	0	0	0
P-0004445-T01-IM5	0	0	0
P-0004524-T01-IM5	0	0	0
P-0004722-T01-IM5	0	0	0
P-0005339-T01-IM5	0	0	0
P-0005599-T01-IM5	0	0	0
P-0006531-T01-IM5	0	0	0
P-0006537-T01-IM5	0	0	0
P-0007150-T01-IM5	0	0	0
P-0007204-T01-IM5	0	0	0
P-0007571-T01-IM5	0	0	0
P-0008787-T01-IM5	0	0	0
P-0008873-T01-IM5	0	0	0
P-0009061-T01-IM5	0	0	0
P-0009394-T01-IM5	0	0	0
P-0010051-T01-IM5	0	0	0
P-0010348-T01-IM5	0	0	0
P-0010524-T01-IM5	0	0	0
P-0011557-T01-IM5	0	0	0
P-0012038-T01-IM5	0	0	0
P-0012338-T01-IM5	0	0	0
TCGA-72-4233-01	0	0	0
TCGA-72-4234-01	0	0	0
TCGA-72-4238-01	0	0	0
TCGA-72-4232-01	0	0	0
TCGA-72-4237-01	0	0	0
TCGA-72-4236-01	0	0	0
TCGA-72-4235-01	0	0	0
TCGA-72-4240-01	0	0	0
TCGA-72-4231-01	0	0	0
TCGA-09-1669-01	0	0	0
TCGA-04-1519-01	0	0	0
TCGA-09-1667-01	0	0	0
TCGA-09-1665-01	0	0	0
TCGA-24-1557-01	0	0	0
TCGA-36-1577-01	0	0	0
TCGA-36-1580-01	0	0	0
TCGA-57-1585-01	0	0	0
TCGA-24-1567-01	0	0	0
TCGA-36-1575-01	0	0	0
TCGA-24-1558-01	0	0	0
TCGA-04-1525-01	0	0	0
TCGA-04-1536-01	0	0	0
TCGA-09-1662-01	0	0	0
TCGA-25-1628-01	0	0	0
TCGA-24-1544-01	0	0	0
TCGA-09-1666-01	0	0	0
TCGA-36-1581-01	0	0	0
TCGA-57-1582-01	0	0	0
TCGA-57-1583-01	0	0	0
TCGA-36-1571-01	0	0	0
TCGA-24-1546-01	0	0	0
TCGA-09-1659-01	0	0	0
TCGA-25-1633-01	0	0	0
TCGA-25-1627-01	0	0	0
TCGA-36-1576-01	0	0	0
TCGA-36-1570-01	0	0	0
TCGA-04-1517-01	0	0	0
TCGA-09-1661-01	0	0	0
TCGA-36-1578-01	0	0	0
TCGA-25-1626-01	0	0	0
TCGA-25-1631-01	0	0	0
TCGA-57-1584-01	0	0	0
TCGA-24-1556-01	0	0	0
TCGA-25-1634-01	0	0	0
TCGA-25-1625-01	0	0	0
TCGA-24-1548-01	0	0	0
TCGA-61-1730-01	0	0	0
TCGA-61-1738-01	0	0	0
TCGA-29-1775-01	0	0	0
TCGA-61-1907-01	0	0	0
TCGA-04-1638-01	0	0	0
TCGA-23-1029-01	0	0	0
TCGA-04-1651-01	0	0	0
TCGA-29-1778-01	0	0	0
TCGA-24-1842-01	0	0	0
TCGA-24-1849-01	0	0	0
TCGA-61-1733-01	0	0	0
TCGA-61-1722-01	0	0	0
TCGA-61-1737-01	0	0	0
TCGA-04-1648-01	0	0	0
TCGA-30-1855-01	0	0	0
TCGA-04-1649-01	0	0	0
TCGA-61-1895-01	0	0	0
TCGA-61-1904-01	0	0	0
TCGA-61-1899-01	0	0	0
TCGA-61-1915-01	0	0	0
TCGA-24-1844-01	0	0	0
TCGA-24-1845-01	0	0	0
TCGA-61-1727-01	0	0	0
TCGA-04-1646-01	0	0	0
TCGA-30-1856-01	0	0	0
TCGA-61-1725-01	0	0	0
TCGA-61-1903-01	0	0	0
TCGA-61-1901-01	0	0	0
TCGA-29-1776-01	0	0	0
TCGA-61-1913-01	0	0	0
TCGA-29-1777-01	0	0	0
TCGA-23-1111-01	0	0	0
TCGA-29-1769-01	0	0	0
TCGA-61-1914-01	0	0	0
TCGA-04-1652-01	0	0	0
TCGA-61-1911-01	0	0	0
TCGA-30-1857-01	0	0	0
TCGA-24-1850-01	0	0	0
TCGA-61-1910-01	0	0	0
TCGA-13-1494-01	0	0	0
TCGA-24-1418-01	0	0	0
TCGA-13-1482-01	0	0	0
TCGA-13-1511-01	0	0	0
TCGA-24-1426-01	0	0	0
TCGA-13-1507-01	0	0	0
TCGA-13-1492-01	0	0	0
TCGA-24-1419-01	0	0	0
TCGA-24-1435-01	0	0	0
TCGA-24-1422-01	0	0	0
TCGA-13-1485-01	0	0	0
TCGA-13-1512-01	0	0	0
TCGA-24-1467-01	0	0	0
TCGA-13-1504-01	0	0	0
TCGA-24-1430-01	0	0	0
TCGA-24-1436-01	0	0	0
TCGA-13-1489-02	0	0	0
TCGA-13-1501-01	0	0	0
TCGA-13-1510-01	0	0	0
TCGA-24-1417-01	0	0	0
TCGA-13-1477-01	0	0	0
TCGA-13-1487-01	0	0	0
TCGA-24-1416-01	0	0	0
TCGA-13-1484-01	0	0	0
TCGA-13-1509-01	0	0	0
TCGA-13-1491-01	0	0	0
TCGA-24-1428-01	0	0	0
TCGA-13-1483-01	0	0	0
TCGA-13-1481-01	0	0	0
TCGA-13-1495-01	0	0	0
TCGA-13-1497-01	0	0	0
TCGA-13-1496-01	0	0	0
TCGA-13-1488-01	0	0	0
TCGA-13-1498-01	0	0	0
TCGA-24-1423-01	0	0	0
TCGA-24-1431-01	0	0	0
TCGA-24-1466-01	0	0	0
TCGA-24-1463-01	0	0	0
TCGA-13-1506-01	0	0	0
TCGA-24-1424-01	0	0	0
TCGA-13-1500-01	0	0	0
TCGA-13-1489-01	0	0	0
TCGA-13-0723-01	0	0	0
TCGA-13-0800-01	0	0	0
TCGA-13-0727-01	0	0	0
TCGA-13-0755-01	0	0	0
TCGA-13-0761-01	0	0	0
TCGA-13-0791-01	0	0	0
TCGA-13-0792-01	0	0	0
TCGA-13-0805-01	0	0	0
TCGA-09-0365-01	0	0	0
TCGA-13-0714-01	0	0	0
TCGA-13-0804-01	0	0	0
TCGA-13-0768-01	0	0	0
TCGA-13-0793-01	0	0	0
TCGA-09-0367-01	0	0	0
TCGA-13-0751-01	0	0	0
TCGA-13-0797-01	0	0	0
TCGA-13-0725-01	0	0	0
TCGA-13-0795-01	0	0	0
TCGA-13-0764-01	0	0	0
TCGA-13-0720-01	0	0	0
TCGA-09-0366-01	0	0	0
TCGA-13-0724-01	0	0	0
TCGA-13-0801-01	0	0	0
TCGA-13-0717-01	0	0	0
TCGA-13-0760-01	0	0	0
TCGA-13-0762-01	0	0	0
TCGA-13-0791-02	0	0	0
TCGA-09-0369-01	0	0	0
TCGA-13-0758-01	0	0	0
TCGA-13-0803-01	0	0	0
TCGA-13-0757-01	0	0	0
TCGA-13-0799-01	0	0	0
TCGA-13-0794-01	0	0	0
TCGA-13-0730-01	0	0	0
TCGA-13-0766-01	0	0	0
TCGA-13-1407-01	0	0	0
TCGA-04-1351-01	0	0	0
TCGA-13-1403-01	0	0	0
TCGA-04-1356-01	0	0	0
TCGA-25-1320-01	0	0	0
TCGA-25-1312-01	0	0	0
TCGA-13-0900-01	0	0	0
TCGA-25-1317-01	0	0	0
TCGA-25-1315-01	0	0	0
TCGA-04-1357-01	0	0	0
TCGA-04-1362-01	0	0	0
TCGA-04-1367-01	0	0	0
TCGA-04-1365-01	0	0	0
TCGA-25-1318-01	0	0	0
TCGA-25-1321-01	0	0	0
TCGA-13-1405-01	0	0	0
TCGA-04-1348-01	0	0	0
TCGA-13-1408-01	0	0	0
TCGA-13-1412-01	0	0	0
TCGA-13-0901-01	0	0	0
TCGA-13-0908-01	0	0	0
TCGA-04-1349-01	0	0	0
TCGA-24-1413-01	0	0	0
TCGA-25-1323-01	0	0	0
TCGA-25-1322-01	0	0	0
TCGA-04-1364-01	0	0	0
TCGA-13-1410-01	0	0	0
TCGA-13-0893-01	0	0	0
TCGA-25-1313-01	0	0	0
TCGA-13-1404-01	0	0	0
TCGA-13-1411-01	0	0	0
TCGA-25-1316-01	0	0	0
TCGA-04-1361-01	0	0	0
TCGA-04-1371-01	0	0	0
TCGA-24-2267-01	0	0	0
TCGA-24-2295-01	0	0	0
TCGA-09-2050-01	0	0	0
TCGA-24-2293-01	0	0	0
TCGA-09-2044-01	0	0	0
TCGA-24-2297-01	0	0	0
TCGA-59-2352-01	0	0	0
TCGA-59-2351-01	0	0	0
TCGA-25-2392-01	0	0	0
TCGA-24-2280-01	0	0	0
TCGA-09-2043-01	0	0	0
TCGA-59-2349-01	0	0	0
TCGA-25-2397-01	0	0	0
TCGA-25-2391-01	0	0	0
TCGA-25-2409-01	0	0	0
TCGA-29-2427-01	0	0	0
TCGA-29-2414-01	0	0	0
TCGA-09-2055-01	0	0	0
TCGA-24-2271-01	0	0	0
TCGA-09-2051-01	0	0	0
TCGA-25-2399-01	0	0	0
TCGA-24-2298-01	0	0	0
TCGA-25-2404-01	0	0	0
TCGA-29-2428-01	0	0	0
TCGA-24-2289-01	0	0	0
TCGA-13-2060-01	0	0	0
TCGA-59-2355-01	0	0	0
TCGA-59-2363-01	0	0	0
TCGA-24-2290-01	0	0	0
TCGA-25-2396-01	0	0	0
TCGA-24-2288-01	0	0	0
TCGA-25-2398-01	0	0	0
TCGA-09-2049-01	0	0	0
TCGA-59-2348-01	0	0	0
TCGA-24-2281-01	0	0	0
TCGA-24-2262-01	0	0	0
TCGA-09-2048-01	0	0	0
TCGA-59-2354-01	0	0	0
TCGA-25-2400-01	0	0	0
TCGA-59-2350-01	0	0	0
TCGA-25-2393-01	0	0	0
TCGA-29-1707-02	0	0	0
TCGA-13-1817-02	0	0	0
TCGA-61-1916-02	0	0	0
TCGA-24-1852-02	0	0	0
TCGA-61-2095-02	0	0	0
TCGA-29-1710-02	0	0	0
TCGA-13-1817-01	0	0	0
TCGA-29-1692-01	0	0	0
TCGA-29-1704-01	0	0	0
TCGA-29-1704-02	0	0	0
TCGA-29-1692-02	0	0	0
TCGA-13-0913-02	0	0	0
TCGA-24-1852-01	0	0	0
TCGA-29-2414-02	0	0	0
TCGA-36-2543-01	0	0	0
TCGA-36-2538-01	0	0	0
TCGA-36-2534-01	0	0	0
TCGA-13-2059-01	0	0	0
TCGA-36-2542-01	0	0	0
TCGA-36-2529-01	0	0	0
TCGA-23-2641-01	0	0	0
TCGA-13-2057-01	0	0	0
TCGA-04-1369-01	0	0	0
TCGA-36-2547-01	0	0	0
TCGA-36-2530-01	0	0	0
TCGA-13-2065-01	0	0	0
TCGA-04-1644-01	0	0	0
TCGA-29-2429-01	0	0	0
TCGA-36-2552-01	0	0	0
TCGA-36-2537-01	0	0	0
TCGA-04-1516-01	0	0	0
TCGA-61-2613-01	0	0	0
TCGA-13-2066-01	0	0	0
TCGA-23-2647-01	0	0	0
TCGA-36-2549-01	0	0	0
TCGA-36-2544-01	0	0	0
TCGA-13-2061-01	0	0	0
TCGA-36-2532-01	0	0	0
TCGA-42-2590-01	0	0	0
TCGA-29-2434-01	0	0	0
TCGA-42-2589-01	0	0	0
TCGA-36-2539-01	0	0	0
TCGA-23-2649-01	0	0	0
TCGA-36-2551-01	0	0	0
TCGA-42-2588-01	0	0	0
TCGA-42-2591-01	0	0	0
TCGA-42-2587-01	0	0	0
TCGA-61-2614-01	0	0	0
TCGA-23-2645-01	0	0	0
TCGA-29-2436-01	0	0	0
TCGA-61-2610-02	0	0	0
TCGA-29-2432-01	0	0	0
TCGA-36-2533-01	0	0	0
TCGA-59-2372-01	0	0	0
TCGA-36-2545-01	0	0	0
TCGA-29-A5NZ-01	0	0	0
TCGA-3P-A9WA-01	0	0	0
TCGA-13-A5FT-01	0	0	0
TCGA-OY-A56Q-01	0	0	0
TCGA-OY-A56P-01	0	0	0
TCGA-13-A5FU-01	0	0	0
TCGA-VG-A8LO-01	0	0	0
TCGA-59-A5PD-01	0	0	0
TCGA-13-0910-01	0	0	0
TCGA-24-0980-01	0	0	0
TCGA-10-0937-01	0	0	0
TCGA-13-0903-01	0	0	0
TCGA-13-0924-01	0	0	0
TCGA-13-0891-01	0	0	0
TCGA-13-0886-01	0	0	0
TCGA-13-0807-01	0	0	0
TCGA-10-0928-01	0	0	0
TCGA-24-0966-01	0	0	0
TCGA-13-0888-01	0	0	0
TCGA-13-0904-01	0	0	0
TCGA-13-0916-01	0	0	0
TCGA-13-0923-01	0	0	0
TCGA-10-0933-01	0	0	0
TCGA-13-0921-01	0	0	0
TCGA-13-0887-01	0	0	0
TCGA-10-0938-01	0	0	0
TCGA-10-0927-01	0	0	0
TCGA-13-0899-01	0	0	0
TCGA-13-0906-01	0	0	0
TCGA-13-0889-01	0	0	0
TCGA-13-0883-01	0	0	0
TCGA-13-0890-01	0	0	0
TCGA-10-0936-01	0	0	0
TCGA-10-0930-01	0	0	0
TCGA-13-0920-01	0	0	0
TCGA-13-0912-01	0	0	0
TCGA-13-0913-01	0	0	0
TCGA-10-0934-01	0	0	0
TCGA-10-0931-01	0	0	0
TCGA-10-0926-01	0	0	0
TCGA-13-0919-01	0	0	0
TCGA-13-0911-01	0	0	0
TCGA-61-1728-01	0	0	0
TCGA-30-1860-01	0	0	0
TCGA-31-1956-01	0	0	0
TCGA-31-1944-01	0	0	0
TCGA-24-1930-01	0	0	0
TCGA-30-1862-01	0	0	0
TCGA-24-1920-01	0	0	0
TCGA-04-1654-01	0	0	0
TCGA-24-1924-01	0	0	0
TCGA-25-1871-01	0	0	0
TCGA-31-1950-01	0	0	0
TCGA-24-1923-01	0	0	0
TCGA-25-1878-01	0	0	0
TCGA-31-1959-01	0	0	0
TCGA-24-2020-01	0	0	0
TCGA-30-1891-01	0	0	0
TCGA-30-1861-01	0	0	0
TCGA-31-1946-01	0	0	0
TCGA-30-1867-01	0	0	0
TCGA-24-1928-01	0	0	0
TCGA-25-1877-01	0	0	0
TCGA-24-2023-01	0	0	0
TCGA-61-1743-01	0	0	0
TCGA-30-1887-01	0	0	0
TCGA-25-1870-01	0	0	0
TCGA-61-1917-01	0	0	0
TCGA-61-1918-01	0	0	0
TCGA-30-1853-01	0	0	0
TCGA-61-1724-01	0	0	0
TCGA-24-2026-01	0	0	0
TCGA-30-1892-01	0	0	0
TCGA-31-1953-01	0	0	0
TCGA-10-0925-01	0	0	0
TCGA-57-1992-01	0	0	0
TCGA-31-1951-01	0	0	0
TCGA-24-1927-01	0	0	0
TCGA-61-1919-01	0	0	0
TCGA-24-2027-01	0	0	0
TCGA-30-1880-01	0	0	0
TCGA-24-2029-01	0	0	0
TCGA-31-1955-01	0	0	0
TCGA-29-1784-01	0	0	0
TCGA-30-1714-01	0	0	0
TCGA-09-1673-01	0	0	0
TCGA-20-1686-01	0	0	0
TCGA-29-1688-01	0	0	0
TCGA-20-1684-01	0	0	0
TCGA-24-1847-01	0	0	0
TCGA-29-1711-01	0	0	0
TCGA-29-1768-01	0	0	0
TCGA-29-1697-01	0	0	0
TCGA-29-1701-01	0	0	0
TCGA-20-1682-01	0	0	0
TCGA-29-1690-01	0	0	0
TCGA-29-1699-01	0	0	0
TCGA-29-1695-01	0	0	0
TCGA-29-1770-02	0	0	0
TCGA-29-1764-01	0	0	0
TCGA-20-1683-01	0	0	0
TCGA-29-1763-01	0	0	0
TCGA-29-1702-01	0	0	0
TCGA-09-1675-01	0	0	0
TCGA-29-1766-01	0	0	0
TCGA-29-1705-02	0	0	0
TCGA-57-1586-01	0	0	0
TCGA-29-1710-01	0	0	0
TCGA-29-1698-01	0	0	0
TCGA-20-1687-01	0	0	0
TCGA-29-1707-01	0	0	0
TCGA-29-1761-01	0	0	0
TCGA-09-1672-01	0	0	0
TCGA-29-1705-01	0	0	0
TCGA-09-1674-01	0	0	0
TCGA-29-1781-01	0	0	0
TCGA-29-1783-01	0	0	0
TCGA-04-1655-01	0	0	0
TCGA-29-1771-01	0	0	0
TCGA-29-1770-01	0	0	0
TCGA-29-1762-01	0	0	0
TCGA-23-1809-01	0	0	0
TCGA-29-1785-01	0	0	0
TCGA-29-1696-01	0	0	0
TCGA-29-1694-01	0	0	0
TCGA-09-1670-01	0	0	0
TCGA-29-1693-01	0	0	0
TCGA-24-1471-01	0	0	0
TCGA-24-1474-01	0	0	0
TCGA-24-1552-01	0	0	0
TCGA-24-1563-01	0	0	0
TCGA-24-1603-01	0	0	0
TCGA-04-1514-01	0	0	0
TCGA-24-1551-01	0	0	0
TCGA-24-1614-01	0	0	0
TCGA-24-1549-01	0	0	0
TCGA-24-1550-01	0	0	0
TCGA-04-1542-01	0	0	0
TCGA-24-1470-01	0	0	0
TCGA-24-1616-01	0	0	0
TCGA-24-1553-01	0	0	0
TCGA-24-1469-01	0	0	0
TCGA-24-1564-01	0	0	0
TCGA-24-0968-01	0	0	0
TCGA-04-1337-01	0	0	0
TCGA-23-1120-01	0	0	0
TCGA-20-0991-01	0	0	0
TCGA-20-0987-01	0	0	0
TCGA-04-1332-01	0	0	0
TCGA-23-1027-01	0	0	0
TCGA-23-1028-01	0	0	0
TCGA-23-1021-01	0	0	0
TCGA-23-1116-01	0	0	0
TCGA-24-0979-01	0	0	0
TCGA-23-1032-01	0	0	0
TCGA-23-1022-01	0	0	0
TCGA-04-1336-01	0	0	0
TCGA-24-0970-01	0	0	0
TCGA-04-1335-01	0	0	0
TCGA-24-0981-01	0	0	0
TCGA-23-1119-01	0	0	0
TCGA-23-1023-01	0	0	0
TCGA-20-0990-01	0	0	0
TCGA-04-1346-01	0	0	0
TCGA-23-1124-01	0	0	0
TCGA-23-1121-01	0	0	0
TCGA-23-1026-01	0	0	0
TCGA-23-1110-01	0	0	0
TCGA-24-1103-01	0	0	0
TCGA-23-1030-01	0	0	0
TCGA-04-1341-01	0	0	0
TCGA-04-1338-01	0	0	0
TCGA-23-1123-01	0	0	0
TCGA-04-1331-01	0	0	0
TCGA-24-1105-01	0	0	0
TCGA-23-1024-01	0	0	0
TCGA-23-1118-01	0	0	0
TCGA-23-1113-01	0	0	0
TCGA-23-1117-01	0	0	0
TCGA-61-2098-01	0	0	0
TCGA-09-2053-01	0	0	0
TCGA-24-2038-01	0	0	0
TCGA-61-2101-01	0	0	0
TCGA-24-2019-01	0	0	0
TCGA-61-2109-01	0	0	0
TCGA-23-2081-01	0	0	0
TCGA-61-2102-01	0	0	0
TCGA-61-2012-01	0	0	0
TCGA-61-2104-01	0	0	0
TCGA-61-2092-01	0	0	0
TCGA-24-2024-01	0	0	0
TCGA-61-1995-01	0	0	0
TCGA-61-2088-01	0	0	0
TCGA-61-1734-01	0	0	0
TCGA-23-2072-01	0	0	0
TCGA-61-2096-01	0	0	0
TCGA-09-2054-01	0	0	0
TCGA-61-2018-01	0	0	0
TCGA-23-2079-01	0	0	0
TCGA-61-2111-01	0	0	0
TCGA-23-2084-01	0	0	0
TCGA-24-2254-01	0	0	0
TCGA-61-2113-01	0	0	0
TCGA-61-2110-01	0	0	0
TCGA-61-2000-01	0	0	0
TCGA-61-2094-01	0	0	0
TCGA-24-2036-01	0	0	0
TCGA-24-2261-01	0	0	0
TCGA-24-2033-01	0	0	0
TCGA-61-2003-01	0	0	0
TCGA-23-2077-01	0	0	0
TCGA-61-1736-01	0	0	0
TCGA-61-2097-01	0	0	0
TCGA-61-2016-01	0	0	0
TCGA-09-2056-01	0	0	0
TCGA-61-2087-01	0	0	0
TCGA-24-2030-01	0	0	0
TCGA-61-2002-01	0	0	0
X1032	0	0	0
X1040	0	0	0
X106	0	0	0
X1097	0	0	0
X1098	0	0	0
X1177	0	0	0
X1192	0	0	0
X119	0	0	0
X1230	0	0	0
X1237	0	0	0
X1265	0	0	0
X1269	0	0	0
X1283	0	0	0
X128	0	0	0
X1341	0	0	0
X1364	0	0	0
X137	0	0	0
X1410	0	0	0
X1471	0	0	0
X1499	0	0	0
X1530	0	0	0
X1548	0	0	0
X1552	0	0	0
X1568	0	0	0
X1580	0	0	0
X1593	0	0	0
X1605	0	0	0
X1652	0	0	0
X1689	0	0	0
X1718	0	0	0
X1751	0	0	0
X1851	0	0	0
X1922	0	0	0
X1928	0	0	0
X1979	0	0	0
X2090	0	0	0
X2120	0	0	0
X2152	0	0	0
X2354	0	0	0
X2357	0	0	0
X2362	0	0	0
X2374	0	0	0
X23	0	0	0
X2401	0	0	0
X2412	0	0	0
X2415	0	0	0
X2429	0	0	0
X2443	0	0	0
X2503	0	0	0
X2529	0	0	0
X2554	0	0	0
X2556	0	0	0
X2577	0	0	0
X2587	0	0	0
X2593	0	0	0
X2638	0	0	0
X2648	0	0	0
X2665	0	0	0
X2700	0	0	0
X2704	0	0	0
X2716	0	0	0
X2763	0	0	0
X2773	0	0	0
X2797	0	0	0
X2825	0	0	0
X2890	0	0	0
X2902	0	0	0
X2949	0	0	0
X2991	0	0	0
X2998	0	0	0
X300	0	0	0
X301	0	0	0
X3107	0	0	0
X3144	0	0	0
X3151	0	0	0
X3225	0	0	0
X3238	0	0	0
X3297	0	0	0
X3349	0	0	0
X3391	0	0	0
X429	0	0	0
X451	0	0	0
X544	0	0	0
X592	0	0	0
X736	0	0	0
X80	0	0	0
X88	0	0	0
X935	0	0	0
X93	0	0	0
X94	0	0	0
X970	0	0	0
X987	0	0	0
X991	0	0	0
OVCA11	0	0	0
OVCA118	0	0	0
OVCA127	0	0	0
OVCA130	0	0	0
OVCA131	0	0	0
OVCA132	0	0	0
OVCA135	0	0	0
OVCA136	0	0	0
OVCA137	0	0	0
OVCA138	0	0	0
OVCA14	0	0	0
OVCA140	0	0	0
OVCA141	0	0	0
OVCA142	0	0	0
OVCA146	0	0	0
OVCA147	0	0	0
OVCA149	0	0	0
OVCA150	0	0	0
OVCA151	0	0	0
OVCA152	0	0	0
OVCA153	0	0	0
OVCA158	0	0	0
OVCA160	0	0	0
OVCA162	0	0	0
OVCA165	0	0	0
OVCA166	0	0	0
OVCA168	0	0	0
OVCA171	0	0	0
OVCA172	0	0	0
OVCA173	0	0	0
OVCA176	0	0	0
OVCA179	0	0	0
OVCA181	0	0	0
OVCA183	0	0	0
OVCA186	0	0	0
OVCA189	0	0	0
OVCA191	0	0	0
OVCA193	0	0	0
OVCA196	0	0	0
OVCA197	0	0	0
OVCA219	0	0	0
OVCA222	0	0	0
OVCA223	0	0	0
OVCA229	0	0	0
OVCA235	0	0	0
OVCA240	0	0	0
OVCA25-02	0	0	0
OVCA250	0	0	0
OVCA266	0	0	0
OVCA27	0	0	0
OVCA278	0	0	0
OVCA279	0	0	0
OVCA281	0	0	0
OVCA282	0	0	0
OVCA305	0	0	0
OVCA314	0	0	0
OVCA316	0	0	0
OVCA32	0	0	0
OVCA341	0	0	0
OVCA342	0	0	0
OVCA345	0	0	0
OVCA348	0	0	0
OVCA36	0	0	0
OVCA360	0	0	0
OVCA37	0	0	0
OVCA372	0	0	0
OVCA381	0	0	0
OVCA384	0	0	0
OVCA387	0	0	0
OVCA399	0	0	0
OVCA403	0	0	0
OVCA407	0	0	0
OVCA41	0	0	0
OVCA410	0	0	0
OVCA419	0	0	0
OVCA42	0	0	0
OVCA422	0	0	0
OVCA425	0	0	0
OVCA427	0	0	0
OVCA46	0	0	0
OVCA5	0	0	0
OVCA52	0	0	0
OVCA53	0	0	0
OVCA54	0	0	0
OVCA58	0	0	0
OVCA60	0	0	0
OVCA7-02	0	0	0
OVCA79	0	0	0
OVCA89	0	0	0
OVCA90	0	0	0
OVCA93	0	0	0
GSM692776_JB0175	0	0	0
GSM692781_JB0715	0	0	0
GSM692802_JB0782	0	0	0
GSM692805_JB0785	0	0	0
GSM692808_JB0788	0	0	0
GSM692812_JB0793	0	0	0
GSM692813_JB0794	0	0	0
