Sample	Percent	Start	End
P-0000199-T01-IM3	0	0	0
P-0000236-T01-IM3	0	0	0
P-0000634-T01-IM3	0	0	0
P-0000666-T01-IM3	0	0	0
P-0001036-T01-IM3	0	0	0
P-0001086-T01-IM3	0	0	0
P-0001105-T01-IM3	0	0	0
P-0001284-T01-IM3	0	0	0
P-0001285-T01-IM3	0	0	0
P-0001421-T01-IM3	0	0	0
P-0001457-T01-IM3	0	0	0
P-0001570-T01-IM3	0	0	0
P-0001575-T01-IM3	0	0	0
P-0001616-T01-IM3	0	0	0
P-0001634-T01-IM3	0	0	0
P-0001747-T01-IM3	0	0	0
P-0001799-T01-IM3	0	0	0
P-0001801-T01-IM3	0	0	0
P-0001907-T01-IM3	0	0	0
P-0001965-T01-IM3	0	0	0
P-0001985-T01-IM3	0	0	0
P-0001992-T01-IM3	0	0	0
P-0002010-T02-IM5	0	0	0
P-0002205-T01-IM3	0	0	0
P-0002285-T01-IM3	0	0	0
P-0002288-T01-IM3	0	0	0
P-0002310-T01-IM3	0	0	0
P-0002771-T01-IM3	0	0	0
P-0003191-T01-IM5	0	0	0
P-0003539-T01-IM5	0	0	0
P-0003631-T01-IM5	0	0	0
P-0003748-T01-IM5	0	0	0
P-0003813-T01-IM5	0	0	0
P-0003818-T01-IM5	0	0	0
P-0003873-T01-IM5	0	0	0
P-0004308-T02-IM6	0	0	0
P-0004360-T01-IM5	0	0	0
P-0004524-T02-IM5	0	0	0
P-0004822-T01-IM5	0	0	0
P-0005340-T01-IM5	0	0	0
P-0005744-T01-IM5	0	0	0
P-0005775-T02-IM5	0	0	0
P-0005896-T01-IM5	0	0	0
P-0006217-T01-IM5	0	0	0
P-0006656-T01-IM5	0	0	0
P-0006984-T01-IM5	0	0	0
P-0007064-T01-IM5	0	0	0
P-0007134-T01-IM5	0	0	0
P-0008474-T01-IM5	0	0	0
P-0009060-T01-IM5	0	0	0
P-0009372-T01-IM5	0	0	0
P-0009601-T01-IM5	0	0	0
P-0009750-T01-IM5	0	0	0
P-0009840-T01-IM5	0	0	0
P-0010214-T01-IM5	0	0	0
P-0010225-T01-IM5	0	0	0
P-0010357-T01-IM5	0	0	0
P-0010510-T01-IM5	0	0	0
P-0010690-T01-IM5	0	0	0
P-0012367-T01-IM5	0	0	0
P-0013801-T03-IM6	0	0	0
P-0014175-T01-IM5	0	0	0
P-0014401-T01-IM6	0	0	0
P-0014697-T01-IM6	0	0	0
P-0015271-T01-IM6	0	0	0
P-0015651-T03-IM6	0	0	0
P-0015810-T01-IM6	0	0	0
P-0015976-T01-IM6	0	0	0
P-0016322-T01-IM6	0	0	0
P-0016553-T01-IM6	0	0	0
P-0017470-T01-IM6	0	0	0
P-0017563-T01-IM5	0	0	0
P-0018024-T01-IM6	0	0	0
P-0018026-T01-IM6	0	0	0
P-0018212-T01-IM6	0	0	0
P-0018534-T01-IM6	0	0	0
P-0018550-T01-IM6	0	0	0
P-0018612-T01-IM6	0	0	0
P-0018647-T01-IM6	0	0	0
P-0018757-T01-IM6	0	0	0
P-0018944-T01-IM6	0	0	0
P-0018996-T01-IM6	0	0	0
P-0018997-T01-IM6	0	0	0
P-0019325-T01-IM6	0	0	0
P-0019338-T01-IM6	0	0	0
P-0019841-T01-IM6	0	0	0
P-0019953-T01-IM6	0	0	0
P-0019991-T01-IM6	0	0	0
P-0020058-T01-IM6	0	0	0
P-0020161-T01-IM6	0	0	0
P-0020298-T01-IM6	0	0	0
P-0020315-T01-IM6	0	0	0
P-0020354-T01-IM6	0	0	0
P-0020549-T01-IM6	0	0	0
P-0020688-T01-IM6	0	0	0
P-0020924-T01-IM6	0	0	0
P-0020970-T01-IM6	0	0	0
P-0021107-T01-IM6	0	0	0
P-0021368-T01-IM6	0	0	0
P-0021389-T01-IM6	0	0	0
P-0021409-T01-IM6	0	0	0
P-0021524-T01-IM6	0	0	0
P-0021602-T01-IM6	0	0	0
P-0021632-T01-IM6	0	0	0
P-0021649-T01-IM6	0	0	0
P-0021742-T01-IM6	0	0	0
P-0021750-T01-IM6	0	0	0
P-0021762-T02-IM6	0	0	0
P-0021932-T02-IM6	0	0	0
P-0022003-T01-IM6	0	0	0
P-0022016-T01-IM6	0	0	0
P-0022058-T01-IM6	0	0	0
P-0022059-T01-IM6	0	0	0
P-0022079-T01-IM6	0	0	0
P-0022098-T01-IM6	0	0	0
P-0022397-T01-IM6	0	0	0
P-0022610-T01-IM6	0	0	0
P-0022754-T01-IM6	0	0	0
P-0022781-T01-IM6	0	0	0
P-0022867-T01-IM6	0	0	0
P-0023037-T01-IM6	0	0	0
P-0023069-T01-IM6	0	0	0
P-0023091-T01-IM6	0	0	0
P-0023372-T01-IM6	0	0	0
P-0023507-T01-IM6	0	0	0
P-0023547-T01-IM6	0	0	0
P-0023560-T01-IM6	0	0	0
P-0023632-T01-IM6	0	0	0
P-0023661-T01-IM6	0	0	0
P-0023747-T01-IM6	0	0	0
P-0023920-T01-IM6	0	0	0
P-0023995-T01-IM6	0	0	0
P-0024048-T01-IM6	0	0	0
P-0024118-T01-IM6	0	0	0
P-0024181-T01-IM6	0	0	0
P-0024318-T01-IM6	0	0	0
P-0024365-T01-IM6	0	0	0
P-0024405-T01-IM6	0	0	0
P-0024726-T01-IM6	0	0	0
P-0024740-T01-IM6	0	0	0
P-0024926-T01-IM6	0	0	0
P-0024935-T01-IM6	0	0	0
P-0024971-T01-IM6	0	0	0
P-0025026-T01-IM6	0	0	0
P-0025144-T01-IM6	0	0	0
P-0025149-T01-IM6	0	0	0
P-0025279-T01-IM6	0	0	0
P-0025545-T01-IM6	0	0	0
P-0025645-T01-IM6	0	0	0
P-0025675-T01-IM6	0	0	0
P-0025761-T01-IM6	0	0	0
P-0025802-T02-IM6	0	0	0
P-0025949-T01-IM6	0	0	0
P-0025958-T01-IM6	0	0	0
P-0025993-T01-IM6	0	0	0
P-0026010-T01-IM6	0	0	0
P-0026190-T01-IM6	0	0	0
P-0026279-T01-IM6	0	0	0
P-0026495-T01-IM6	0	0	0
P-0026514-T01-IM6	0	0	0
P-0026707-T01-IM6	0	0	0
P-0026882-T01-IM6	0	0	0
P-0026969-T01-IM6	0	0	0
P-0027103-T01-IM6	0	0	0
P-0027262-T01-IM6	0	0	0
P-0027714-T01-IM6	0	0	0
P-0027999-T01-IM6	0	0	0
P-0028250-T01-IM6	0	0	0
P-0028328-T01-IM6	0	0	0
P-0028330-T01-IM6	0	0	0
P-0028432-T01-IM6	0	0	0
P-0028695-T01-IM6	0	0	0
P-0028702-T01-IM6	0	0	0
P-0028778-T01-IM6	0	0	0
P-0029084-T01-IM6	0	0	0
P-0029129-T01-IM6	0	0	0
P-0029223-T01-IM6	0	0	0
P-0029267-T03-IM6	0	0	0
P-0029354-T01-IM6	0	0	0
P-0029393-T01-IM6	0	0	0
P-0029461-T01-IM6	0	0	0
P-0029474-T01-IM6	0	0	0
P-0029548-T01-IM6	0	0	0
P-0029789-T01-IM6	0	0	0
P-0029835-T01-IM6	0	0	0
P-0029946-T01-IM6	0	0	0
P-0030023-T01-IM6	0	0	0
P-0030026-T01-IM6	0	0	0
P-0030052-T01-IM6	0	0	0
P-0030339-T01-IM6	0	0	0
P-0030505-T01-IM6	0	0	0
P-0030569-T01-IM6	0	0	0
P-0030632-T01-IM6	0	0	0
P-0030697-T01-IM6	0	0	0
P-0030779-T01-IM6	0	0	0
P-0030836-T01-IM6	0	0	0
P-0030874-T01-IM6	0	0	0
P-0030935-T01-IM6	0	0	0
P-0030958-T01-IM6	0	0	0
P-0030962-T01-IM6	0	0	0
P-0031382-T01-IM6	0	0	0
P-0031395-T01-IM6	0	0	0
P-0031402-T01-IM6	0	0	0
P-0031648-T01-IM6	0	0	0
P-0031687-T01-IM6	0	0	0
P-0031751-T01-IM6	0	0	0
P-0031840-T01-IM6	0	0	0
P-0032093-T01-IM6	0	0	0
P-0032130-T02-IM6	0	0	0
P-0032339-T01-IM6	0	0	0
P-0032525-T01-IM6	0	0	0
P-0032813-T02-IM6	0	0	0
P-0032956-T01-IM6	0	0	0
P-0033193-T01-IM6	0	0	0
P-0033218-T02-IM6	0	0	0
P-0033335-T01-IM6	0	0	0
P-0033548-T01-IM6	0	0	0
P-0033693-T01-IM6	0	0	0
P-0033726-T01-IM6	0	0	0
P-0033783-T01-IM6	0	0	0
P-0034011-T01-IM6	0	0	0
P-0034086-T01-IM6	0	0	0
P-0034239-T01-IM6	0	0	0
P-0034250-T01-IM6	0	0	0
P-0034470-T01-IM6	0	0	0
P-0034484-T01-IM6	0	0	0
P-0034519-T01-IM6	0	0	0
P-0034814-T01-IM6	0	0	0
P-0034907-T01-IM6	0	0	0
P-0035101-T01-IM6	0	0	0
P-0035378-T01-IM6	0	0	0
P-0035382-T01-IM6	0	0	0
P-0036061-T01-IM6	0	0	0
P-0036292-T01-IM6	0	0	0
P-0036321-T01-IM6	0	0	0
P-0036326-T01-IM6	0	0	0
P-0036409-T01-IM6	0	0	0
P-0036457-T01-IM6	0	0	0
P-0036488-T01-IM6	0	0	0
P-0036627-T01-IM6	0	0	0
P-0036673-T01-IM6	0	0	0
P-0036705-T01-IM6	0	0	0
P-0036727-T01-IM6	0	0	0
P-0036779-T01-IM6	0	0	0
P-0036814-T01-IM6	0	0	0
P-0036869-T01-IM6	0	0	0
P-0036872-T01-IM6	0	0	0
P-0036961-T01-IM6	0	0	0
P-0036971-T01-IM6	0	0	0
P-0037025-T01-IM6	0	0	0
P-0037049-T01-IM6	0	0	0
P-0037072-T01-IM6	0	0	0
P-0037128-T01-IM6	0	0	0
P-0037160-T01-IM6	0	0	0
P-0037167-T01-IM6	0	0	0
P-0037196-T01-IM6	0	0	0
P-0037263-T01-IM6	0	0	0
P-0037342-T01-IM6	0	0	0
P-0037373-T01-IM6	0	0	0
P-0037425-T01-IM6	0	0	0
P-0037460-T01-IM6	0	0	0
P-0037462-T01-IM6	0	0	0
P-0037478-T01-IM6	0	0	0
P-0037702-T01-IM6	0	0	0
P-0037794-T01-IM6	0	0	0
P-0037810-T01-IM6	0	0	0
P-0037819-T01-IM6	0	0	0
P-0037891-T01-IM6	0	0	0
P-0037990-T01-IM6	0	0	0
P-0038069-T01-IM6	0	0	0
P-0038093-T01-IM6	0	0	0
P-0038097-T01-IM6	0	0	0
P-0038155-T01-IM6	0	0	0
P-0038427-T01-IM6	0	0	0
P-0038499-T01-IM6	0	0	0
P-0038534-T01-IM6	0	0	0
P-0038634-T01-IM6	0	0	0
P-0038660-T01-IM6	0	0	0
P-0038816-T01-IM6	0	0	0
P-0038996-T01-IM6	0	0	0
P-0039012-T01-IM6	0	0	0
P-0039070-T01-IM6	0	0	0
P-0039094-T01-IM6	0	0	0
P-0039104-T02-IM6	0	0	0
P-0039132-T01-IM6	0	0	0
P-0039148-T01-IM6	0	0	0
P-0039242-T01-IM6	0	0	0
P-0039245-T01-IM6	0	0	0
P-0039273-T01-IM6	0	0	0
P-0039377-T01-IM6	0	0	0
P-0039422-T01-IM6	0	0	0
P-0039468-T01-IM6	0	0	0
P-0039500-T01-IM6	0	0	0
P-0039511-T02-IM6	0	0	0
P-0039563-T01-IM6	0	0	0
P-0039605-T01-IM6	0	0	0
P-0039615-T01-IM6	0	0	0
P-0039685-T01-IM6	0	0	0
P-0039726-T01-IM6	0	0	0
P-0039734-T01-IM6	0	0	0
P-0039749-T01-IM6	0	0	0
P-0039767-T01-IM6	0	0	0
P-0039798-T01-IM6	0	0	0
P-0039804-T01-IM6	0	0	0
P-0039811-T01-IM6	0	0	0
P-0039814-T01-IM6	0	0	0
P-0039816-T01-IM6	0	0	0
P-0039927-T01-IM6	0	0	0
P-0039932-T01-IM6	0	0	0
P-0040007-T01-IM6	0	0	0
P-0040043-T01-IM6	0	0	0
P-0040118-T01-IM6	0	0	0
P-0040143-T01-IM6	0	0	0
P-0040154-T01-IM6	0	0	0
P-0040212-T01-IM6	0	0	0
P-0040343-T01-IM6	0	0	0
P-0040386-T01-IM6	0	0	0
P-0040410-T01-IM6	0	0	0
P-0040504-T01-IM6	0	0	0
P-0040518-T01-IM6	0	0	0
P-0040523-T01-IM6	0	0	0
P-0040555-T02-IM6	0	0	0
P-0040593-T01-IM6	0	0	0
P-0040605-T01-IM6	0	0	0
P-0040702-T01-IM6	0	0	0
P-0040729-T01-IM6	0	0	0
P-0040800-T01-IM6	0	0	0
P-0041163-T01-IM6	0	0	0
P-0041191-T01-IM6	0	0	0
P-0041235-T01-IM6	0	0	0
P-0041269-T01-IM6	0	0	0
P-0041279-T01-IM6	0	0	0
P-0041387-T01-IM6	0	0	0
P-0041413-T01-IM6	0	0	0
P-0041464-T01-IM6	0	0	0
P-0041544-T01-IM6	0	0	0
P-0041614-T01-IM6	0	0	0
P-0041837-T01-IM6	0	0	0
P-0041952-T01-IM6	0	0	0
P-0041958-T01-IM6	0	0	0
P-0041962-T02-IM6	0	0	0
P-0041985-T01-IM6	0	0	0
P-0042116-T01-IM6	0	0	0
P-0042152-T01-IM6	0	0	0
P-0042164-T01-IM6	0	0	0
P-0042516-T01-IM6	0	0	0
P-0042757-T01-IM6	0	0	0
P-0042805-T01-IM6	0	0	0
P-0042831-T01-IM6	0	0	0
P-0043201-T01-IM6	0	0	0
P-0043240-T01-IM6	0	0	0
P-0043550-T02-IM6	0	0	0
P-0043571-T01-IM6	0	0	0
P-0043587-T01-IM6	0	0	0
P-0043914-T01-IM6	0	0	0
P-0043933-T01-IM6	0	0	0
P-0043955-T01-IM6	0	0	0
P-0044084-T01-IM6	0	0	0
P-0044185-T01-IM6	0	0	0
P-0044224-T01-IM6	0	0	0
P-0044338-T01-IM6	0	0	0
P-0044451-T01-IM6	0	0	0
P-0044555-T01-IM6	0	0	0
P-0044640-T01-IM6	0	0	0
P-0044700-T01-IM6	0	0	0
P-0044770-T01-IM6	0	0	0
P-0044821-T01-IM6	0	0	0
P-0044963-T01-IM6	0	0	0
P-0045161-T01-IM6	0	0	0
P-0045312-T01-IM6	0	0	0
P-0045534-T01-IM6	0	0	0
P-0045545-T01-IM6	0	0	0
P-0045578-T01-IM6	0	0	0
P-0045641-T01-IM6	0	0	0
P-0045749-T01-IM6	0	0	0
P-0045890-T01-IM6	0	0	0
P-0045902-T01-IM6	0	0	0
P-0045944-T01-IM6	0	0	0
P-0045987-T01-IM6	0	0	0
P-0046098-T01-IM6	0	0	0
P-0046478-T01-IM6	0	0	0
P-0046489-T01-IM6	0	0	0
P-0046496-T01-IM6	0	0	0
P-0046745-T01-IM6	0	0	0
P-0046802-T01-IM6	0	0	0
P-0047075-T01-IM6	0	0	0
P-0047352-T01-IM6	0	0	0
P-0047432-T01-IM6	0	0	0
P-0047577-T01-IM6	0	0	0
P-0047853-T01-IM6	0	0	0
P-0048171-T01-IM6	0	0	0
P-0048214-T01-IM6	0	0	0
P-0048374-T01-IM6	0	0	0
P-0048525-T01-IM6	0	0	0
P-0048593-T01-IM6	0	0	0
P-0048670-T01-IM6	0	0	0
P-0048902-T01-IM6	0	0	0
P-0049127-T01-IM6	0	0	0
P-0049444-T01-IM6	0	0	0
P-0049483-T01-IM6	0	0	0
P-0049519-T01-IM6	0	0	0
P-0049532-T01-IM6	0	0	0
P-0049848-T01-IM6	0	0	0
P-0049943-T01-IM6	0	0	0
P-0050400-T01-IM6	0	0	0
P-0050452-T01-IM6	0	0	0
P-0050454-T01-IM6	0	0	0
P-0000212-T01-IM3	0	0	0
P-0000267-T01-IM3	0	0	0
P-0001265-T01-IM3	0	0	0
P-0001681-T02-IM3	0	0	0
P-0001747-T02-IM5	0	0	0
P-0001978-T01-IM3	0	0	0
P-0002010-T01-IM3	0	0	0
P-0002257-T01-IM3	0	0	0
P-0002373-T01-IM3	0	0	0
P-0004262-T01-IM5	0	0	0
P-0004524-T01-IM5	0	0	0
P-0005766-T01-IM5	0	0	0
P-0006537-T01-IM5	0	0	0
P-0007221-T01-IM5	0	0	0
P-0007370-T01-IM5	0	0	0
P-0007571-T01-IM5	0	0	0
P-0008787-T01-IM5	0	0	0
P-0010250-T01-IM5	0	0	0
P-0010348-T01-IM5	0	0	0
TCGA-72-4233-01	0	0	0
TCGA-72-4234-01	0	0	0
TCGA-72-4238-01	0	0	0
TCGA-72-4232-01	0	0	0
TCGA-72-4236-01	0	0	0
TCGA-72-4240-01	0	0	0
TCGA-72-4231-01	0	0	0
TCGA-72-4241-01	0	0	0
TCGA-09-1669-01	0	0	0
TCGA-04-1519-01	0	0	0
TCGA-25-1632-01	0	0	0
TCGA-09-1665-01	0	0	0
TCGA-24-1557-01	0	0	0
TCGA-36-1577-01	0	0	0
TCGA-36-1580-01	0	0	0
TCGA-57-1585-01	0	0	0
TCGA-24-1567-01	0	0	0
TCGA-36-1575-01	0	0	0
TCGA-04-1525-01	0	0	0
TCGA-04-1536-01	0	0	0
TCGA-09-1662-01	0	0	0
TCGA-25-1628-01	0	0	0
TCGA-24-1544-01	0	0	0
TCGA-09-1666-01	0	0	0
TCGA-36-1574-01	0	0	0
TCGA-36-1581-01	0	0	0
TCGA-57-1582-01	0	0	0
TCGA-57-1583-01	0	0	0
TCGA-25-1630-01	0	0	0
TCGA-36-1571-01	0	0	0
TCGA-24-1546-01	0	0	0
TCGA-09-1659-01	0	0	0
TCGA-25-1633-01	0	0	0
TCGA-25-1627-01	0	0	0
TCGA-36-1576-01	0	0	0
TCGA-36-1570-01	0	0	0
TCGA-09-1668-01	0	0	0
TCGA-04-1517-01	0	0	0
TCGA-36-1569-01	0	0	0
TCGA-09-1661-01	0	0	0
TCGA-36-1578-01	0	0	0
TCGA-36-1568-01	0	0	0
TCGA-24-1545-01	0	0	0
TCGA-24-1556-01	0	0	0
TCGA-25-1634-01	0	0	0
TCGA-25-1625-01	0	0	0
TCGA-24-1548-01	0	0	0
TCGA-61-1730-01	0	0	0
TCGA-61-1740-01	0	0	0
TCGA-61-1738-01	0	0	0
TCGA-04-1638-01	0	0	0
TCGA-24-1846-01	0	0	0
TCGA-23-1029-01	0	0	0
TCGA-04-1651-01	0	0	0
TCGA-29-1778-01	0	0	0
TCGA-24-1842-01	0	0	0
TCGA-24-1849-01	0	0	0
TCGA-24-1843-01	0	0	0
TCGA-61-1722-01	0	0	0
TCGA-61-1737-01	0	0	0
TCGA-30-1855-01	0	0	0
TCGA-61-1900-01	0	0	0
TCGA-61-1906-01	0	0	0
TCGA-61-1895-01	0	0	0
TCGA-61-1915-01	0	0	0
TCGA-24-1844-01	0	0	0
TCGA-24-1845-01	0	0	0
TCGA-61-1727-01	0	0	0
TCGA-04-1646-01	0	0	0
TCGA-30-1856-01	0	0	0
TCGA-61-1725-01	0	0	0
TCGA-61-1901-01	0	0	0
TCGA-29-1776-01	0	0	0
TCGA-61-1913-01	0	0	0
TCGA-29-1777-01	0	0	0
TCGA-29-1769-01	0	0	0
TCGA-61-1914-01	0	0	0
TCGA-30-1857-01	0	0	0
TCGA-24-1850-01	0	0	0
TCGA-61-1910-01	0	0	0
TCGA-13-1482-01	0	0	0
TCGA-13-1511-01	0	0	0
TCGA-24-1426-01	0	0	0
TCGA-13-1507-01	0	0	0
TCGA-13-1492-01	0	0	0
TCGA-24-1419-01	0	0	0
TCGA-24-1435-01	0	0	0
TCGA-24-1422-01	0	0	0
TCGA-13-1485-01	0	0	0
TCGA-13-1512-01	0	0	0
TCGA-13-1504-01	0	0	0
TCGA-24-1464-01	0	0	0
TCGA-24-1430-01	0	0	0
TCGA-13-1501-01	0	0	0
TCGA-13-1510-01	0	0	0
TCGA-24-1417-01	0	0	0
TCGA-13-1477-01	0	0	0
TCGA-13-1487-01	0	0	0
TCGA-13-1509-01	0	0	0
TCGA-24-1427-01	0	0	0
TCGA-24-1428-01	0	0	0
TCGA-13-1483-01	0	0	0
TCGA-13-1481-01	0	0	0
TCGA-13-1499-01	0	0	0
TCGA-13-1497-01	0	0	0
TCGA-13-1496-01	0	0	0
TCGA-13-1498-01	0	0	0
TCGA-24-1423-01	0	0	0
TCGA-24-1431-01	0	0	0
TCGA-24-1466-01	0	0	0
TCGA-24-1463-01	0	0	0
TCGA-13-1506-01	0	0	0
TCGA-24-1424-01	0	0	0
TCGA-13-1500-01	0	0	0
TCGA-13-1489-01	0	0	0
TCGA-13-0723-01	0	0	0
TCGA-13-0800-01	0	0	0
TCGA-13-0802-01	0	0	0
TCGA-13-0727-01	0	0	0
TCGA-13-0755-01	0	0	0
TCGA-13-0761-01	0	0	0
TCGA-13-0791-01	0	0	0
TCGA-13-0805-01	0	0	0
TCGA-09-0364-01	0	0	0
TCGA-09-0365-01	0	0	0
TCGA-13-0714-01	0	0	0
TCGA-13-0804-01	0	0	0
TCGA-13-0768-01	0	0	0
TCGA-13-0751-01	0	0	0
TCGA-13-0797-01	0	0	0
TCGA-13-0725-01	0	0	0
TCGA-13-0795-01	0	0	0
TCGA-13-0764-01	0	0	0
TCGA-13-0720-01	0	0	0
TCGA-09-0366-01	0	0	0
TCGA-13-0724-01	0	0	0
TCGA-13-0801-01	0	0	0
TCGA-13-0717-01	0	0	0
TCGA-13-0760-01	0	0	0
TCGA-13-0791-02	0	0	0
TCGA-09-0369-01	0	0	0
TCGA-13-0758-01	0	0	0
TCGA-13-0757-01	0	0	0
TCGA-13-0799-01	0	0	0
TCGA-13-0726-01	0	0	0
TCGA-13-0766-01	0	0	0
TCGA-04-1351-01	0	0	0
TCGA-13-1403-01	0	0	0
TCGA-04-1356-01	0	0	0
TCGA-25-1312-01	0	0	0
TCGA-13-0900-01	0	0	0
TCGA-25-1317-01	0	0	0
TCGA-25-1315-01	0	0	0
TCGA-04-1357-01	0	0	0
TCGA-04-1362-01	0	0	0
TCGA-04-1367-01	0	0	0
TCGA-25-1318-01	0	0	0
TCGA-25-1321-01	0	0	0
TCGA-13-1412-01	0	0	0
TCGA-04-1349-01	0	0	0
TCGA-13-0884-01	0	0	0
TCGA-25-1322-01	0	0	0
TCGA-04-1364-01	0	0	0
TCGA-13-1410-01	0	0	0
TCGA-13-0893-01	0	0	0
TCGA-04-1360-01	0	0	0
TCGA-04-1361-01	0	0	0
TCGA-04-1371-01	0	0	0
TCGA-25-1314-01	0	0	0
TCGA-24-2295-01	0	0	0
TCGA-09-2050-01	0	0	0
TCGA-09-2044-01	0	0	0
TCGA-24-2297-01	0	0	0
TCGA-59-2352-01	0	0	0
TCGA-59-2351-01	0	0	0
TCGA-25-2392-01	0	0	0
TCGA-09-2045-01	0	0	0
TCGA-24-2280-01	0	0	0
TCGA-25-2397-01	0	0	0
TCGA-25-2391-01	0	0	0
TCGA-25-2409-01	0	0	0
TCGA-29-2427-01	0	0	0
TCGA-29-2414-01	0	0	0
TCGA-09-2055-01	0	0	0
TCGA-24-2271-01	0	0	0
TCGA-25-2042-01	0	0	0
TCGA-09-2051-01	0	0	0
TCGA-25-2399-01	0	0	0
TCGA-24-2298-01	0	0	0
TCGA-29-2428-01	0	0	0
TCGA-24-2289-01	0	0	0
TCGA-13-2060-01	0	0	0
TCGA-59-2363-01	0	0	0
TCGA-24-2290-01	0	0	0
TCGA-25-2396-01	0	0	0
TCGA-24-2288-01	0	0	0
TCGA-25-2398-01	0	0	0
TCGA-59-2348-01	0	0	0
TCGA-24-2281-01	0	0	0
TCGA-24-2262-01	0	0	0
TCGA-09-2048-01	0	0	0
TCGA-29-2425-01	0	0	0
TCGA-59-2354-01	0	0	0
TCGA-25-2401-01	0	0	0
TCGA-25-2400-01	0	0	0
TCGA-59-2350-01	0	0	0
TCGA-25-2393-01	0	0	0
TCGA-29-1707-02	0	0	0
TCGA-13-1819-01	0	0	0
TCGA-13-1817-02	0	0	0
TCGA-61-1916-02	0	0	0
TCGA-61-2095-02	0	0	0
TCGA-29-1710-02	0	0	0
TCGA-13-1817-01	0	0	0
TCGA-29-1692-01	0	0	0
TCGA-13-1819-02	0	0	0
TCGA-29-1704-02	0	0	0
TCGA-29-1692-02	0	0	0
TCGA-13-0913-02	0	0	0
TCGA-29-1705-02	0	0	0
TCGA-29-2414-02	0	0	0
TCGA-36-2543-01	0	0	0
TCGA-04-1353-01	0	0	0
TCGA-36-2538-01	0	0	0
TCGA-36-2534-01	0	0	0
TCGA-13-2059-01	0	0	0
TCGA-36-2529-01	0	0	0
TCGA-23-2641-01	0	0	0
TCGA-13-2057-01	0	0	0
TCGA-13-2071-01	0	0	0
TCGA-04-1369-01	0	0	0
TCGA-36-2547-01	0	0	0
TCGA-36-2530-01	0	0	0
TCGA-29-2429-01	0	0	0
TCGA-36-2552-01	0	0	0
TCGA-29-2431-01	0	0	0
TCGA-04-1516-01	0	0	0
TCGA-13-2066-01	0	0	0
TCGA-23-2647-01	0	0	0
TCGA-36-2549-01	0	0	0
TCGA-36-2544-01	0	0	0
TCGA-13-2061-01	0	0	0
TCGA-36-2540-01	0	0	0
TCGA-42-2590-01	0	0	0
TCGA-29-2434-01	0	0	0
TCGA-42-2589-01	0	0	0
TCGA-36-2539-01	0	0	0
TCGA-23-2649-01	0	0	0
TCGA-61-2612-01	0	0	0
TCGA-42-2582-01	0	0	0
TCGA-36-2551-01	0	0	0
TCGA-42-2588-01	0	0	0
TCGA-42-2591-01	0	0	0
TCGA-42-2587-01	0	0	0
TCGA-61-2614-01	0	0	0
TCGA-42-2593-01	0	0	0
TCGA-23-2645-01	0	0	0
TCGA-29-2436-01	0	0	0
TCGA-61-2610-02	0	0	0
TCGA-36-2533-01	0	0	0
TCGA-59-2372-01	0	0	0
TCGA-36-2545-01	0	0	0
TCGA-3P-A9WA-01	0	0	0
TCGA-13-A5FT-01	0	0	0
TCGA-WR-A838-01	0	0	0
TCGA-OY-A56P-01	0	0	0
TCGA-VG-A8LO-01	0	0	0
TCGA-59-A5PD-01	0	0	0
TCGA-13-0910-01	0	0	0
TCGA-24-0980-01	0	0	0
TCGA-13-0897-01	0	0	0
TCGA-10-0937-01	0	0	0
TCGA-13-0903-01	0	0	0
TCGA-13-0924-01	0	0	0
TCGA-13-0891-01	0	0	0
TCGA-13-0886-01	0	0	0
TCGA-13-0807-01	0	0	0
TCGA-10-0935-01	0	0	0
TCGA-10-0928-01	0	0	0
TCGA-13-0904-01	0	0	0
TCGA-13-0923-01	0	0	0
TCGA-13-0921-01	0	0	0
TCGA-13-0887-01	0	0	0
TCGA-10-0927-01	0	0	0
TCGA-13-0899-01	0	0	0
TCGA-13-0906-01	0	0	0
TCGA-13-0889-01	0	0	0
TCGA-13-0885-01	0	0	0
TCGA-13-0883-01	0	0	0
TCGA-10-0936-01	0	0	0
TCGA-10-0930-01	0	0	0
TCGA-13-0920-01	0	0	0
TCGA-13-0912-01	0	0	0
TCGA-13-0913-01	0	0	0
TCGA-10-0934-01	0	0	0
TCGA-10-0931-01	0	0	0
TCGA-13-0919-01	0	0	0
TCGA-13-0911-01	0	0	0
TCGA-61-1728-01	0	0	0
TCGA-57-1994-01	0	0	0
TCGA-30-1860-01	0	0	0
TCGA-31-1944-01	0	0	0
TCGA-24-1930-01	0	0	0
TCGA-30-1862-01	0	0	0
TCGA-24-1920-01	0	0	0
TCGA-30-1859-01	0	0	0
TCGA-57-1993-01	0	0	0
TCGA-24-1924-01	0	0	0
TCGA-25-1871-01	0	0	0
TCGA-31-1950-01	0	0	0
TCGA-24-1923-01	0	0	0
TCGA-24-2020-01	0	0	0
TCGA-30-1891-01	0	0	0
TCGA-25-1877-01	0	0	0
TCGA-24-2023-01	0	0	0
TCGA-61-1743-01	0	0	0
TCGA-30-1887-01	0	0	0
TCGA-61-1917-01	0	0	0
TCGA-61-1724-01	0	0	0
TCGA-30-1892-01	0	0	0
TCGA-31-1953-01	0	0	0
TCGA-10-0925-01	0	0	0
TCGA-57-1992-01	0	0	0
TCGA-24-1927-01	0	0	0
TCGA-61-1919-01	0	0	0
TCGA-24-2027-01	0	0	0
TCGA-24-2029-01	0	0	0
TCGA-31-1955-01	0	0	0
TCGA-29-1784-01	0	0	0
TCGA-20-1685-01	0	0	0
TCGA-30-1714-01	0	0	0
TCGA-09-1673-01	0	0	0
TCGA-20-1686-01	0	0	0
TCGA-29-1688-01	0	0	0
TCGA-20-1684-01	0	0	0
TCGA-24-1847-01	0	0	0
TCGA-29-1711-01	0	0	0
TCGA-29-1697-01	0	0	0
TCGA-29-1701-01	0	0	0
TCGA-20-1682-01	0	0	0
TCGA-29-1690-01	0	0	0
TCGA-29-1695-01	0	0	0
TCGA-29-1770-02	0	0	0
TCGA-29-1764-01	0	0	0
TCGA-20-1683-01	0	0	0
TCGA-29-1763-01	0	0	0
TCGA-29-1702-01	0	0	0
TCGA-09-1675-01	0	0	0
TCGA-30-1718-01	0	0	0
TCGA-29-1766-01	0	0	0
TCGA-57-1586-01	0	0	0
TCGA-29-1710-01	0	0	0
TCGA-29-1703-01	0	0	0
TCGA-29-1698-01	0	0	0
TCGA-29-1691-01	0	0	0
TCGA-29-1707-01	0	0	0
TCGA-29-1761-01	0	0	0
TCGA-09-1672-01	0	0	0
TCGA-29-1705-01	0	0	0
TCGA-09-1674-01	0	0	0
TCGA-29-1781-01	0	0	0
TCGA-29-1783-01	0	0	0
TCGA-29-1771-01	0	0	0
TCGA-29-1770-01	0	0	0
TCGA-29-1762-01	0	0	0
TCGA-23-1809-01	0	0	0
TCGA-29-1785-01	0	0	0
TCGA-29-1694-01	0	0	0
TCGA-23-1114-01	0	0	0
TCGA-29-1693-01	0	0	0
TCGA-24-1425-01	0	0	0
TCGA-24-1471-01	0	0	0
TCGA-24-1474-01	0	0	0
TCGA-24-1562-01	0	0	0
TCGA-24-1552-01	0	0	0
TCGA-24-1563-01	0	0	0
TCGA-24-1603-01	0	0	0
TCGA-04-1514-01	0	0	0
TCGA-24-1614-01	0	0	0
TCGA-24-1549-01	0	0	0
TCGA-24-1550-01	0	0	0
TCGA-24-1470-01	0	0	0
TCGA-04-1530-01	0	0	0
TCGA-24-1469-01	0	0	0
TCGA-24-0968-01	0	0	0
TCGA-23-1120-01	0	0	0
TCGA-20-0987-01	0	0	0
TCGA-04-1332-01	0	0	0
TCGA-23-1027-01	0	0	0
TCGA-23-1028-01	0	0	0
TCGA-20-0996-01	0	0	0
TCGA-23-1031-01	0	0	0
TCGA-23-1021-01	0	0	0
TCGA-23-1116-01	0	0	0
TCGA-24-0979-01	0	0	0
TCGA-23-1022-01	0	0	0
TCGA-04-1336-01	0	0	0
TCGA-24-0970-01	0	0	0
TCGA-04-1335-01	0	0	0
TCGA-24-1104-01	0	0	0
TCGA-23-1119-01	0	0	0
TCGA-23-1023-01	0	0	0
TCGA-23-1122-01	0	0	0
TCGA-20-0990-01	0	0	0
TCGA-04-1347-01	0	0	0
TCGA-04-1346-01	0	0	0
TCGA-23-1121-01	0	0	0
TCGA-23-1026-01	0	0	0
TCGA-23-1110-01	0	0	0
TCGA-24-1103-01	0	0	0
TCGA-04-1341-01	0	0	0
TCGA-04-1338-01	0	0	0
TCGA-23-1109-01	0	0	0
TCGA-23-1123-01	0	0	0
TCGA-04-1331-01	0	0	0
TCGA-23-1118-01	0	0	0
TCGA-23-1117-01	0	0	0
TCGA-09-2053-01	0	0	0
TCGA-24-2019-01	0	0	0
TCGA-61-2109-01	0	0	0
TCGA-61-2102-01	0	0	0
TCGA-61-2012-01	0	0	0
TCGA-61-2104-01	0	0	0
TCGA-61-2092-01	0	0	0
TCGA-24-2024-01	0	0	0
TCGA-24-2035-01	0	0	0
TCGA-61-2088-01	0	0	0
TCGA-61-1734-01	0	0	0
TCGA-61-2096-01	0	0	0
TCGA-09-2054-01	0	0	0
TCGA-61-2018-01	0	0	0
TCGA-23-2079-01	0	0	0
TCGA-61-2095-01	0	0	0
TCGA-61-2111-01	0	0	0
TCGA-61-2008-02	0	0	0
TCGA-61-2009-01	0	0	0
TCGA-23-2084-01	0	0	0
TCGA-24-2254-01	0	0	0
TCGA-61-2113-01	0	0	0
TCGA-61-2110-01	0	0	0
TCGA-61-2000-01	0	0	0
TCGA-61-2094-01	0	0	0
TCGA-24-2036-01	0	0	0
TCGA-24-2033-01	0	0	0
TCGA-61-2008-01	0	0	0
TCGA-23-2077-01	0	0	0
TCGA-61-1736-01	0	0	0
TCGA-61-2097-01	0	0	0
TCGA-61-2016-01	0	0	0
TCGA-09-2056-01	0	0	0
TCGA-61-2087-01	0	0	0
TCGA-24-2030-01	0	0	0
TCGA-61-2002-01	0	0	0
X103	0.264525417393288	0.00016144039711912	0.264686857790408
X1097	0.405085097159133	0.00016144039711912	0.408131977344356
X1172	0.469992331745036	0.00016144039711912	0.473957865154474
X1177	0	0	0
X120	0.368191459198206	0.00016144039711912	0.370300018293574
X1237	0	0	0
X1283	0	0	0
X137	0	0	0
X1471	0.347893836696515	0.00016144039711912	0.476697049776721
X1552	0	0	0
X1582	0.195109324609673	0.00016144039711912	0.195308461749267
X1634	0	0	0
X1928	0	0	0
X2212	0.0130996180098941	0.00016144039711912	0.0132610584070132
X2360	0.119217587064458	0.000290920512575064	0.119508507577033
X2503	0	0	0
X2700	0	0	0
X2716	0	0	0
X2797	0	0	0
X2998	0	0	0
X3080	0.0689694683347322	0.00016144039711912	0.0691309087318513
X3225	0	0	0
X3238	0.13477486878481	0.00016144039711912	0.134936309181929
X3349	0.255873195500986	0.00016144039711912	0.258223505444831
X429	0.0795581554980629	0.00016144039711912	0.079719595895182
X655	0.389976898370869	0.000271252646936186	0.459445438796188
X736	0.0795524190372516	0.00016144039711912	0.0797138594343707
X80	0	0	0
X860	0.34148741462702	0.00016144039711912	0.341648855024139
X970	0.388908277671157	0.00016144039711912	0.400946650430953
OVCA104	0	0	0
OVCA120	0	0	0
OVCA130	0.408722832807924	0.000258960230911888	0.408981793038836
OVCA133	0.24262486384203	0.000257321242108648	0.476697049776721
OVCA134	0.349618052917523	0.000258960230911888	0.476697049776721
OVCA135	0.270420860118542	0.00103338244044269	0.282779655189372
OVCA136	0.113904804858756	0.000258140736510268	0.114162945595266
OVCA139	0.264908940773247	0.000257321242108648	0.265166262015355
OVCA140	0.0573031460332714	0.00175535700826982	0.0590585030415412
OVCA141	0.102588406666787	0.00103338244044269	0.10362178910723
OVCA143	0	0	0
OVCA144	0.268700741369542	0.000258140736510268	0.268958882106052
OVCA145	0.0362445983948448	0.000258140736510268	0.0365027391313551
OVCA146	0.470044779386739	0.00103338244044269	0.471078161827182
OVCA148	0.246707150618867	0.00434987628379842	0.251057026902665
OVCA149	0.366332845895332	0.00131446902019832	0.367692387107619
OVCA150	0.213506154431638	0.000288462029370204	0.21514104576287
OVCA155	0.00598886508703821	0.000258140736510268	0.00624700582354848
OVCA158	0.18018879003938	0.000258140736510268	0.18044693077589
OVCA165	0.215563085379704	0.000258960230911888	0.215822045610616
OVCA167	0.449747542047418	0.000258140736510268	0.450005682783928
OVCA168	0.133360421447614	0.000257321242108648	0.133617742689723
OVCA172	0	0	0
OVCA173	0.145920812141242	0.000288462029370204	0.146209274170612
OVCA174	0.476439728534612	0.000257321242108648	0.476697049776721
OVCA175	0.311426720986798	0.000258140736510268	0.311684861723309
OVCA176	0.313177161028659	0.000258960230911888	0.31343612125957
OVCA177	0.39988786366406	0.000258960230911888	0.400146823894972
OVCA178	0.468993368069461	0.000257321242108648	0.46925068931157
OVCA180	0.151611381266091	0.000257321242108648	0.151868702508199
OVCA181	0.373178082632063	0.00103338244044269	0.374211465072505
OVCA183	0.43707078314876	0.000258960230911888	0.437329743379671
OVCA185	0	0	0
OVCA186	0.18377080006886	0.0017545375138682	0.185525337582729
OVCA188	0.476439728534612	0.000257321242108648	0.476697049776721
OVCA189	0.185856413320983	0.000258960230911888	0.186115373551895
OVCA190	0.308967418287537	0.000257321242108648	0.309224739529646
OVCA193	0.365190470699473	0.000258140736510268	0.365451069919189
OVCA197	0	0	0
OVCA20-02	0.476439728534612	0.000257321242108648	0.476697049776721
OVCA206	0.265854637312716	0.000258140736510268	0.266112778049226
OVCA208	0	0	0
OVCA219	0.0622487947470474	0.000258140736510268	0.0625069354835577
OVCA222	0.153033204052901	0.00175617650267144	0.154789380555573
OVCA224	0.0961512781420626	0.000257321242108648	0.0964085993841713
OVCA227	0.476438089545809	0.000258960230911888	0.476697049776721
OVCA229	0.000612162318010064	0.000258960230911888	0.000871122548921951
OVCA230	0.0415475466677272	0.000258140736510268	0.0418056874042375
OVCA233	0.476438089545809	0.000258960230911888	0.476697049776721
OVCA235	0.350040092534358	0.000258140736510268	0.476697049776721
OVCA237	0.447386578676351	0.000257321242108648	0.44764389991846
OVCA239	0.0412959618864299	0.000258960230911888	0.0415549221173418
OVCA241	0	0	0
OVCA246	0.233483788954328	0.000257321242108648	0.233741110196437
OVCA249	0.28850054560708	0.000289281523771824	0.288789827130852
OVCA250	0.0494482921937446	0.000257321242108648	0.0497056134358533
OVCA252	0.127480549115991	0.000258140736510268	0.127738689852502
OVCA253	0.207291108889753	0.000257321242108648	0.207548430131862
OVCA256	0.476438089545809	0.000258960230911888	0.476697049776721
OVCA257	0.269213744864956	0.000258960230911888	0.269472705095868
OVCA259	0.221664221199765	0.000258140736510268	0.221922361936275
OVCA260	0.165693573063527	0.000258140736510268	0.165951713800037
OVCA261	0.0469652241568363	0.000258140736510268	0.0472233648933466
OVCA263	0.0978509095310223	0.000257321242108648	0.0981082307731309
OVCA266	0.178642404103523	0.000288462029370204	0.179061165742751
OVCA274	0.00365412553682312	0.000258140736510268	0.00391226627333339
OVCA280	0.33620085624217	0.000258960230911888	0.336664690073486
OVCA285	0.476396295331326	0.000257321242108648	0.476697049776721
OVCA292	0	0	0
OVCA32	0	0	0
OVCA325	0.000611342823608444	0.000258960230911888	0.000870303054520332
OVCA329	0	0	0
OVCA352	0.327780551265525	0.000258140736510268	0.328038692002035
OVCA354	0.179705288342424	0.000257321242108648	0.179962609584533
OVCA381	0.120591059681573	0.000258960230911888	0.120850019912485
OVCA387	0	0	0
OVCA399	0.335910755223996	0.000257321242108648	0.448231477404421
OVCA415	0.476439728534612	0.000257321242108648	0.476697049776721
OVCA420	0.0020634869032789	0.000257321242108648	0.00232080814538755
OVCA424	0.00290838563134902	0.000257321242108648	0.00316570687345767
OVCA7-02	0.0020962666793437	0.000258140736510268	0.00235440741585397
OVCA78	0	0	0
GSM692776_JB0175	0.0172967815119506	0.00490410854255797	0.0222008900545086
