Sample	Percent	Start	End
P-0000067-T02-IM5	0.454489079290582	0.739862581770073	1.19435166106066
P-0000199-T01-IM3	0	0	0
P-0000269-T01-IM3	0	0	0
P-0000334-T01-IM3	0	0	0
P-0000366-T01-IM3	0	0	0
P-0000403-T01-IM3	0	0	0
P-0000633-T01-IM3	0	0	0
P-0000666-T01-IM3	0	0	0
P-0000667-T01-IM3	0	0	0
P-0001050-T01-IM3	0.81839283724524	0.375961618291325	1.19435445553657
P-0001086-T01-IM3	0.113379926889463	1.08097683962132	1.19435676651078
P-0001140-T01-IM3	0	0	0
P-0001421-T01-IM3	0	0	0
P-0001457-T01-IM3	0.752636434365435	0.44171802117113	1.19435445553657
P-0001570-T01-IM3	0	0	0
P-0001575-T01-IM3	0.0319786875074364	1.16237807900334	1.19435676651078
P-0001616-T01-IM3	0	0	0
P-0001634-T01-IM3	0	0	0
P-0001677-T01-IM3	0	0	0
P-0001747-T01-IM3	0	0	0
P-0001796-T01-IM3	0	0	0
P-0001801-T01-IM3	0	0	0
P-0001848-T01-IM3	0.743606605842754	0.44171802117113	1.19435676651078
P-0001911-T01-IM3	0	0	0
P-0001985-T01-IM3	0.40909029409761	0.375961618291325	1.19435676651078
P-0001992-T01-IM3	0	0	0
P-0002010-T02-IM5	0	0	0
P-0002110-T02-IM6	0.746994518623211	0.44171802117113	1.19435676651078
P-0002116-T01-IM3	0	0	0
P-0002285-T01-IM3	0	0	0
P-0002302-T01-IM3	0.0482594024956506	0.44171802117113	0.48997742366678
P-0002310-T01-IM3	0	0	0
P-0002692-T01-IM3	0	0	0
P-0002771-T01-IM3	0.25214583174949	0.85111301967715	1.19435676651078
P-0003050-T01-IM5	0	0	0
P-0003102-T01-IM5	0	0	0
P-0003194-T01-IM5	0	0	0
P-0003748-T01-IM5	0	0	0
P-0003818-T01-IM5	0	0	0
P-0003829-T01-IM5	0	0	0
P-0003873-T01-IM5	0.3805566709102	0.806235187075288	1.19435166106066
P-0004829-T01-IM5	0.295077783089649	0.899278983421128	1.19435676651078
P-0004945-T01-IM5	0	0	0
P-0005531-T01-IM5	0.666918016526236	0.44171802117113	1.19435676651078
P-0005745-T01-IM5	0	0	0
P-0005775-T02-IM5	0.740651386106353	0.453705380404425	1.19435676651078
P-0005946-T01-IM5	0	0	0
P-0006492-T01-IM5	0.210374284482024	0.983982482028754	1.19435676651078
P-0006656-T01-IM5	0.0778339064972786	0.375961618291325	0.453795524788603
P-0007535-T01-IM5	0.800763562269721	0.375961618291325	1.19435676651078
P-0007738-T01-IM5	0	0	0
P-0008037-T01-IM5	0	0	0
P-0008052-T01-IM5	0.38812157943549	0.806235187075288	1.19435676651078
P-0009394-T02-IM6	0	0	0
P-0009524-T01-IM5	0.743606605842754	0.44171802117113	1.19435676651078
P-0009601-T01-IM5	0	0	0
P-0009750-T01-IM5	0	0	0
P-0009840-T01-IM5	0	0	0
P-0010214-T01-IM5	9.01443841781888e-05	0.453705380404425	0.453795524788603
P-0010225-T01-IM5	0.752638745339648	0.44171802117113	1.19435676651078
P-0010357-T01-IM5	0.660100347581175	0.53425410795539	1.19435445553657
P-0010510-T01-IM5	0.0778339064972786	0.375961618291325	0.453795524788603
P-0010598-T01-IM5	0	0	0
P-0010705-T01-IM5	0	0	0
P-0011589-T01-IM5	0.454491873766492	0.739862581770073	1.19435445553657
P-0012367-T01-IM5	0	0	0
P-0013101-T01-IM5	0	0	0
P-0013630-T01-IM5	0	0	0
P-0013699-T01-IM5	0	0	0
P-0014032-T01-IM5	0	0	0
P-0014401-T01-IM6	0	0	0
P-0014409-T02-IM6	0	0	0
P-0014561-T01-IM6	0.017349073449718	0.564342361192338	0.581691434642056
P-0014723-T01-IM6	0	0	0
P-0015076-T01-IM6	0	0	0
P-0015095-T01-IM6	0	0	0
P-0015457-T01-IM6	0.352691861688783	0.564342361192338	1.19435676651078
P-0015651-T03-IM6	0	0	0
P-0015726-T01-IM6	0.818395148219453	0.375961618291325	1.19435676651078
P-0015810-T01-IM6	0.556497865762048	0.564342361192338	1.19435676651078
P-0015819-T01-IM6	0.752638745339648	0.44171802117113	1.19435676651078
P-0016129-T01-IM6	0	0	0
P-0016322-T01-IM6	0	0	0
P-0016553-T01-IM6	0	0	0
P-0017005-T01-IM6	0.139273614421607	1.05508315208917	1.19435676651078
P-0017175-T01-IM6	0	0	0
P-0017434-T01-IM6	0.752638745339648	0.44171802117113	1.19435676651078
P-0018024-T01-IM6	0	0	0
P-0018202-T01-IM6	0	0	0
P-0018211-T01-IM6	0	0	0
P-0018212-T01-IM6	0.213586743511094	0.895181740871461	1.19435676651078
P-0018534-T01-IM6	0.0482594024956506	0.44171802117113	0.48997742366678
P-0018550-T01-IM6	0	0	0
P-0018606-T01-IM6	0.195319959255722	0.995719452942579	1.19435166106066
P-0018612-T01-IM6	0.197514598043036	0.965854749583449	1.19435445553657
P-0018647-T01-IM6	0	0	0
P-0018755-T01-IM6	0.81839283724524	0.375961618291325	1.19435445553657
P-0018757-T01-IM6	0.139601485936751	0.965854749583449	1.19435676651078
P-0019008-T01-IM6	9.01443841781888e-05	0.453705380404425	0.453795524788603
P-0019325-T01-IM6	0	0	0
P-0019337-T01-IM6	0.752638745339648	0.44171802117113	1.19435676651078
P-0019383-T01-IM6	0	0	0
P-0019391-T01-IM6	0.282271437541263	0.912085328969515	1.19435676651078
P-0019454-T01-IM6	0.124449993259249	0.564342361192338	0.688792354451587
P-0019668-T01-IM6	0.162818524464436	1.03153824204634	1.19435676651078
P-0019841-T01-IM6	0	0	0
P-0019908-T01-IM6	0	0	0
P-0019934-T01-IM6	0	0	0
P-0019940-T01-IM6	0	0	0
P-0020006-T01-IM6	0	0	0
P-0020007-T01-IM6	0	0	0
P-0020012-T01-IM6	0	0	0
P-0020058-T01-IM6	0.597797113821028	0.542373076645615	1.19435166106066
P-0020067-T01-IM6	0	0	0
P-0020105-T01-IM6	0.16778951194511	0.965854749583449	1.19435445553657
P-0020118-T01-IM6	0.0344212807158487	1.15993038034481	1.19435166106066
P-0020161-T01-IM6	0	0	0
P-0020298-T01-IM6	0	0	0
P-0020315-T01-IM6	0	0	0
P-0020323-T01-IM6	0	0	0
P-0020364-T01-IM6	0	0	0
P-0020385-T01-IM6	0.216363870724135	0.895181740871461	1.19435676651078
P-0020434-T01-IM6	0	0	0
P-0020515-T01-IM6	0	0	0
P-0020682-T01-IM6	0	0	0
P-0020687-T01-IM6	0	0	0
P-0020698-T01-IM6	0	0	0
P-0020767-T01-IM6	0	0	0
P-0020831-T01-IM6	0	0	0
P-0020924-T01-IM6	0	0	0
P-0020968-T01-IM6	0	0	0
P-0020970-T01-IM6	0.225189768064974	0.965854749583449	1.19435676651078
P-0021030-T01-IM6	0	0	0
P-0021045-T02-IM6	0	0	0
P-0021114-T01-IM6	0	0	0
P-0021272-T01-IM6	0.0120775036174737	0.44171802117113	0.453795524788603
P-0021402-T01-IM6	0.0120775036174737	0.44171802117113	0.453795524788603
P-0021409-T01-IM6	0	0	0
P-0021499-T01-IM6	0.752638745339648	0.44171802117113	1.19435676651078
P-0021534-T01-IM6	0	0	0
P-0021602-T01-IM6	0	0	0
P-0021632-T01-IM6	0	0	0
P-0021742-T01-IM6	0	0	0
P-0021750-T01-IM6	0	0	0
P-0021785-T01-IM6	0	0	0
P-0021891-T01-IM6	9.01443841781888e-05	0.453705380404425	0.453795524788603
P-0021908-T01-IM6	0	0	0
P-0021920-T01-IM6	0.266665395904015	0.912085328969515	1.19435166106066
P-0021924-T01-IM6	0	0	0
P-0022003-T01-IM6	0	0	0
P-0022059-T01-IM6	0	0	0
P-0022079-T01-IM6	0	0	0
P-0022130-T01-IM6	0	0	0
P-0022131-T01-IM6	0	0	0
P-0022522-T01-IM6	0	0	0
P-0022535-T01-IM6	0	0	0
P-0022640-T01-IM6	0	0	0
P-0022754-T01-IM6	0	0	0
P-0022781-T01-IM6	0	0	0
P-0022867-T01-IM6	0.818395148219453	0.375961618291325	1.19435676651078
P-0023037-T01-IM6	0.470650557843361	0.708742240893838	1.19435676651078
P-0023069-T01-IM6	0	0	0
P-0023372-T01-IM6	0.0870154889932519	1.03153824204634	1.19435166106066
P-0023506-T01-IM6	0.702717834334601	0.44171802117113	1.19435676651078
P-0023507-T01-IM6	0.162816213490223	1.03153824204634	1.19435445553657
P-0023620-T01-IM6	0.749326496477293	0.44171802117113	1.19435676651078
P-0023632-T01-IM6	0	0	0
P-0023661-T01-IM6	0.0120775036174737	0.44171802117113	0.453795524788603
P-0023856-T01-IM6	0	0	0
P-0023920-T01-IM6	0	0	0
P-0023996-T01-IM6	0.0189266001728363	1.15993038034481	1.19435676651078
P-0024019-T01-IM6	0.0344263861659708	1.15993038034481	1.19435676651078
P-0024048-T01-IM6	0	0	0
P-0024118-T01-IM6	9.01443841781888e-05	0.453705380404425	0.453795524788603
P-0024149-T01-IM6	0	0	0
P-0024181-T01-IM6	0	0	0
P-0024318-T01-IM6	0	0	0
P-0024405-T01-IM6	0	0	0
P-0024448-T01-IM6	0.237579236811256	0.375961618291325	0.613540855102581
P-0024661-T01-IM6	0	0	0
P-0024723-T01-IM6	0.213933586321635	0.96586615694552	1.19435166106066
P-0024726-T01-IM6	0.343101736648771	0.85111301967715	1.19435676651078
P-0024740-T01-IM6	0.000156212022836785	0.965854749583449	0.966010961606286
P-0024926-T01-IM6	0	0	0
P-0024935-T01-IM6	0	0	0
P-0024971-T01-IM6	0	0	0
P-0025000-T01-IM6	0	0	0
P-0025026-T01-IM6	0.818395148219453	0.375961618291325	1.19435676651078
P-0025135-T01-IM6	0	0	0
P-0025136-T01-IM6	0	0	0
P-0025454-T01-IM6	0.0344263861659708	1.15993038034481	1.19435676651078
P-0025545-T01-IM6	0	0	0
P-0025645-T01-IM6	0.818395148219453	0.375961618291325	1.19435676651078
P-0025761-T01-IM6	0.184080290324576	0.995719452942579	1.19435166106066
P-0025802-T02-IM6	0.388209412845455	0.453705380404425	1.19435445553657
P-0025946-T01-IM6	0	0	0
P-0025958-T01-IM6	0	0	0
P-0025993-T01-IM6	0.0657564028798049	0.375961618291325	0.44171802117113
P-0026190-T01-IM6	0	0	0
P-0026493-T01-IM6	0.00021389623376681	0.613464986310879	0.613678882544646
P-0026504-T01-IM6	0	0	0
P-0026514-T01-IM6	0.607496288981064	0.564342361192338	1.19435166106066
P-0026539-T01-IM6	0	0	0
P-0026707-T01-IM6	0.716948248084458	0.44171802117113	1.19435445553657
P-0026882-T01-IM6	0.638139266173412	0.375961618291325	1.19435676651078
P-0026969-T01-IM6	0	0	0
P-0027019-T01-IM6	0.228502016927329	0.965854749583449	1.19435676651078
P-0027035-T01-IM6	9.01443841781888e-05	0.453705380404425	0.453795524788603
P-0027075-T01-IM6	0.569177861663592	0.564878449845046	1.19435445553657
P-0027103-T01-IM6	0	0	0
P-0027163-T01-IM6	0	0	0
P-0027239-T01-IM6	0	0	0
P-0027262-T01-IM6	9.01443841781888e-05	0.453705380404425	0.453795524788603
P-0027872-T01-IM6	0.139273614421607	1.05508315208917	1.19435676651078
P-0027886-T01-IM6	0	0	0
P-0027958-T01-IM6	0	0	0
P-0027999-T01-IM6	0.448643322510899	0.745713443999879	1.19435676651078
P-0028308-T01-IM6	0	0	0
P-0028326-T01-IM6	0	0	0
P-0028328-T01-IM6	0	0	0
P-0028330-T01-IM6	0.749326496477293	0.44171802117113	1.19435676651078
P-0028414-T01-IM6	0.752638745339648	0.44171802117113	1.19435676651078
P-0028432-T01-IM6	0.320448149691863	0.802807946758498	1.19435676651078
P-0028499-T01-IM6	0	0	0
P-0028513-T01-IM6	0	0	0
P-0028549-T01-IM6	0.752638745339648	0.44171802117113	1.19435676651078
P-0028702-T01-IM6	0	0	0
P-0028778-T01-IM6	0	0	0
P-0029084-T01-IM6	0	0	0
P-0029292-T01-IM6	0	0	0
P-0029354-T01-IM6	0	0	0
P-0029393-T01-IM6	0.295077783089649	0.899278983421128	1.19435676651078
P-0029395-T01-IM6	0.64460056158804	0.53425410795539	1.19435445553657
P-0029463-T01-IM6	0	0	0
P-0029464-T01-IM6	0	0	0
P-0029474-T01-IM6	0	0	0
P-0029537-T01-IM6	0.228502016927329	0.965854749583449	1.19435676651078
P-0029548-T01-IM6	0.142585863283962	1.05177090322682	1.19435676651078
P-0029723-T01-IM6	0	0	0
P-0029830-T01-IM6	0	0	0
P-0029835-T01-IM6	0.299175025639316	0.895181740871461	1.19435676651078
P-0029946-T01-IM6	0	0	0
P-0030010-T01-IM6	0	0	0
P-0030023-T01-IM6	6.14620801214923e-05	0.453734062708482	0.453795524788603
P-0030033-T01-IM6	0	0	0
P-0030052-T01-IM6	0	0	0
P-0030339-T01-IM6	0	0	0
P-0030380-T01-IM6	0	0	0
P-0030569-T01-IM6	0	0	0
P-0030632-T01-IM6	0	0	0
P-0030669-T01-IM6	0.802890256776196	0.375961618291325	1.19435166106066
P-0030697-T01-IM6	0.0834781332137156	0.375961618291325	0.45943975150504
P-0030779-T01-IM6	0	0	0
P-0030836-T01-IM6	0.139271303447394	1.05508315208917	1.19435445553657
P-0030958-T01-IM6	0	0	0
P-0031210-T01-IM6	0	0	0
P-0031382-T01-IM6	0.000386735798012462	0.745312334270062	0.745699070068074
P-0031385-T01-IM6	0.0340143361858923	1.15993038034481	1.19435676651078
P-0031395-T01-IM6	0	0	0
P-0031402-T01-IM6	0	0	0
P-0031498-T01-IM6	0.630009299868318	0.564342361192338	1.19435166106066
P-0031648-T01-IM6	0	0	0
P-0031687-T01-IM6	0.139271303447394	1.05508315208917	1.19435445553657
P-0031749-T01-IM6	0	0	0
P-0032093-T01-IM6	0.0120775036174737	0.44171802117113	0.453795524788603
P-0032130-T02-IM6	0.0834781332137156	0.375961618291325	0.45943975150504
P-0032339-T01-IM6	0	0	0
P-0032813-T02-IM6	0.65198137889095	0.542373076645615	1.19435445553657
P-0032819-T01-IM6	0	0	0
P-0033193-T01-IM6	0	0	0
P-0033218-T02-IM6	0	0	0
P-0033335-T01-IM6	0.677275999625622	0.375961618291325	1.19435676651078
P-0033345-T01-IM6	0.28226912656705	0.912085328969515	1.19435445553657
P-0033787-T01-IM6	0	0	0
P-0033798-T01-IM6	0	0	0
P-0033879-T01-IM6	0	0	0
P-0034038-T01-IM6	0.126979821646714	1.05177090322682	1.19435166106066
P-0034102-T01-IM6	5.81841025150127e-05	1.05508315208917	1.05514133619169
P-0034239-T01-IM6	0.174488132938447	0.53425410795539	0.708742240893838
P-0034383-T01-IM6	0	0	0
P-0034418-T01-IM6	0	0	0
P-0034814-T01-IM6	0.624617944539389	0.453705380404425	1.19435676651078
P-0034885-T01-IM6	0	0	0
P-0034907-T01-IM6	0.139273614421607	1.05508315208917	1.19435676651078
P-0035101-T01-IM6	0	0	0
P-0035378-T01-IM6	0	0	0
P-0035382-T01-IM6	0	0	0
P-0035556-T01-IM6	0.282271437541263	0.912085328969515	1.19435676651078
P-0036061-T01-IM6	0	0	0
P-0036236-T01-IM6	0	0	0
P-0036321-T01-IM6	0	0	0
P-0036325-T01-IM6	0.818368178658696	0.375961618291325	1.19435676651078
P-0036326-T01-IM6	0.681866331956744	0.48997742366678	1.19435676651078
P-0036348-T01-IM6	0	0	0
P-0036409-T01-IM6	0	0	0
P-0036457-T01-IM6	0	0	0
P-0036488-T01-IM6	0	0	0
P-0036515-T01-IM6	0	0	0
P-0036542-T01-IM6	0.0189242891986237	1.15993038034481	1.19435445553657
P-0036582-T01-IM6	0	0	0
P-0036627-T01-IM6	0.0184862038814058	1.17586545717925	1.19435166106066
P-0036673-T01-IM6	0.394107986039323	0.44171802117113	1.19435445553657
P-0036705-T01-IM6	0.0482594024956506	0.44171802117113	0.48997742366678
P-0036717-T01-IM6	0	0	0
P-0036720-T01-IM6	0.0344240751917582	1.15993038034481	1.19435445553657
P-0036766-T01-IM6	0	0	0
P-0036779-T01-IM6	0.114015805375455	0.375961618291325	0.48997742366678
P-0036828-T01-IM6	0.000141936430360566	0.581549498211695	0.581691434642056
P-0036869-T01-IM6	0.399690029520565	0.564342361192338	1.19435676651078
P-0036872-T01-IM6	0	0	0
P-0036874-T01-IM6	0.752638745339648	0.44171802117113	1.19435676651078
P-0036886-T01-IM6	0.210207460006686	0.965854749583449	1.19435676651078
P-0036895-T01-IM6	0	0	0
P-0036961-T01-IM6	0	0	0
P-0037049-T01-IM6	9.01443841781888e-05	0.453705380404425	0.453795524788603
P-0037070-T01-IM6	0	0	0
P-0037072-T01-IM6	0.0362720432623551	0.453705380404425	0.48997742366678
P-0037085-T01-IM6	0	0	0
P-0037087-T01-IM6	0.391546508778068	0.802807946758498	1.19435445553657
P-0037128-T01-IM6	0	0	0
P-0037160-T01-IM6	0.749326496477293	0.44171802117113	1.19435676651078
P-0037167-T01-IM6	0.228499705953116	0.965854749583449	1.19435445553657
P-0037189-T01-IM6	0	0	0
P-0037196-T01-IM6	0	0	0
P-0037263-T01-IM6	0	0	0
P-0037342-T01-IM6	0.71139728802587	0.375961618291325	1.19435676651078
P-0037425-T01-IM6	0.0120775036174737	0.44171802117113	0.453795524788603
P-0037460-T01-IM6	0	0	0
P-0037462-T01-IM6	0.63001440531844	0.564342361192338	1.19435676651078
P-0037478-T01-IM6	0.274840016459053	0.899278983421128	1.19435166106066
P-0037553-T01-IM6	0	0	0
P-0037702-T01-IM6	0.63001440531844	0.564342361192338	1.19435676651078
P-0037810-T01-IM6	0.22837418399562	0.965982582515158	1.19435676651078
P-0037819-T01-IM6	0.615462487524939	0.564342361192338	1.19435676651078
P-0037891-T01-IM6	0.142585863283962	1.05177090322682	1.19435676651078
P-0037905-T01-IM6	0	0	0
P-0037909-T01-IM6	0	0	0
P-0038047-T01-IM6	0	0	0
P-0038069-T01-IM6	0	0	0
P-0038093-T01-IM6	0	0	0
P-0038097-T01-IM6	0	0	0
P-0038147-T01-IM6	0.390799506851215	0.717535227339507	1.19435166106066
P-0038154-T01-IM6	0.593083275488638	0.375961618291325	1.19435445553657
P-0038155-T01-IM6	0	0	0
P-0038238-T01-IM6	0	0	0
P-0038295-T01-IM6	0	0	0
P-0038306-T01-IM6	0	0	0
P-0038387-T01-IM6	9.01443841781888e-05	0.453705380404425	0.453795524788603
P-0038427-T01-IM6	0	0	0
P-0038481-T01-IM6	0	0	0
P-0038526-T01-IM6	0.228496911477207	0.965854749583449	1.19435166106066
P-0038534-T01-IM6	0.570378814319278	0.453705380404425	1.19435676651078
P-0038543-T01-IM6	0	0	0
P-0038634-T01-IM6	0.0778339064972786	0.375961618291325	0.453795524788603
P-0038646-T01-IM6	0.504471296671814	0.453705380404425	1.19435676651078
P-0038660-T01-IM6	0.74718899283966	0.44171802117113	1.19435676651078
P-0038779-T01-IM6	0.0333094152965629	1.05177090322682	1.08508031852338
P-0038791-T01-IM6	0	0	0
P-0038960-T01-IM6	0	0	0
P-0038996-T01-IM6	0.139273614421607	1.05508315208917	1.19435676651078
P-0039012-T01-IM6	0	0	0
P-0039045-T01-IM6	0.752638745339648	0.44171802117113	1.19435676651078
P-0039070-T01-IM6	0.43623808669233	0.745312334270062	1.19435676651078
P-0039094-T01-IM6	0.162818524464436	1.03153824204634	1.19435676651078
P-0039227-T01-IM6	0	0	0
P-0039242-T01-IM6	0	0	0
P-0039273-T01-IM6	0.228502016927329	0.965854749583449	1.19435676651078
P-0039288-T01-IM6	0	0	0
P-0039289-T01-IM6	0	0	0
P-0039297-T01-IM6	0	0	0
P-0039301-T01-IM6	0	0	0
P-0039468-T01-IM6	0	0	0
P-0039500-T01-IM6	0	0	0
P-0039511-T02-IM6	0	0	0
P-0039563-T01-IM6	0	0	0
P-0039605-T01-IM6	0	0	0
P-0039685-T01-IM6	0	0	0
P-0039734-T01-IM6	0	0	0
P-0039749-T01-IM6	0.448854366904148	0.74550239960663	1.19435676651078
P-0039772-T01-IM6	0	0	0
P-0039774-T01-IM6	0	0	0
P-0039799-T01-IM6	0	0	0
P-0039804-T01-IM6	0	0	0
P-0039811-T01-IM6	0	0	0
P-0039816-T01-IM6	0	0	0
P-0039932-T01-IM6	0.378742474203894	0.802807946758498	1.19435676651078
P-0039993-T01-IM6	0.123385101259064	1.05177090322682	1.19435676651078
P-0040110-T01-IM6	0	0	0
P-0040119-T01-IM6	0.228502016927329	0.965854749583449	1.19435676651078
P-0040143-T01-IM6	0	0	0
P-0040154-T01-IM6	0	0	0
P-0040160-T02-IM6	0.162818524464436	1.03153824204634	1.19435676651078
P-0040177-T01-IM6	0	0	0
P-0040212-T01-IM6	0.139273614421607	1.05508315208917	1.19435676651078
P-0040343-T01-IM6	0.0344263861659708	1.15993038034481	1.19435676651078
P-0040386-T01-IM6	0	0	0
P-0040410-T01-IM6	0.192813830646352	0.965854749583449	1.19435676651078
P-0040504-T01-IM6	0.162818524464436	1.03153824204634	1.19435676651078
P-0040521-T01-IM6	0	0	0
P-0040523-T01-IM6	0	0	0
P-0040593-T01-IM6	9.01443841781888e-05	0.453705380404425	0.453795524788603
P-0040605-T01-IM6	0	0	0
P-0040702-T01-IM6	0.780679934341125	0.375961618291325	1.19435676651078
P-0040800-T01-IM6	0	0	0
P-0040803-T01-IM6	0	0	0
P-0040860-T01-IM6	0	0	0
P-0041035-T01-IM6	0.10181582831966	0.564342361192338	0.666158189511998
P-0041163-T01-IM6	0	0	0
P-0041191-T01-IM6	0.740651386106353	0.453705380404425	1.19435676651078
P-0041234-T01-IM6	0	0	0
P-0041235-T01-IM6	0	0	0
P-0041269-T01-IM6	0.139246907099058	1.05508315208917	1.19433005918823
P-0041285-T01-IM6	0	0	0
P-0041289-T01-IM6	0	0	0
P-0041338-T01-IM6	0	0	0
P-0041387-T01-IM6	0.0344263861659708	1.15993038034481	1.19435676651078
P-0041468-T01-IM6	0.350404054582949	0.843950400953616	1.19435445553657
P-0041535-T01-IM6	0.0344212807158487	1.15993038034481	1.19435166106066
P-0041544-T01-IM6	0	0	0
P-0041614-T01-IM6	0.0189214947227142	1.15993038034481	1.19435166106066
P-0041618-T01-IM6	0	0	0
P-0041733-T01-IM6	0	0	0
P-0041837-T01-IM6	9.01443841781888e-05	0.453705380404425	0.453795524788603
P-0041954-T01-IM6	0.391546508778068	0.802807946758498	1.19435445553657
P-0041962-T02-IM6	0	0	0
P-0041985-T01-IM6	0.434492514447215	0.745312334270062	1.19435676651078
P-0042152-T01-IM6	0	0	0
P-0042164-T01-IM6	0	0	0
P-0042201-T01-IM6	0	0	0
P-0042407-T01-IM6	0	0	0
P-0042422-T01-IM6	0.139273614421607	1.05508315208917	1.19435676651078
P-0042511-T01-IM6	0	0	0
P-0042584-T01-IM6	0.139271303447394	1.05508315208917	1.19435445553657
P-0042757-T01-IM6	0	0	0
P-0042764-T02-IM6	0	0	0
P-0042788-T01-IM6	0	0	0
P-0042805-T01-IM6	0	0	0
P-0042815-T01-IM6	0	0	0
P-0042831-T01-IM6	0	0	0
P-0043201-T01-IM6	0	0	0
P-0043295-T01-IM6	0.0344263861659708	1.15993038034481	1.19435676651078
P-0043571-T01-IM6	0.698869324725714	0.44171802117113	1.19435676651078
P-0043587-T01-IM6	0	0	0
P-0043617-T01-IM6	0	0	0
P-0043633-T01-IM6	0.171960861373516	0.44171802117113	0.613678882544646
P-0043789-T01-IM6	0.290614652679547	0.899278983421128	1.19435676651078
P-0043833-T01-IM6	0	0	0
P-0043933-T01-IM6	0	0	0
P-0043950-T01-IM6	0	0	0
P-0044056-T01-IM6	0.0344263861659708	1.15993038034481	1.19435676651078
P-0044084-T01-IM6	0.427129758800917	0.375961618291325	1.19435676651078
P-0044146-T01-IM6	0.0189242891986237	1.15993038034481	1.19435445553657
P-0044185-T01-IM6	0	0	0
P-0044224-T01-IM6	0	0	0
P-0044338-T01-IM6	0	0	0
P-0044349-T01-IM6	0.497303834736366	0.44171802117113	1.19435676651078
P-0044451-T01-IM6	0	0	0
P-0044555-T01-IM6	0.568422795911828	0.542373076645615	1.19434556402231
P-0044640-T01-IM6	0	0	0
P-0044704-T01-IM6	0	0	0
P-0044770-T01-IM6	0	0	0
P-0044817-T01-IM6	0	0	0
P-0045161-T01-IM6	0.298182232756586	0.802807946758498	1.19435166106066
P-0045312-T01-IM6	0.48561452561694	0.708742240893838	1.19435676651078
P-0045411-T01-IM6	0	0	0
P-0045469-T01-IM6	0.108421133485484	1.05177090322682	1.19435676651078
P-0045473-T01-IM6	0	0	0
P-0045528-T01-IM6	0	0	0
P-0045578-T01-IM6	0	0	0
P-0045641-T01-IM6	0.0778339064972786	0.375961618291325	0.453795524788603
P-0045643-T01-IM6	0.139273614421607	1.05508315208917	1.19435676651078
P-0045890-T01-IM6	0	0	0
P-0045944-T01-IM6	0	0	0
P-0045993-T01-IM6	0.139273614421607	1.05508315208917	1.19435676651078
P-0046020-T01-IM6	0.752638745339648	0.44171802117113	1.19435676651078
P-0046054-T01-IM6	0	0	0
P-0046098-T01-IM6	0	0	0
P-0046249-T01-IM6	0.0184889983573153	1.17586545717925	1.19435445553657
P-0046282-T01-IM6	0	0	0
P-0046298-T01-IM6	0.0334762069921246	1.14537846255131	1.19435445553657
P-0046322-T01-IM6	0	0	0
P-0046401-T01-IM6	0.749326496477293	0.44171802117113	1.19435676651078
P-0046478-T01-IM6	0	0	0
P-0046489-T01-IM6	0.162818524464436	1.03153824204634	1.19435676651078
P-0046543-T01-IM6	0	0	0
P-0046745-T01-IM6	0.38812157943549	0.806235187075288	1.19435676651078
P-0046802-T01-IM6	0	0	0
P-0046884-T01-IM6	0.162818524464436	1.03153824204634	1.19435676651078
P-0047075-T01-IM6	0.38812157943549	0.806235187075288	1.19435676651078
P-0047089-T01-IM6	0.350404054582949	0.843950400953616	1.19435445553657
P-0047149-T01-IM6	0	0	0
P-0047214-T01-IM6	0	0	0
P-0047432-T01-IM6	0	0	0
P-0047444-T01-IM6	0.752638745339648	0.44171802117113	1.19435676651078
P-0047466-T01-IM6	0.0493365213523077	0.564342361192338	0.613678882544646
P-0047853-T01-IM6	0	0	0
P-0048171-T01-IM6	0	0	0
P-0048214-T01-IM6	9.01443841781888e-05	0.453705380404425	0.453795524788603
P-0048239-T01-IM6	0	0	0
P-0048254-T01-IM6	0	0	0
P-0048455-T01-IM6	0	0	0
P-0048524-T01-IM6	9.01443841781888e-05	0.453705380404425	0.453795524788603
P-0048525-T01-IM6	0	0	0
P-0048588-T01-IM6	0	0	0
P-0048593-T01-IM6	0	0	0
P-0048624-T01-IM6	0.752638745339648	0.44171802117113	1.19435676651078
P-0048851-T01-IM6	0	0	0
P-0048923-T01-IM6	0.818395148219453	0.375961618291325	1.19435676651078
P-0049040-T01-IM6	0.350406365557162	0.843950400953616	1.19435676651078
P-0049075-T01-IM6	0	0	0
P-0049099-T01-IM6	0	0	0
P-0049127-T01-IM6	0.498271338021863	0.564342361192338	1.19435676651078
P-0049292-T01-IM6	0	0	0
P-0049417-T01-IM6	0	0	0
P-0049483-T01-IM6	0	0	0
P-0049519-T01-IM6	0	0	0
P-0049532-T01-IM6	0.228490609565258	0.96586615694552	1.19435676651078
P-0049541-T01-IM6	0	0	0
P-0049560-T01-IM6	0	0	0
P-0049759-T01-IM6	0	0	0
P-0049848-T01-IM6	0.19954634592814	0.912085328969515	1.19435676651078
P-0049921-T01-IM6	0.0298647033591297	0.965854749583449	0.995719452942579
P-0049943-T01-IM6	0.455557716380183	0.708742240893838	1.19435166106066
P-0050114-T01-IM6	0.0225711949897686	1.05177090322682	1.07434209821658
P-0050148-T01-IM6	0	0	0
P-0050452-T01-IM6	0.228490609565258	0.96586615694552	1.19435676651078
P-0050454-T01-IM6	0.0905156397269546	0.375961618291325	0.466477258018279
P-0050523-T01-IM6	0	0	0
P-0000067-T01-IM3	0	0	0
P-0001265-T01-IM3	0.142585863283962	1.05177090322682	1.19435676651078
P-0001497-T01-IM3	0	0	0
P-0001747-T02-IM5	0	0	0
P-0002010-T01-IM3	0	0	0
P-0002110-T01-IM3	0	0	0
P-0002257-T01-IM3	0	0	0
P-0002373-T01-IM3	0.772795693432356	0.375961618291325	1.19435166106066
P-0003050-T01-IM3	0	0	0
P-0004262-T01-IM5	0	0	0
P-0006537-T01-IM5	0	0	0
P-0007150-T01-IM5	0	0	0
P-0007221-T01-IM5	0	0	0
P-0007370-T01-IM5	0	0	0
P-0008787-T01-IM5	0	0	0
P-0008873-T01-IM5	0	0	0
P-0009061-T01-IM5	0	0	0
P-0010051-T01-IM5	0.818395148219453	0.375961618291325	1.19435676651078
P-0010348-T01-IM5	0.46586534154859	0.375961618291325	1.19435676651078
P-0011557-T01-IM5	0	0	0
P-0012338-T01-IM5	0	0	0
TCGA-72-4233-01	0.437787726020961	0.971336790162861	1.19017217405284
TCGA-72-4234-01	0	0	0
TCGA-72-4237-01	0	0	0
TCGA-72-4235-01	0.274828199349782	1.05275703362006	1.19017217405284
TCGA-72-4241-01	0.0215509162648078	0.375961618291325	0.397512534556133
TCGA-72-4240-01	1.60192901278894	0.388939787230899	1.19011162161151
TCGA-72-4231-01	0	0	0
TCGA-72-4236-01	0	0	0
TCGA-09-1669-01	8.45718222471735e-06	0.456544780997046	0.456553238179271
TCGA-25-1635-01	0.392884325193768	0.797287848859074	1.19017217405284
TCGA-25-1632-01	0.0003714768122543	0.434359092563687	0.434730569375942
TCGA-09-1667-01	0	0	0
TCGA-09-1665-01	0.0676406007978975	0.406495053667008	0.474135654464906
TCGA-24-1557-01	1.05714777808967e-06	0.581469835160914	0.581470892308692
TCGA-36-1580-01	0	0	0
TCGA-57-1585-01	0.00136288474944602	0.945577770145735	0.946940654895181
TCGA-24-1567-01	0	0	0
TCGA-36-1575-01	0	0	0
TCGA-24-1558-01	0.137415140432781	1.05275703362006	1.19017217405284
TCGA-04-1525-01	0	0	0
TCGA-04-1536-01	0	0	0
TCGA-09-1662-01	0.000518658006785233	0.452228249940449	0.452746907947235
TCGA-24-1544-01	0	0	0
TCGA-09-1666-01	0.000390816880132529	1.03237849424115	1.03276931112129
TCGA-36-1574-01	0.722492086736697	0.467182006813785	1.19017217405284
TCGA-36-1581-01	0	0	0
TCGA-57-1582-01	0.790787512731153	0.399051913814855	1.19017217405284
TCGA-57-1583-01	0	0	0
TCGA-25-1630-01	0	0	0
TCGA-36-1571-01	0.801103840930105	0.388939787230899	1.19017217405284
TCGA-24-1546-01	0.000451107083259705	0.79471878307966	0.79516989016292
TCGA-25-1623-01	0	0	0
TCGA-09-1659-01	0.00584571580496325	0.990065851210187	0.99591156701515
TCGA-25-1627-01	0	0	0
TCGA-36-1570-01	0.813980343394214	0.375961618291325	1.19017217405284
TCGA-09-1668-01	8.45718222471735e-06	0.456544780997046	0.456553238179271
TCGA-04-1517-01	0	0	0
TCGA-36-1569-01	0.615071211727942	0.574985479173824	1.19017217405284
TCGA-36-1578-01	0	0	0
TCGA-36-1568-01	0.364439068087684	0.825707799978036	1.19017217405284
TCGA-24-1545-01	0	0	0
TCGA-57-1584-01	0.661244591224269	0.391813057527138	1.19017217405284
TCGA-24-1556-01	0.540853447201971	0.388939787230899	1.19017217405284
TCGA-25-1625-01	0.430841109631805	0.720139834591119	1.19017217405284
TCGA-61-1740-01	0.000176502704220894	0.447426504443598	0.447603007147819
TCGA-61-1738-01	0	0	0
TCGA-29-1775-01	0	0	0
TCGA-61-1907-01	0.539255998569949	0.648096328026695	1.19017217405284
TCGA-04-1638-01	0	0	0
TCGA-24-1846-01	0.528060836379756	0.662042057616373	1.19017217405284
TCGA-23-1029-01	0.81387096547643	0.375961618291325	1.19017217405284
TCGA-04-1651-01	0.285742586368093	0.904297722840585	1.19017217405284
TCGA-24-1842-01	0	0	0
TCGA-24-1843-01	0	0	0
TCGA-61-1737-01	0.402272453058726	0.787871972913678	1.19017217405284
TCGA-04-1648-01	0	0	0
TCGA-30-1855-01	0.00123563365876248	0.563497896796301	0.564733530455063
TCGA-61-1900-01	0	0	0
TCGA-61-1906-01	0.171567348356802	1.01855675415444	1.19017217405284
TCGA-61-1904-01	0.00894447818075259	0.477893093660941	0.486837571841694
TCGA-61-1915-01	0	0	0
TCGA-24-1844-01	0.468893225853583	0.721278948199259	1.19017217405284
TCGA-61-1727-01	0.432115874148245	0.403522927761101	1.19017217405284
TCGA-04-1646-01	0.814210555761517	0.375961618291325	1.19017217405284
TCGA-30-1856-01	2.22902477240612e-06	0.705095572756069	0.705097801780842
TCGA-61-1725-01	0.0155141517299949	0.449279684498589	0.464793836228584
TCGA-61-1903-01	0	0	0
TCGA-61-1901-01	0.383346041369602	0.80682613268324	1.19017217405284
TCGA-29-1776-01	0.488087817085637	0.469455767785575	1.19017217405284
TCGA-61-1913-01	0.000467316682523747	0.659660664249874	0.660127980932398
TCGA-29-1777-01	0.207305384482229	0.981240339031718	1.19017217405284
TCGA-61-1914-01	0.648820843027167	0.541293974612506	1.19017217405284
TCGA-04-1652-01	0.754137018759186	0.375961618291325	1.19017217405284
TCGA-61-1911-01	0	0	0
TCGA-30-1857-01	0.370309442479192	0.819246799581392	1.18998858272205
TCGA-24-1850-01	0	0	0
TCGA-61-1910-01	0.0011114966468051	0.45163541130043	0.452746907947235
TCGA-13-1494-01	0	0	0
TCGA-24-1418-01	0.218792958664809	0.971379215388033	1.19017217405284
TCGA-13-1482-01	0.000614358563006405	0.50096216427947	0.501576522842476
TCGA-13-1511-01	0.000128390187901789	0.456982890899096	0.457111281086998
TCGA-24-1426-01	0	0	0
TCGA-13-1507-01	0	0	0
TCGA-24-1419-01	0.494045918352839	0.642338109638992	1.19017217405284
TCGA-24-1435-01	0.554695428800405	0.460341760797959	1.19017217405284
TCGA-24-1422-01	0	0	0
TCGA-13-1485-01	0.795743208446293	0.375961618291325	1.19017217405284
TCGA-13-1512-01	0.000168668337741407	0.506157947269452	0.506326615607194
TCGA-24-1467-01	0.00183297951799126	0.63140249771568	0.633235477233671
TCGA-24-1464-01	0	0	0
TCGA-24-1430-01	0	0	0
TCGA-24-1436-01	0.756300492174406	0.433565510575047	1.19017217405284
TCGA-13-1489-02	0	0	0
TCGA-13-1501-01	0.000133872605448627	0.771963291993911	0.77209716459936
TCGA-13-1510-01	0	0	0
TCGA-24-1417-01	0	0	0
TCGA-13-1487-01	0	0	0
TCGA-24-1416-01	0.801217963720475	0.388939787230899	1.19017217405284
TCGA-13-1509-01	0.207548635005462	0.98262353904738	1.19017217405284
TCGA-24-1434-01	0	0	0
TCGA-24-1427-01	0	0	0
TCGA-24-1428-01	0.000428874200143757	0.502478892712932	0.502907766913076
TCGA-13-1505-01	0	0	0
TCGA-13-1483-01	0.407366372894587	0.782660553970512	1.19017217405284
TCGA-13-1495-01	0	0	0
TCGA-13-1499-01	0.00365545311775375	0.41421479746454	0.417870250582294
TCGA-13-1497-01	0	0	0
TCGA-13-1496-01	0	0	0
TCGA-13-1488-01	0	0	0
TCGA-13-1498-01	0	0	0
TCGA-24-1423-01	0.302396949828725	0.887641081185516	1.19017217405284
TCGA-24-1431-01	0	0	0
TCGA-24-1466-01	0	0	0
TCGA-24-1463-01	0.501023618164647	0.689139287406512	1.19017217405284
TCGA-13-1506-01	0	0	0
TCGA-13-1500-01	0.457289701408118	0.705095572756069	1.19017217405284
TCGA-13-1489-01	0	0	0
TCGA-13-0723-01	0	0	0
TCGA-13-0802-01	0	0	0
TCGA-13-0727-01	0	0	0
TCGA-13-0755-01	0.375103312634844	0.700408884273205	1.19017217405284
TCGA-13-0761-01	0.0055376514695063	0.447769077688307	0.453306729157813
TCGA-13-0791-01	0.000965012022515543	0.393057050028797	0.394022062051313
TCGA-13-0792-01	0.577241006395179	0.375961618291325	1.19017217405284
TCGA-13-0805-01	0	0	0
TCGA-09-0364-01	0	0	0
TCGA-13-0714-01	0.778815068295967	0.408756833630647	1.19017217405284
TCGA-13-0804-01	0	0	0
TCGA-13-0793-01	7.85075636751862e-06	0.550154782414853	0.550162633171221
TCGA-09-0367-01	0	0	0
TCGA-13-0751-01	0.813821140216812	0.375961618291325	1.19017217405284
TCGA-13-0797-01	0.27308106187036	0.690222437741965	1.19017217405284
TCGA-13-0725-01	0.183204693336221	1.00691375466365	1.19017217405284
TCGA-13-0764-01	0	0	0
TCGA-13-0720-01	0.596222463523259	0.562670969580458	1.19017217405284
TCGA-13-0724-01	0	0	0
TCGA-13-0801-01	4.78666679986182e-05	0.455093382657281	0.45514124932528
TCGA-13-0717-01	0.786993712568518	0.402938144751049	1.19017217405284
TCGA-13-0760-01	0.000668346854185124	0.504206419691323	0.504874766545508
TCGA-13-0762-01	0	0	0
TCGA-13-0791-02	0	0	0
TCGA-13-0758-01	0.339037486943713	0.851114494767073	1.19017217405284
TCGA-13-0803-01	0.00142387152281457	0.451008842270839	0.452432713793654
TCGA-13-0757-01	0	0	0
TCGA-13-0794-01	0	0	0
TCGA-13-0730-01	0	0	0
TCGA-13-0726-01	0.559861234685176	0.630275250386476	1.19017217405284
TCGA-13-0766-01	0.00173623820388003	0.451865762981781	0.453602001185661
TCGA-04-1350-01	0	0	0
TCGA-04-1351-01	0	0	0
TCGA-13-1403-01	0.51029479598355	0.534518321145417	1.19017217405284
TCGA-04-1356-01	0	0	0
TCGA-25-1320-01	0.0419478287081984	0.577309696415922	0.619257525124121
TCGA-25-1312-01	0.00162971212661346	0.39569226539631	0.397321977522924
TCGA-13-0900-01	0.679893743372493	0.509623244906254	1.19017217405284
TCGA-13-0905-01	0	0	0
TCGA-25-1317-01	0.814210555761517	0.375961618291325	1.19017217405284
TCGA-25-1315-01	0	0	0
TCGA-04-1357-01	0.358173271257507	0.831998902795336	1.19017217405284
TCGA-04-1362-01	0.750234938801264	0.375961618291325	1.19017217405284
TCGA-04-1365-01	0.736823462196834	0.453278653279614	1.19017217405284
TCGA-25-1318-01	0.366598485005617	0.823545088692609	1.19017217405284
TCGA-25-1321-01	0.813418375108303	0.375961618291325	1.19017217405284
TCGA-13-1405-01	0	0	0
TCGA-25-1319-01	0	0	0
TCGA-04-1348-01	0	0	0
TCGA-25-1329-01	0.814121894662206	0.375961618291325	1.19017217405284
TCGA-13-1408-01	0	0	0
TCGA-13-1412-01	0	0	0
TCGA-13-0901-01	0	0	0
TCGA-13-0908-01	0.760126768900178	0.429954113476324	1.19017217405284
TCGA-04-1349-01	0.814190306054853	0.375961618291325	1.19017217405284
TCGA-24-1413-01	0.0103301202897316	1.17984205376311	1.19017217405284
TCGA-13-0884-01	0.76855117134883	0.42151301792671	1.19017217405284
TCGA-25-1322-01	0.0199944833275872	0.444799352900997	0.464793836228584
TCGA-04-1364-01	0.650254745161457	0.539747023225512	1.19017217405284
TCGA-13-1410-01	0.801232386821943	0.388939787230899	1.19017217405284
TCGA-13-0893-01	0.511413586130529	0.67870371457718	1.19017217405284
TCGA-04-1360-01	0.675238253041498	0.513812910034536	1.19017217405284
TCGA-25-1313-01	0.813813813936861	0.375961618291325	1.19017217405284
TCGA-13-1404-01	0.742100104699424	0.447025689731765	1.19017217405284
TCGA-04-1361-01	0.000238595795031633	0.687274077173705	0.687512672968737
TCGA-04-1371-01	0	0	0
TCGA-25-1314-01	0.381921104504065	0.808203678187531	1.19017217405284
TCGA-24-2295-01	0.637905415250966	0.375961618291325	1.19017217405284
TCGA-09-2050-01	0.525831827997238	0.452664048868287	1.19017217405284
TCGA-24-2293-01	0	0	0
TCGA-09-2044-01	0	0	0
TCGA-24-2297-01	0.416701446691983	0.772976162489481	1.19017217405284
TCGA-59-2352-01	0	0	0
TCGA-25-2392-01	0.814026382589697	0.375961618291325	1.19017217405284
TCGA-09-2045-01	0	0	0
TCGA-09-2043-01	0.809419717735151	0.375961618291325	1.19017217405284
TCGA-25-2397-01	0.0046667092093527	0.778413868421766	0.783080577631118
TCGA-25-2409-01	0.801017408855566	0.388963691882594	1.19017217405284
TCGA-29-2427-01	0.323189874746755	0.866982299306087	1.19017217405284
TCGA-29-2414-01	0.000564672617436191	0.453288265948945	0.453852938566381
TCGA-09-2055-01	0.439435106446873	0.750737067605969	1.19017217405284
TCGA-24-2271-01	0.610055250394507	0.57005693330821	1.19017217405284
TCGA-25-2042-01	0.204014819441741	0.81388529023857	1.19017217405284
TCGA-09-2051-01	0.332138458594459	0.857784187608033	1.19017217405284
TCGA-24-2298-01	0.0260096459899734	0.443149907349192	0.469159553339166
TCGA-25-2404-01	0.478352338323609	0.711733641308071	1.19017217405284
TCGA-29-2428-01	0	0	0
TCGA-24-2289-01	0.00587098901230921	0.717843103191251	0.72371409220356
TCGA-13-2060-01	0	0	0
TCGA-59-2355-01	0.813861082373946	0.375961618291325	1.19017217405284
TCGA-59-2363-01	0.459275836234828	0.392341967408888	1.19017217405284
TCGA-24-2290-01	0	0	0
TCGA-25-2396-01	0	0	0
TCGA-25-2398-01	0	0	0
TCGA-09-2049-01	5.05628045799477e-06	0.436542545252419	0.436547601532877
TCGA-59-2348-01	0	0	0
TCGA-24-2281-01	0.406929336530203	0.783242837522639	1.19017217405284
TCGA-24-2262-01	0.00024892961943606	0.427009407853095	0.427258337472531
TCGA-29-2425-01	0.331498556390955	0.858673617661888	1.19017217405284
TCGA-59-2354-01	0.45522850089422	0.732351055110105	1.19017217405284
TCGA-25-2401-01	0.0925451585872864	0.602463954149485	0.695009112736771
TCGA-25-2393-01	0	0	0
TCGA-29-1707-02	0	0	0
TCGA-13-1819-01	1.02795964930852	0.389398417272765	1.19017217405284
TCGA-61-1916-02	0	0	0
TCGA-24-1852-02	0.0131162127715269	0.434563220424187	0.447679433195714
TCGA-61-2095-02	0	0	0
TCGA-29-1710-02	0	0	0
TCGA-29-1692-01	0.0526406162453669	1.03484077990004	1.0874813961454
TCGA-29-1704-01	0.000679057646014296	0.4525351587888	0.453214216434814
TCGA-13-1819-02	0	0	0
TCGA-29-1704-02	0.000690940314837784	0.452563898457465	0.453254838772303
TCGA-29-1692-02	0.147153143237566	1.04301801464222	1.19017217405284
TCGA-13-0913-02	0.00250398153403763	0.452965696562579	0.455469678096617
TCGA-24-1852-01	0.00171882394784561	0.491451808824511	0.493170632772356
TCGA-29-1705-02	0.796338579324014	0.793485755413095	1.19017217405284
TCGA-29-2414-02	0	0	0
TCGA-23-2643-01	0.721580948276144	0.468591225776698	1.19017217405284
TCGA-36-2543-01	0	0	0
TCGA-04-1353-01	2.22902477240612e-06	0.705095572756069	0.705097801780842
TCGA-36-2538-01	0	0	0
TCGA-36-2534-01	0.388655135850496	0.76569993725705	1.19017217405284
TCGA-13-2059-01	0.197149095344969	0.982551808702406	1.19017217405284
TCGA-36-2542-01	0.314008079182237	0.876028394792641	1.19017217405284
TCGA-36-2529-01	0.314429889340639	0.875510466135873	1.18998858272205
TCGA-23-2641-01	0.00363988272412297	0.829480424405333	0.833120307129456
TCGA-13-2057-01	0	0	0
TCGA-13-2071-01	0.0201247091829486	0.429543817214265	0.449668526397214
TCGA-04-1369-01	0	0	0
TCGA-36-2547-01	0	0	0
TCGA-36-2530-01	9.42254662982559e-05	0.405153746205157	0.405247971671455
TCGA-29-2431-01	0.437466008908773	0.578795693809324	1.19017217405284
TCGA-36-2537-01	0.26034530756973	0.87428187193402	1.19017217405284
TCGA-04-1516-01	0	0	0
TCGA-61-2613-01	0	0	0
TCGA-13-2066-01	0	0	0
TCGA-23-2647-01	0.0333458664075469	0.375961618291325	0.409307484698872
TCGA-36-2549-01	7.04765185393112e-07	0.519919544662031	0.519920249427216
TCGA-36-2544-01	0.000325109819010646	0.466985278987732	0.467310388806742
TCGA-36-2548-01	0	0	0
TCGA-13-2061-01	0	0	0
TCGA-36-2540-01	0	0	0
TCGA-61-2611-02	0	0	0
TCGA-42-2590-01	0.327665707320082	0.86250646673276	1.19017217405284
TCGA-29-2434-01	0	0	0
TCGA-42-2589-01	0.000132897407110699	0.410438395168051	0.410571292575162
TCGA-23-2649-01	0.000136855565070523	0.675233549143633	0.675370404708703
TCGA-61-2612-01	0	0	0
TCGA-42-2582-01	0.516458336302293	0.484149367966172	1.19017217405284
TCGA-36-2551-01	0	0	0
TCGA-42-2588-01	0.0131857222866723	0.433932152370331	0.447117874657004
TCGA-42-2591-01	0.000500227577692802	0.907488866820269	0.907989094397962
TCGA-42-2587-01	0	0	0
TCGA-42-2593-01	0	0	0
TCGA-23-2645-01	0.715905515212893	0.473281257796721	1.19017217405284
TCGA-29-2436-01	0.490681025170123	0.699454861670615	1.19017217405284
TCGA-61-2610-02	0.41492320940002	0.602003136057566	1.19017217405284
TCGA-29-2432-01	0.237523576751498	0.817610900272047	1.18998858272205
TCGA-36-2533-01	0.631467950733537	0.558579865043859	1.19017217405284
TCGA-59-2372-01	0	0	0
TCGA-36-2545-01	0.511535125345233	0.678326607838387	1.18998858272205
TCGA-3P-A9WA-01	0	0	0
TCGA-13-A5FT-01	0.00126420123360295	0.498972267973456	0.500236469207059
TCGA-WR-A838-01	0	0	0
TCGA-5X-AA5U-01	0	0	0
TCGA-13-A5FU-01	0.00275171469164733	0.451738708569754	0.454490423261401
TCGA-VG-A8LO-01	0.0234027441540363	0.50923164950644	0.532634393660476
TCGA-59-A5PD-01	0	0	0
TCGA-13-0910-01	0	0	0
TCGA-24-0980-01	0	0	0
TCGA-13-0897-01	0.694158838125427	0.445352085485001	1.19017217405284
TCGA-10-0937-01	0.678393953888312	0.50524784956679	1.19017217405284
TCGA-13-0903-01	0.410225498717454	0.775107741182591	1.19017217405284
TCGA-13-0924-01	0.66175424298758	0.528390494392696	1.19017217405284
TCGA-13-0891-01	0	0	0
TCGA-13-0807-01	0	0	0
TCGA-10-0935-01	0.685466133209684	0.504618412306793	1.19017217405284
TCGA-10-0928-01	0.0758998259549595	0.437953862121001	0.513853688075961
TCGA-13-0888-01	0	0	0
TCGA-13-0904-01	0	0	0
TCGA-13-0916-01	0.173130787971156	1.01693948195284	1.19017217405284
TCGA-13-0923-01	0	0	0
TCGA-13-0921-01	0.000980033354897236	0.781280000921767	0.782260034276665
TCGA-13-0887-01	0.15153625001935	1.03839625470079	1.19017217405284
TCGA-10-0938-01	0.803978946893804	0.375961618291325	1.19017217405284
TCGA-13-0906-01	0.00693955234741344	0.408118709729994	0.415058262077407
TCGA-13-0889-01	0	0	0
TCGA-13-0885-01	0	0	0
TCGA-13-0890-01	0	0	0
TCGA-10-0936-01	0.813909383373978	0.375961618291325	1.19017217405284
TCGA-10-0930-01	0.00532298491100197	0.471080603920499	0.476403588831501
TCGA-13-0920-01	0	0	0
TCGA-13-0912-01	0.0801609755798945	0.375961618291325	0.456122593871219
TCGA-13-0913-01	0.00244687916413276	0.453022798932484	0.455469678096617
TCGA-10-0934-01	0	0	0
TCGA-10-0931-01	0	0	0
TCGA-13-0919-01	0.813925986330555	0.375961618291325	1.19017217405284
TCGA-13-0911-01	0	0	0
TCGA-61-1728-01	0.794535822759554	0.395453817110271	1.19017217405284
TCGA-57-1994-01	0	0	0
TCGA-30-1860-01	0	0	0
TCGA-31-1956-01	0.419516688589644	0.77007258729027	1.19017217405284
TCGA-31-1944-01	0.668389344969848	0.444196606573661	1.19017217405284
TCGA-24-1920-01	0.00865196784903838	0.891092144204561	0.8997441120536
TCGA-30-1859-01	0.0348718715176354	1.15530030253521	1.19017217405284
TCGA-04-1654-01	0.508212968795563	0.681784784068839	1.19017217405284
TCGA-57-1993-01	0	0	0
TCGA-24-1924-01	0	0	0
TCGA-25-1871-01	0	0	0
TCGA-25-1878-01	0.736238687381726	0.453933486671116	1.19017217405284
TCGA-31-1959-01	7.1869659022065e-06	0.959699797566034	0.959706984531937
TCGA-24-2020-01	0.00222610737233636	0.412257115483454	0.414483222855791
TCGA-30-1891-01	0.308982226551374	0.880950204414274	1.19017217405284
TCGA-30-1861-01	0.526972482254853	0.563717849093695	1.19017217405284
TCGA-31-1946-01	0.595650325311824	0.526122133889012	1.19017217405284
TCGA-24-1928-01	0	0	0
TCGA-25-1877-01	0	0	0
TCGA-24-2023-01	1.05714777808967e-06	0.581469835160914	0.581470892308692
TCGA-61-1743-01	0.28412028247087	0.905913814970243	1.19017217405284
TCGA-30-1887-01	0.812784922325739	0.375961618291325	1.19017217405284
TCGA-61-1917-01	0	0	0
TCGA-61-1918-01	0.000431004885587969	0.78264957274553	0.783080577631118
TCGA-30-1853-01	0.800662305541456	0.388939787230899	1.19017217405284
TCGA-61-1721-01	0	0	0
TCGA-61-1724-01	0.000294050981189252	0.388939787230899	0.389233838212088
TCGA-24-2026-01	0	0	0
TCGA-30-1892-01	0.470842245778844	0.719082104972004	1.19017217405284
TCGA-31-1953-01	0	0	0
TCGA-10-0925-01	0.595353971551367	0.594818202501476	1.19017217405284
TCGA-57-1992-01	0	0	0
TCGA-31-1951-01	0.581849121754816	0.375961618291325	1.19017217405284
TCGA-24-1927-01	0.78648527365692	0.402353394520774	1.19017217405284
TCGA-61-1919-01	0.00341106349730266	0.598958566846556	0.602369630343858
TCGA-24-2027-01	0	0	0
TCGA-30-1880-01	0	0	0
TCGA-31-1955-01	0.201123970990587	0.98897969333028	1.19017217405284
TCGA-29-1784-01	0.50585813524262	0.683973899463886	1.19017217405284
TCGA-20-1685-01	0.43026193196346	0.759817672001775	1.19017217405284
TCGA-30-1714-01	0.684081671172643	0.450393590458935	1.19017217405284
TCGA-09-1673-01	0	0	0
TCGA-20-1686-01	0.0096438838727591	0.450911978032567	0.460555861905327
TCGA-29-1688-01	0.530653921540082	0.659334276019597	1.19017217405284
TCGA-20-1684-01	0.0127548403252445	0.447863335934381	0.460618176259626
TCGA-24-1847-01	0.690384410810446	0.499455163244555	1.19017217405284
TCGA-29-1711-01	9.68560433274557e-05	0.466641509281196	0.466738365324524
TCGA-29-1768-01	0.000374058219619402	0.848788761460332	0.849162819679952
TCGA-29-1697-01	0.000122809431026758	0.428592859520737	0.428715668951764
TCGA-29-1701-01	0	0	0
TCGA-20-1682-01	0.0565691330926844	0.412852961667928	0.469422094760613
TCGA-29-1699-01	0	0	0
TCGA-29-1695-01	0	0	0
TCGA-29-1770-02	0.427824009873137	0.762294749534607	1.19017217405284
TCGA-29-1764-01	0.391046805676792	0.795941116344284	1.19017217405284
TCGA-20-1683-01	0.609018450662409	0.375961618291325	1.19017217405284
TCGA-29-1763-01	0	0	0
TCGA-29-1702-01	0	0	0
TCGA-09-1675-01	0.00931679907224055	0.549384039735186	0.558700838807426
TCGA-30-1718-01	0.000282741958446897	0.452563898457465	0.452846640415912
TCGA-29-1766-01	0	0	0
TCGA-57-1586-01	0.81418887193965	0.375961618291325	1.19017217405284
TCGA-29-1710-01	0	0	0
TCGA-29-1703-01	0.0130037371649045	0.375961618291325	0.388965355456229
TCGA-20-1687-01	0.0380338496915657	0.46652423143738	0.504558081128946
TCGA-29-1707-01	0	0	0
TCGA-29-1761-01	0	0	0
TCGA-09-1672-01	0	0	0
TCGA-29-1705-01	0.00281920005562072	0.430202707103055	0.433021907158676
TCGA-29-1781-01	0.738683419470527	0.449171683331399	1.19017217405284
TCGA-29-1783-01	0	0	0
TCGA-29-1770-01	0.334685496364358	0.855486677688484	1.19017217405284
TCGA-29-1762-01	0	0	0
TCGA-29-1785-01	3.91636374534149e-05	0.516255576997445	0.516294740634898
TCGA-29-1696-01	0.644656926412984	0.545378613338276	1.19017217405284
TCGA-29-1694-01	0.00352132646904062	0.451356045658917	0.454877372127958
TCGA-23-1114-01	0	0	0
TCGA-29-1693-01	0.401409877836413	0.788695146845161	1.19017217405284
TCGA-24-1425-01	0.000471545273636105	0.680136789022125	0.680608334295761
TCGA-24-1604-01	0.021547482583265	0.375961618291325	0.39750910087459
TCGA-24-1471-01	0	0	0
TCGA-24-1474-01	0	0	0
TCGA-24-1552-01	0.800975065579835	0.388939787230899	1.19017217405284
TCGA-24-1563-01	0.715655757904112	0.473988079913062	1.19017217405284
TCGA-24-1603-01	0.19591881298465	0.994216196997079	1.19017217405284
TCGA-24-1551-01	0	0	0
TCGA-24-1614-01	0.186370219920911	1.00378639193324	1.19017217405284
TCGA-24-1549-01	0	0	0
TCGA-24-1550-01	0	0	0
TCGA-04-1542-01	0.812342567442689	0.375961618291325	1.18998858272205
TCGA-24-1470-01	0.00133303056839501	0.452268970617266	0.453602001185661
TCGA-04-1530-01	0	0	0
TCGA-24-1553-01	0	0	0
TCGA-24-1469-01	0	0	0
TCGA-24-0968-01	0	0	0
TCGA-23-1120-01	0.379263803762428	0.810862708062356	1.19017217405284
TCGA-20-0991-01	0.814189617679556	0.375961618291325	1.19017217405284
TCGA-20-0987-01	0.00179715941769645	0.452253990259604	0.454051149677301
TCGA-04-1332-01	0	0	0
TCGA-23-1027-01	0.348922154661556	0.841044186982431	1.19017217405284
TCGA-23-1028-01	0.292164439517171	0.897731376438613	1.19017217405284
TCGA-23-1031-01	0	0	0
TCGA-23-1021-01	0.343780548446464	0.846382209615703	1.19017217405284
TCGA-23-1116-01	0.789732339934571	0.400035003883871	1.19017217405284
TCGA-24-0979-01	0.813876193850712	0.375961618291325	1.19017217405284
TCGA-04-1342-01	0	0	0
TCGA-23-1022-01	0	0	0
TCGA-04-1336-01	0.445232521251805	0.744637365901112	1.19017217405284
TCGA-24-0970-01	0	0	0
TCGA-04-1335-01	0.757201936016188	0.432761307938961	1.19017217405284
TCGA-24-0981-01	0.649987393307873	0.539695952334403	1.19017217405284
TCGA-24-1104-01	0.163958219913601	1.02621395413924	1.19017217405284
TCGA-23-1119-01	0.437727271918953	0.75243723166629	1.19017217405284
TCGA-23-1023-01	0.574423363378921	0.615619568211842	1.19017217405284
TCGA-23-1122-01	0.171229864172327	1.01750047504042	1.19017217405284
TCGA-20-0990-01	0	0	0
TCGA-04-1347-01	0	0	0
TCGA-23-1124-01	0.147469353347375	0.478624238371122	0.626093591718498
TCGA-23-1121-01	0	0	0
TCGA-23-1026-01	0.649215634455147	0.540830206340741	1.19017217405284
TCGA-23-1110-01	0	0	0
TCGA-24-1103-01	0.449462874277127	0.740458321420275	1.19017217405284
TCGA-23-1030-01	0	0	0
TCGA-04-1341-01	0	0	0
TCGA-04-1338-01	0.528861203782042	0.661078881261317	1.19017217405284
TCGA-23-1109-01	0.00773668274681313	0.417908266927585	0.425644949674398
TCGA-04-1331-01	0	0	0
TCGA-24-1105-01	0.813793990367286	0.375961618291325	1.19017217405284
TCGA-23-1118-01	0	0	0
TCGA-23-1113-01	0	0	0
TCGA-23-1117-01	0	0	0
TCGA-09-2053-01	0	0	0
TCGA-61-2101-01	0	0	0
TCGA-24-2019-01	0	0	0
TCGA-61-2109-01	0	0	0
TCGA-23-2078-01	0	0	0
TCGA-23-2081-01	0.799989517027614	0.388939787230899	1.19017217405284
TCGA-61-2012-01	0	0	0
TCGA-61-2104-01	0.14671208315567	1.04328321942047	1.19017217405284
TCGA-61-2092-01	0	0	0
TCGA-24-2035-01	0.765739272988328	0.423450859948333	1.19017217405284
TCGA-61-2088-01	0.614678313332029	0.575379901829324	1.19017217405284
TCGA-61-1734-01	0.313658786083435	0.876513387969407	1.19017217405284
TCGA-24-2260-01	0.00743733783178942	0.567912849130532	0.575350186962321
TCGA-23-2072-01	0.00906473898419031	0.388939787230899	0.398004526215089
TCGA-61-2096-01	0	0	0
TCGA-09-2054-01	0	0	0
TCGA-61-2018-01	0	0	0
TCGA-23-2079-01	0.313327612005852	0.847177119185274	1.19017217405284
TCGA-61-2111-01	0	0	0
TCGA-61-2008-02	0.333220043695605	0.85673823412347	1.19017217405284
TCGA-61-1998-01	0.00111635624860671	0.665664157311981	0.666780513560588
TCGA-23-2084-01	0.580417276551473	0.401886905527595	1.19017217405284
TCGA-24-2254-01	0	0	0
TCGA-61-2113-01	0.358193045657418	0.831962787677056	1.19017217405284
TCGA-61-2000-01	0.0054627824609743	0.551033100124621	0.556495882585596
TCGA-24-2036-01	0.000589822900621905	0.787331876933346	0.787921699833968
TCGA-24-2033-01	0	0	0
TCGA-61-2003-01	0	0	0
TCGA-61-2008-01	0.230967810022251	0.959153604547355	1.19017217405284
TCGA-23-2077-01	0.324125786523069	0.865906294961816	1.19017217405284
TCGA-61-1736-01	0.739123668252965	0.450878173888501	1.19017217405284
TCGA-61-2097-01	0.356409498041732	0.824121373545716	1.19017217405284
TCGA-61-2016-01	0.631515202780735	0.558656971272107	1.19017217405284
TCGA-09-2056-01	0.24668534387284	0.943392268720999	1.19017217405284
TCGA-61-2087-01	1.88237864052091e-05	0.538948196472701	0.538967020259106
TCGA-24-2030-01	0	0	0
TCGA-61-2002-01	0	0	0
X1032	0	0	0
X1097	0	0	0
X1098	0	0	0
X1172	0	0	0
X1177	0	0	0
X1192	0	0	0
X1196	0	0	0
X119	0	0	0
X120	0	0	0
X1230	0	0	0
X1237	0	0	0
X1265	0	0	0
X1269	0	0	0
X1283	0	0	0
X128	0	0	0
X1326	0	0	0
X1364	0	0	0
X137	0	0	0
X1410	0	0	0
X1471	0	0	0
X1499	0	0	0
X1530	0	0	0
X1548	0	0	0
X1552	0	0	0
X1568	0	0	0
X1580	0	0	0
X1582	0	0	0
X1605	0	0	0
X1677	0	0	0
X1689	0	0	0
X1751	0	0	0
X1851	0	0	0
X1922	0	0	0
X1928	0	0	0
X1979	0	0	0
X2090	0	0	0
X2120	0	0	0
X2152	0	0	0
X2212	0	0	0
X2316	0	0	0
X2354	0	0	0
X2357	0	0	0
X2360	0	0	0
X2362	0	0	0
X2374	0	0	0
X23	0	0	0
X2401	0	0	0
X2412	0	0	0
X2415	0	0	0
X2429	0	0	0
X2443	0	0	0
X2503	0	0	0
X2529	0	0	0
X2554	0	0	0
X2556	0	0	0
X2577	0	0	0
X2593	0	0	0
X2638	0	0	0
X2665	0	0	0
X2700	0	0	0
X2704	0	0	0
X2716	0	0	0
X2773	0	0	0
X2797	0	0	0
X2816	0	0	0
X2890	0	0	0
X2902	0	0	0
X2949	0	0	0
X2998	0	0	0
X300	0	0	0
X3080	0	0	0
X3107	0	0	0
X3151	0	0	0
X3225	0	0	0
X3238	0	0	0
X3297	0	0	0
X3349	0	0	0
X3391	0	0	0
X429	0	0	0
X451	0	0	0
X472	0	0	0
X544	0	0	0
X592	0	0	0
X655	0	0	0
X736	0	0	0
X80	0	0	0
X935	0	0	0
X93	0	0	0
X94	0	0	0
X970	0	0	0
X987	0	0	0
X991	0	0	0
OVCA100	0	0	0
OVCA103	0	0	0
OVCA104	0	0	0
OVCA108	0	0	0
OVCA111	0	0	0
OVCA112	0	0	0
OVCA115	0	0	0
OVCA116	0	0	0
OVCA117	0	0	0
OVCA118	0	0	0
OVCA119	0	0	0
OVCA120	0	0	0
OVCA124	0	0	0
OVCA125	0	0	0
OVCA128	0	0	0
OVCA129	0	0	0
OVCA13	0	0	0
OVCA130	0	0	0
OVCA131	0	0	0
OVCA132	0	0	0
OVCA133	0	0	0
OVCA134	0	0	0
OVCA135	0	0	0
OVCA136	0	0	0
OVCA137	0	0	0
OVCA139	0	0	0
OVCA14	0	0	0
OVCA140	0	0	0
OVCA141	0	0	0
OVCA142	0	0	0
OVCA143	0	0	0
OVCA144	0	0	0
OVCA145	0	0	0
OVCA146	0	0	0
OVCA147	0	0	0
OVCA149	0	0	0
OVCA150	0	0	0
OVCA151	0	0	0
OVCA153	0	0	0
OVCA154	0	0	0
OVCA155	0	0	0
OVCA157	0	0	0
OVCA158	0	0	0
OVCA159	0	0	0
OVCA16-02	0	0	0
OVCA161	0	0	0
OVCA162	0	0	0
OVCA163	0	0	0
OVCA164	0	0	0
OVCA165	0	0	0
OVCA166	0	0	0
OVCA167	0	0	0
OVCA168	0	0	0
OVCA169	0	0	0
OVCA170	0	0	0
OVCA171	0	0	0
OVCA172	0	0	0
OVCA173	0	0	0
OVCA174	0	0	0
OVCA175	0	0	0
OVCA176	0	0	0
OVCA177	0	0	0
OVCA178	0	0	0
OVCA179	0	0	0
OVCA18	0	0	0
OVCA180	0	0	0
OVCA181	0	0	0
OVCA183	0	0	0
OVCA184	0	0	0
OVCA185	0	0	0
OVCA186	0	0	0
OVCA188	0	0	0
OVCA189	0	0	0
OVCA19	0	0	0
OVCA190	0	0	0
OVCA191	0	0	0
OVCA192	0	0	0
OVCA193	0	0	0
OVCA194	0	0	0
OVCA195	0	0	0
OVCA196	0	0	0
OVCA197	0	0	0
OVCA199	0	0	0
OVCA20-02	0	0	0
OVCA200	0	0	0
OVCA202	0	0	0
OVCA203	0	0	0
OVCA205	0	0	0
OVCA206	0	0	0
OVCA208	0	0	0
OVCA210	0	0	0
OVCA211	0	0	0
OVCA212	0	0	0
OVCA213	0	0	0
OVCA214	0	0	0
OVCA215	0	0	0
OVCA216	0	0	0
OVCA217	0	0	0
OVCA219	0	0	0
OVCA22	0	0	0
OVCA221	0	0	0
OVCA223	0	0	0
OVCA224	0	0	0
OVCA225	0	0	0
OVCA226	0	0	0
OVCA227	0	0	0
OVCA228	0	0	0
OVCA229	0	0	0
OVCA230	0	0	0
OVCA231	0	0	0
OVCA233	0	0	0
OVCA236	0	0	0
OVCA237	0	0	0
OVCA240	0	0	0
OVCA241	0	0	0
OVCA243	0	0	0
OVCA246	0	0	0
OVCA247	0	0	0
OVCA249	0	0	0
OVCA250	0	0	0
OVCA252	0	0	0
OVCA253	0	0	0
OVCA254	0	0	0
OVCA255	0	0	0
OVCA256	0	0	0
OVCA257	0	0	0
OVCA258	0	0	0
OVCA259	0	0	0
OVCA260	0	0	0
OVCA261	0	0	0
OVCA262	0	0	0
OVCA263	0	0	0
OVCA265	0	0	0
OVCA266	0	0	0
OVCA267	0	0	0
OVCA269R	0	0	0
OVCA270R	0	0	0
OVCA272	0	0	0
OVCA273	0	0	0
OVCA274	0	0	0
OVCA275	0	0	0
OVCA278	0	0	0
OVCA279	0	0	0
OVCA28-02	0	0	0
OVCA281	0	0	0
OVCA282	0	0	0
OVCA285	0	0	0
OVCA288	0	0	0
OVCA289	0	0	0
OVCA292	0	0	0
OVCA293	0	0	0
OVCA294	0	0	0
OVCA295	0	0	0
OVCA296	0	0	0
OVCA299	0	0	0
OVCA3	0	0	0
OVCA30	0	0	0
OVCA300	0	0	0
OVCA306	0	0	0
OVCA313	0	0	0
OVCA314	0	0	0
OVCA315	0	0	0
OVCA317	0	0	0
OVCA318	0	0	0
OVCA319	0	0	0
OVCA322	0	0	0
OVCA324	0	0	0
OVCA325	0	0	0
OVCA329	0	0	0
OVCA33	0	0	0
OVCA331	0	0	0
OVCA334	0	0	0
OVCA337	0	0	0
OVCA342	0	0	0
OVCA343	0	0	0
OVCA344	0	0	0
OVCA345	0	0	0
OVCA347	0	0	0
OVCA348	0	0	0
OVCA349	0	0	0
OVCA350	0	0	0
OVCA352	0	0	0
OVCA353	0	0	0
OVCA354	0	0	0
OVCA355	0	0	0
OVCA356	0	0	0
OVCA360	0	0	0
OVCA361	0	0	0
OVCA364	0	0	0
OVCA368	0	0	0
OVCA369	0	0	0
OVCA37	0	0	0
OVCA373	0	0	0
OVCA375	0	0	0
OVCA380	0	0	0
OVCA381	0	0	0
OVCA383	0	0	0
OVCA384	0	0	0
OVCA386	0	0	0
OVCA389	0	0	0
OVCA397	0	0	0
OVCA399	0	0	0
OVCA4	0	0	0
OVCA40	0	0	0
OVCA401	0	0	0
OVCA403	0	0	0
OVCA406	0	0	0
OVCA407	0	0	0
OVCA409	0	0	0
OVCA410	0	0	0
OVCA415	0	0	0
OVCA418	0	0	0
OVCA42	0	0	0
OVCA420	0	0	0
OVCA421	0	0	0
OVCA422	0	0	0
OVCA423	0	0	0
OVCA424	0	0	0
OVCA425	0	0	0
OVCA44	0	0	0
OVCA46	0	0	0
OVCA5	0	0	0
OVCA52	0	0	0
OVCA53	0	0	0
OVCA54	0	0	0
OVCA55	0	0	0
OVCA56	0	0	0
OVCA57	0	0	0
OVCA60	0	0	0
OVCA61	0	0	0
OVCA62	0	0	0
OVCA63	0	0	0
OVCA66	0	0	0
OVCA67	0	0	0
OVCA68	0	0	0
OVCA69	0	0	0
OVCA70	0	0	0
OVCA72	0	0	0
OVCA73	0	0	0
OVCA75	0	0	0
OVCA78	0	0	0
OVCA79	0	0	0
OVCA8	0	0	0
OVCA80	0	0	0
OVCA82	0	0	0
OVCA83	0	0	0
OVCA84	0	0	0
OVCA85	0	0	0
OVCA87	0	0	0
OVCA89	0	0	0
OVCA9	0	0	0
OVCA90	0	0	0
OVCA91	0	0	0
OVCA93	0	0	0
OVCA94	0	0	0
OVCA95	0	0	0
OVCA96	0	0	0
OVCA98	0	0	0
OVCA99	0	0	0
GSM692785_JB0721	0	0	0
GSM692787_JB0723	0	0	0
GSM692796_JB0734	0	0	0
GSM692803_JB0783	0	0	0
GSM692805_JB0785	0	0	0
