Sample	Percent	Start	End
P-0000199-T01-IM3	0	0	0
P-0000334-T01-IM3	0	0	0
P-0000366-T01-IM3	0.341951240263392	0.00345810247595564	0.355575629708308
P-0000667-T01-IM3	0.352098572326843	0.00345810247595564	0.355575629708308
P-0001105-T01-IM3	0.298448511072504	0.00345810247595564	0.30190661354846
P-0001392-T01-IM3	0.166849051974867	0.00345810247595564	0.170307154450823
P-0001421-T01-IM3	0.299481393621362	0.00345810247595564	0.302939496097318
P-0001457-T01-IM3	0	0	0
P-0001478-T01-IM3	0	0	0
P-0001561-T01-IM3	0	0	0
P-0001634-T01-IM3	0.352117527232352	0.00345810247595564	0.355575629708308
P-0001677-T01-IM3	0.352117527232352	0.00345810247595564	0.355575629708308
P-0001747-T01-IM3	0.300033503389621	0.00345810247595564	0.303491605865577
P-0001752-T01-IM3	0	0	0
P-0001801-T01-IM3	0.352117527232352	0.00345810247595564	0.355575629708308
P-0001985-T01-IM3	0.20617439206361	0.00345810247595564	0.232618992902187
P-0001992-T01-IM3	0.352117527232352	0.00345810247595564	0.355575629708308
P-0002122-T01-IM3	0.352117527232352	0.00345810247595564	0.355575629708308
P-0002227-T01-IM3	0.352117527232352	0.00345810247595564	0.355575629708308
P-0002242-T02-IM3	0	0	0
P-0002310-T01-IM3	0.300033503389621	0.00345810247595564	0.303491605865577
P-0002526-T01-IM3	0	0	0
P-0002536-T01-IM3	0.352117527232352	0.00345810247595564	0.355575629708308
P-0002692-T01-IM3	0.352117527232352	0.00345810247595564	0.355575629708308
P-0002771-T01-IM3	0	0	0
P-0002866-T01-IM3	0.352117527232352	0.00345810247595564	0.355575629708308
P-0002887-T01-IM3	0	0	0
P-0003050-T01-IM5	0.134295177736822	0.00345810247595564	0.180387607576157
P-0003763-T01-IM5	0.0228161828411328	0.00345810247595564	0.0262742853170885
P-0003829-T01-IM5	0.352117527232352	0.00345810247595564	0.355575629708308
P-0003873-T01-IM5	0.331830459818555	0.00345810247595564	0.355575629708308
P-0004175-T01-IM5	0.349387979864269	0.00345810247595564	0.355575629708308
P-0004524-T02-IM5	0.142188588787945	0.00345810247595564	0.155664190829302
P-0004568-T01-IM5	0	0	0
P-0004782-T01-IM5	0	0	0
P-0004821-T01-IM5	0.338739690873108	0.00345810247595564	0.355575629708308
P-0004822-T01-IM5	0.352117527232352	0.00345810247595564	0.355575629708308
P-0004829-T01-IM5	0.332255539759619	0.00345810247595564	0.355575629708308
P-0005092-T01-IM5	0.342037074107018	0.00345810247595564	0.355575629708308
P-0005224-T01-IM5	0.0451379237350483	0.00345810247595564	0.0695990121290006
P-0005516-T01-IM5	0.352117527232352	0.00345810247595564	0.355575629708308
P-0005531-T01-IM5	0	0	0
P-0005745-T01-IM5	0.352117527232352	0.00345810247595564	0.355575629708308
P-0006217-T01-IM5	0.10937323027623	0.00345810247595564	0.180356466788895
P-0006984-T01-IM5	0.0302308780426055	0.00345810247595564	0.0336889805185611
P-0007134-T01-IM5	0.28507067471326	0.00345810247595564	0.288528777189216
P-0007535-T01-IM5	0.342391530020551	0.00345810247595564	0.355575629708308
P-0007738-T01-IM5	0.26745656038417	0.00345810247595564	0.355575629708308
P-0008052-T01-IM5	0.352117527232352	0.00345810247595564	0.355575629708308
P-0008474-T01-IM5	0	0	0
P-0009060-T01-IM5	0.352117527232352	0.00345810247595564	0.355575629708308
P-0009750-T01-IM5	0.352117527232352	0.00345810247595564	0.355575629708308
P-0009979-T02-IM6	0.352117527232352	0.00345810247595564	0.355575629708308
P-0010510-T01-IM5	0.352117527232352	0.00345810247595564	0.355575629708308
P-0010598-T01-IM5	0.352117527232352	0.00345810247595564	0.355575629708308
P-0010705-T01-IM5	0.352117527232352	0.00345810247595564	0.355575629708308
P-0011086-T01-IM5	0	0	0
P-0011589-T01-IM5	0.286103557262118	0.00345810247595564	0.302939496097318
P-0012367-T01-IM5	0.352117527232352	0.00345810247595564	0.355575629708308
P-0013630-T01-IM5	0.176593455030929	0.00345810247595564	0.180051557506885
P-0013641-T01-IM5	0.299924592583646	0.00345810247595564	0.303382695059602
P-0014561-T01-IM6	0	0	0
P-0014697-T01-IM6	0.04218738331168	0.00345810247595564	0.0456454857876356
P-0014723-T01-IM6	0	0	0
P-0015095-T01-IM6	0.285619940835946	0.00345810247595564	0.355575629708308
P-0015810-T01-IM6	0.259949917910836	0.00345810247595564	0.303491605865577
P-0015976-T01-IM6	0.352117527232352	0.00345810247595564	0.355575629708308
P-0016322-T01-IM6	0	0	0
P-0016865-T01-IM6	0.352117527232352	0.00345810247595564	0.355575629708308
P-0017005-T01-IM6	0	0	0
P-0017434-T01-IM6	0.352117527232352	0.00345810247595564	0.355575629708308
P-0017470-T01-IM6	0	0	0
P-0017563-T01-IM5	0	0	0
P-0017787-T01-IM6	0	0	0
P-0018024-T01-IM6	0.223436615496644	0.00345810247595564	0.2268947179726
P-0018026-T01-IM6	0.300033503389621	0.00345810247595564	0.303491605865577
P-0018184-T01-IM6	0	0	0
P-0018212-T01-IM6	0.0302308780426055	0.00345810247595564	0.0336889805185611
P-0018534-T01-IM6	0.352117527232352	0.00345810247595564	0.355575629708308
P-0018606-T01-IM6	0	0	0
P-0018612-T01-IM6	0.34836452150103	0.00345810247595564	0.355575629708308
P-0018647-T01-IM6	0.332728887920939	0.00345810247595564	0.355575629708308
P-0018757-T01-IM6	0.163648909946653	0.00345810247595564	0.355575629708308
P-0018944-T01-IM6	0.352117527232352	0.00345810247595564	0.355575629708308
P-0018997-T01-IM6	0.26607842484391	0.00345810247595564	0.269536527319866
P-0019008-T01-IM6	0.352117527232352	0.00345810247595564	0.355575629708308
P-0019234-T01-IM6	0	0	0
P-0019325-T01-IM6	0	0	0
P-0019338-T01-IM6	0.300033503389621	0.00345810247595564	0.303491605865577
P-0019383-T01-IM6	0.286655667030377	0.00345810247595564	0.303491605865577
P-0019391-T01-IM6	0	0	0
P-0019814-T01-IM6	0.293007699256437	0.00345810247595564	0.303491605865577
P-0019908-T01-IM6	0	0	0
P-0019953-T01-IM6	0.34096350366112	0.00345810247595564	0.355575629708308
P-0020007-T01-IM6	0.300033503389621	0.00345810247595564	0.303491605865577
P-0020012-T01-IM6	0.352117527232352	0.00345810247595564	0.355575629708308
P-0020115-T01-IM6	0.352117527232352	0.00345810247595564	0.355575629708308
P-0020145-T01-IM6	0	0	0
P-0020161-T01-IM6	0.333125277363002	0.00345810247595564	0.355575629708308
P-0020313-T01-IM6	0.211311597593764	0.00345810247595564	0.301958143356434
P-0020323-T01-IM6	0.352117527232352	0.00345810247595564	0.355575629708308
P-0020385-T01-IM6	0	0	0
P-0020432-T01-IM6	0.0673197605447192	0.00345810247595564	0.0707778630206749
P-0020525-T01-IM6	0.352117527232352	0.00345810247595564	0.355575629708308
P-0020568-T01-IM6	0.299924592583646	0.00345810247595564	0.303382695059602
P-0020699-T01-IM6	0.300033503389621	0.00345810247595564	0.303491605865577
P-0020767-T01-IM6	0.247272609950929	0.00345810247595564	0.30258533520177
P-0020831-T01-IM6	0.252604117603708	0.00345810247595564	0.269536527319866
P-0020924-T01-IM6	0	0	0
P-0020927-T01-IM6	0.299777026226746	0.00345810247595564	0.303235128702702
P-0020973-T01-IM6	0.0681149979120512	0.00345810247595564	0.0715731003880068
P-0021076-T01-IM6	0.352117527232352	0.00345810247595564	0.355575629708308
P-0021328-T01-IM6	0.352117527232352	0.00345810247595564	0.355575629708308
P-0021359-T01-IM6	0.0885522786496656	0.00345810247595564	0.180361498484521
P-0021368-T01-IM6	0.352117527232352	0.00345810247595564	0.355575629708308
P-0021409-T01-IM6	0.300033503389621	0.00345810247595564	0.303491605865577
P-0021524-T01-IM6	0.352117527232352	0.00345810247595564	0.355575629708308
P-0021534-T01-IM6	0	0	0
P-0021742-T01-IM6	0	0	0
P-0021759-T01-IM6	0.352117527232352	0.00345810247595564	0.355575629708308
P-0021762-T02-IM6	0	0	0
P-0021785-T01-IM6	0.176886596373332	0.00345810247595564	0.180387607576157
P-0021891-T01-IM6	0.337154698555991	0.00345810247595564	0.355575629708308
P-0021905-T02-IM6	0	0	0
P-0021912-T01-IM6	0.352117527232352	0.00345810247595564	0.355575629708308
P-0021924-T01-IM6	0.352117527232352	0.00345810247595564	0.355575629708308
P-0021932-T02-IM6	0.0432552500765428	0.00345810247595564	0.0471618044738969
P-0022016-T01-IM6	0	0	0
P-0022046-T01-IM6	0	0	0
P-0022058-T01-IM6	0.352117527232352	0.00345810247595564	0.355575629708308
P-0022079-T01-IM6	0.232099572765608	0.00345810247595564	0.288528777189216
P-0022130-T01-IM6	0.352117527232352	0.00345810247595564	0.355575629708308
P-0022507-T01-IM6	0	0	0
P-0022522-T01-IM6	0.331114541314355	0.00345810247595564	0.355575629708308
P-0022535-T01-IM6	0.352117527232352	0.00345810247595564	0.355575629708308
P-0022640-T01-IM6	0.300015925234707	0.00345810247595564	0.303491605865577
P-0022781-T01-IM6	0.352117527232352	0.00345810247595564	0.355575629708308
P-0023037-T01-IM6	0.352117527232352	0.00345810247595564	0.355575629708308
P-0023506-T01-IM6	0.28507067471326	0.00345810247595564	0.288528777189216
P-0023507-T01-IM6	0.352117527232352	0.00345810247595564	0.355575629708308
P-0023547-T01-IM6	0.352117527232352	0.00345810247595564	0.355575629708308
P-0023559-T01-IM6	0.352117527232352	0.00345810247595564	0.355575629708308
P-0023560-T01-IM6	0.156642437686404	0.00345810247595564	0.180387607576157
P-0023620-T01-IM6	0.352117527232352	0.00345810247595564	0.355575629708308
P-0023632-T01-IM6	0.298500040880478	0.00345810247595564	0.301958143356434
P-0023834-T01-IM6	0	0	0
P-0023920-T01-IM6	0.26607842484391	0.00345810247595564	0.269536527319866
P-0023996-T01-IM6	0.300033503389621	0.00345810247595564	0.303491605865577
P-0024149-T01-IM6	0	0	0
P-0024181-T01-IM6	0	0	0
P-0024189-T01-IM6	0.352117527232352	0.00345810247595564	0.355575629708308
P-0024318-T01-IM6	0	0	0
P-0024405-T01-IM6	0.0302308780426055	0.00345810247595564	0.0336889805185611
P-0024661-T01-IM6	0.352117527232352	0.00345810247595564	0.355575629708308
P-0024723-T01-IM6	0	0	0
P-0024726-T01-IM6	0.300033503389621	0.00345810247595564	0.303491605865577
P-0024738-T01-IM6	0.300033503389621	0.00345810247595564	0.303491605865577
P-0024740-T01-IM6	0	0	0
P-0024774-T01-IM6	0.352117527232352	0.00345810247595564	0.355575629708308
P-0024926-T01-IM6	0.352117527232352	0.00345810247595564	0.355575629708308
P-0024959-T01-IM6	0.329994464561165	0.00345810247595564	0.355575629708308
P-0025000-T01-IM6	0.346393252302765	0.00345810247595564	0.355575629708308
P-0025026-T01-IM6	0	0	0
P-0025135-T01-IM6	0.352117527232352	0.00345810247595564	0.355575629708308
P-0025144-T01-IM6	0.352117527232352	0.00345810247595564	0.355575629708308
P-0025279-T01-IM6	0	0	0
P-0025454-T01-IM6	0.352117527232352	0.00345810247595564	0.355575629708308
P-0025545-T01-IM6	0.152206088353346	0.00345810247595564	0.155664190829302
P-0025645-T01-IM6	0.0437037019979413	0.00345810247595564	0.0471618044738969
P-0025675-T01-IM6	0.352117527232352	0.00345810247595564	0.355575629708308
P-0025854-T01-IM6	0.352117527232352	0.00345810247595564	0.355575629708308
P-0025859-T01-IM6	0.0302308780426055	0.00345810247595564	0.0336889805185611
P-0025946-T01-IM6	0	0	0
P-0025949-T01-IM6	0.300033503389621	0.00345810247595564	0.303491605865577
P-0025958-T01-IM6	0	0	0
P-0025993-T01-IM6	0	0	0
P-0026232-T01-IM6	0.28507067471326	0.00345810247595564	0.288528777189216
P-0026490-T01-IM6	0.352117527232352	0.00345810247595564	0.355575629708308
P-0026493-T01-IM6	0	0	0
P-0026504-T01-IM6	0.152206088353346	0.00345810247595564	0.155664190829302
P-0026506-T01-IM6	0	0	0
P-0026707-T01-IM6	0.248178880614736	0.00345810247595564	0.303491605865577
P-0026882-T01-IM6	0.351336254049624	0.00345810247595564	0.355575629708308
P-0026969-T01-IM6	0.129308447768693	0.00345810247595564	0.132813490883973
P-0027019-T01-IM6	0	0	0
P-0027035-T01-IM6	0.258181670255629	0.00345810247595564	0.303491605865577
P-0027075-T01-IM6	0.352117527232352	0.00345810247595564	0.355575629708308
P-0027872-T01-IM6	0	0	0
P-0027886-T01-IM6	0.300033503389621	0.00345810247595564	0.303491605865577
P-0027999-T01-IM6	0.0681149979120512	0.00345810247595564	0.0715731003880068
P-0028008-T01-IM6	0.352117527232352	0.00345810247595564	0.355575629708308
P-0028009-T01-IM6	0.223436615496644	0.00345810247595564	0.2268947179726
P-0028250-T01-IM6	0	0	0
P-0028308-T01-IM6	0.24853803223119	0.00345810247595564	0.303491605865577
P-0028328-T01-IM6	0	0	0
P-0028330-T01-IM6	0.300033503389621	0.00345810247595564	0.303491605865577
P-0028432-T01-IM6	0.352117527232352	0.00345810247595564	0.355575629708308
P-0028449-T01-IM6	0	0	0
P-0028493-T01-IM6	0.352117527232352	0.00345810247595564	0.355575629708308
P-0028499-T01-IM6	0.352117527232352	0.00345810247595564	0.355575629708308
P-0028695-T01-IM6	0.0437037019979413	0.00345810247595564	0.0471618044738969
P-0028702-T01-IM6	0.277182803444292	0.00345810247595564	0.303491605865577
P-0028917-T01-IM6	0.352117527232352	0.00345810247595564	0.355575629708308
P-0029223-T01-IM6	0.344650671212216	0.00345810247595564	0.355575629708308
P-0029292-T01-IM6	0.352117527232352	0.00345810247595564	0.355575629708308
P-0029325-T01-IM6	0.299188662026159	0.00345810247595564	0.302646764502115
P-0029393-T01-IM6	0.352117527232352	0.00345810247595564	0.355575629708308
P-0029463-T01-IM6	0	0	0
P-0029537-T01-IM6	0.300033503389621	0.00345810247595564	0.303491605865577
P-0029643-T01-IM6	0	0	0
P-0029723-T01-IM6	0	0	0
P-0029830-T01-IM6	0.352117527232352	0.00345810247595564	0.355575629708308
P-0029835-T01-IM6	0	0	0
P-0029946-T01-IM6	0.275993430244501	0.00345810247595564	0.303491605865577
P-0030023-T01-IM6	0	0	0
P-0030026-T01-IM6	0.352117527232352	0.00345810247595564	0.355575629708308
P-0030052-T01-IM6	0	0	0
P-0030139-T01-IM6	0.352117527232352	0.00345810247595564	0.355575629708308
P-0030229-T02-IM6	0.352117527232352	0.00345810247595564	0.355575629708308
P-0030339-T01-IM6	0.352117527232352	0.00345810247595564	0.355575629708308
P-0030569-T01-IM6	0	0	0
P-0030669-T01-IM6	0.352117527232352	0.00345810247595564	0.355575629708308
P-0030697-T01-IM6	0	0	0
P-0030779-T01-IM6	0.352117527232352	0.00345810247595564	0.355575629708308
P-0030836-T01-IM6	0	0	0
P-0030874-T01-IM6	0.352117527232352	0.00345810247595564	0.355575629708308
P-0030958-T01-IM6	0.300033503389621	0.00345810247595564	0.303491605865577
P-0030962-T01-IM6	0.352117527232352	0.00345810247595564	0.355575629708308
P-0031085-T01-IM6	0.352117527232352	0.00345810247595564	0.355575629708308
P-0031210-T01-IM6	0.296280497658299	0.00345810247595564	0.303491605865577
P-0031385-T01-IM6	0.176903396008566	0.00345810247595564	0.180361498484521
P-0031395-T01-IM6	0.0302308780426055	0.00345810247595564	0.0336889805185611
P-0031656-T01-IM6	0.352117527232352	0.00345810247595564	0.355575629708308
P-0031687-T01-IM6	0.28507067471326	0.00345810247595564	0.288528777189216
P-0031749-T01-IM6	0.345091723099168	0.00345810247595564	0.355575629708308
P-0031946-T01-IM6	0.0302308780426055	0.00345810247595564	0.0336889805185611
P-0032130-T02-IM6	0.352117527232352	0.00345810247595564	0.355575629708308
P-0032171-T03-IM6	0.352117527232352	0.00345810247595564	0.355575629708308
P-0032339-T01-IM6	0.154023325383883	0.00345810247595564	0.180387607576157
P-0032375-T01-IM6	0.352117527232352	0.00345810247595564	0.355575629708308
P-0032521-T01-IM6	0.352117527232352	0.00345810247595564	0.355575629708308
P-0032525-T01-IM6	0.352117527232352	0.00345810247595564	0.355575629708308
P-0032819-T01-IM6	0	0	0
P-0032956-T01-IM6	0.300033503389621	0.00345810247595564	0.303491605865577
P-0033218-T02-IM6	0	0	0
P-0033345-T01-IM6	0.352117527232352	0.00345810247595564	0.355575629708308
P-0033555-T01-IM6	0.352117527232352	0.00345810247595564	0.355575629708308
P-0033690-T01-IM6	0.352117527232352	0.00345810247595564	0.355575629708308
P-0033692-T01-IM6	0.352117527232352	0.00345810247595564	0.355575629708308
P-0033715-T01-IM6	0.352117527232352	0.00345810247595564	0.355575629708308
P-0033718-T01-IM6	0.28870963140871	0.00345810247595564	0.30190661354846
P-0033726-T01-IM6	0.352117527232352	0.00345810247595564	0.355575629708308
P-0034011-T01-IM6	0	0	0
P-0034227-T01-IM6	0.248178880614736	0.00345810247595564	0.303491605865577
P-0034250-T01-IM6	0.233919087990581	0.00345810247595564	0.237377190466536
P-0034415-T01-IM6	0.300033503389621	0.00345810247595564	0.303491605865577
P-0034418-T01-IM6	0	0	0
P-0034484-T01-IM6	0.0302308780426055	0.00345810247595564	0.0336889805185611
P-0034519-T01-IM6	0.352117527232352	0.00345810247595564	0.355575629708308
P-0034814-T01-IM6	0	0	0
P-0035101-T01-IM6	0	0	0
P-0035120-T01-IM6	0.270017472194289	0.00345810247595564	0.303491605865577
P-0035374-T01-IM6	0.352117527232352	0.00345810247595564	0.355575629708308
P-0035382-T01-IM6	0	0	0
P-0035556-T01-IM6	0	0	0
P-0035753-T01-IM6	0.352117527232352	0.00345810247595564	0.355575629708308
P-0035898-T01-IM6	0.300033503389621	0.00345810247595564	0.303491605865577
P-0036013-T01-IM6	0	0	0
P-0036292-T01-IM6	0	0	0
P-0036314-T01-IM6	0	0	0
P-0036321-T01-IM6	0.300033503389621	0.00345810247595564	0.303491605865577
P-0036348-T01-IM6	0	0	0
P-0036409-T01-IM6	0.352117527232352	0.00345810247595564	0.355575629708308
P-0036457-T01-IM6	0.352050664684124	0.00345810247595564	0.355575629708308
P-0036488-T01-IM6	0.352117527232352	0.00345810247595564	0.355575629708308
P-0036582-T01-IM6	0	0	0
P-0036673-T01-IM6	0.310343357582801	0.00345810247595564	0.355575629708308
P-0036705-T01-IM6	0	0	0
P-0036717-T01-IM6	0.342396225723472	0.00345810247595564	0.355575629708308
P-0036766-T01-IM6	0.0302308780426055	0.00345810247595564	0.0336889805185611
P-0036779-T01-IM6	0	0	0
P-0036784-T01-IM6	0.0437037019979413	0.00345810247595564	0.0471618044738969
P-0036828-T01-IM6	0	0	0
P-0036895-T01-IM6	0.231264221147317	0.00345810247595564	0.355575629708308
P-0036963-T01-IM6	0.352117527232352	0.00345810247595564	0.355575629708308
P-0037025-T01-IM6	0.17689836431294	0.00345810247595564	0.180356466788895
P-0037049-T01-IM6	0.251510018823049	0.00345810247595564	0.254968121299004
P-0037070-T01-IM6	0	0	0
P-0037072-T01-IM6	0.0437037019979413	0.00345810247595564	0.0471618044738969
P-0037085-T01-IM6	0.352117527232352	0.00345810247595564	0.355575629708308
P-0037087-T01-IM6	0.352117527232352	0.00345810247595564	0.355575629708308
P-0037096-T01-IM6	0.352117527232352	0.00345810247595564	0.355575629708308
P-0037128-T01-IM6	0	0	0
P-0037160-T01-IM6	0.331830459818555	0.00345810247595564	0.355575629708308
P-0037263-T01-IM6	0.244606196431546	0.00345810247595564	0.303491605865577
P-0037424-T01-IM6	0.352117527232352	0.00345810247595564	0.355575629708308
P-0037425-T01-IM6	0.10906832099422	0.00345810247595564	0.112526423470175
P-0037460-T01-IM6	0	0	0
P-0037462-T01-IM6	0	0	0
P-0037553-T01-IM6	0	0	0
P-0037794-T01-IM6	0.352117527232352	0.00345810247595564	0.355575629708308
P-0037810-T01-IM6	0.352117527232352	0.00345810247595564	0.355575629708308
P-0037819-T01-IM6	0	0	0
P-0037899-T01-IM6	0.352117527232352	0.00345810247595564	0.355575629708308
P-0037974-T01-IM6	0.300033503389621	0.00345810247595564	0.303491605865577
P-0038047-T01-IM6	0	0	0
P-0038097-T01-IM6	0.0302308780426055	0.00345810247595564	0.0336889805185611
P-0038155-T01-IM6	0.352117527232352	0.00345810247595564	0.355575629708308
P-0038340-T01-IM6	0.176860487281697	0.00345810247595564	0.180361498484521
P-0038345-T02-IM6	0	0	0
P-0038387-T01-IM6	0.25825933374007	0.00345810247595564	0.303491605865577
P-0038427-T01-IM6	0	0	0
P-0038481-T01-IM6	0.284911020813937	0.00345810247595564	0.288528777189216
P-0038526-T01-IM6	0.0385552284197643	0.00345810247595564	0.0420133308957199
P-0038534-T01-IM6	0.167208203591321	0.00345810247595564	0.180387607576157
P-0038543-T01-IM6	0.352117527232352	0.00345810247595564	0.355575629708308
P-0038634-T01-IM6	0.352117527232352	0.00345810247595564	0.355575629708308
P-0038996-T01-IM6	0.352117527232352	0.00345810247595564	0.355575629708308
P-0039012-T01-IM6	0.352117527232352	0.00345810247595564	0.355575629708308
P-0039070-T01-IM6	0.233919087990581	0.00345810247595564	0.237377190466536
P-0039094-T01-IM6	0.21055669574088	0.00345810247595564	0.254968121299004
P-0039104-T02-IM6	0.352117527232352	0.00345810247595564	0.355575629708308
P-0039120-T01-IM6	0.331830459818555	0.00345810247595564	0.355575629708308
P-0039132-T01-IM6	0.129355388408017	0.00345810247595564	0.132813490883973
P-0039148-T01-IM6	0.0382609233953105	0.00345810247595564	0.0417190258712662
P-0039180-T01-IM6	0.352117527232352	0.00345810247595564	0.355575629708308
P-0039227-T01-IM6	0	0	0
P-0039242-T01-IM6	0.352117527232352	0.00345810247595564	0.355575629708308
P-0039273-T01-IM6	0.352117527232352	0.00345810247595564	0.355575629708308
P-0039301-T01-IM6	0	0	0
P-0039377-T01-IM6	0	0	0
P-0039468-T01-IM6	0.232544861438616	0.00345810247595564	0.355575629708308
P-0039500-T01-IM6	0	0	0
P-0039583-T01-IM6	0.300033503389621	0.00345810247595564	0.303491605865577
P-0039605-T01-IM6	0.300033503389621	0.00345810247595564	0.303491605865577
P-0039749-T01-IM6	0.300033503389621	0.00345810247595564	0.303491605865577
P-0039871-T01-IM6	0.300033503389621	0.00345810247595564	0.303491605865577
P-0039927-T01-IM6	0	0	0
P-0039932-T01-IM6	0	0	0
P-0039935-T01-IM6	0.216569244216125	0.00345810247595564	0.288528777189216
P-0040043-T01-IM6	0	0	0
P-0040044-T01-IM6	0.144739232333211	0.00345810247595564	0.155664190829302
P-0040119-T01-IM6	0.0232050739094216	0.00345810247595564	0.0266631763853772
P-0040154-T01-IM6	0.300033503389621	0.00345810247595564	0.303491605865577
P-0040343-T01-IM6	0.0413420174718009	0.00345810247595564	0.0448001199477566
P-0040365-T01-IM6	0.0991310089560167	0.00345810247595564	0.102589111431972
P-0040410-T01-IM6	0.300033503389621	0.00345810247595564	0.303491605865577
P-0040504-T01-IM6	0.352117527232352	0.00345810247595564	0.355575629708308
P-0040518-T01-IM6	0.352117527232352	0.00345810247595564	0.355575629708308
P-0040523-T01-IM6	0.0437037019979413	0.00345810247595564	0.0471618044738969
P-0040593-T01-IM6	0.0792690214832834	0.00345810247595564	0.082727123959239
P-0040729-T01-IM6	0	0	0
P-0040803-T01-IM6	0.310343357582801	0.00345810247595564	0.355575629708308
P-0040827-T01-IM6	0.300033503389621	0.00345810247595564	0.303491605865577
P-0041026-T01-IM6	0	0	0
P-0041163-T01-IM6	0.262372851448553	0.00345810247595564	0.355575629708308
P-0041225-T01-IM6	0	0	0
P-0041234-T01-IM6	0	0	0
P-0041235-T01-IM6	0	0	0
P-0041269-T01-IM6	0	0	0
P-0041338-T01-IM6	0.300033503389621	0.00345810247595564	0.303491605865577
P-0041345-T01-IM6	0	0	0
P-0041413-T01-IM6	0.164062262922831	0.00345810247595564	0.170307154450823
P-0041468-T01-IM6	0.352117527232352	0.00345810247595564	0.355575629708308
P-0041535-T01-IM6	0.352117527232352	0.00345810247595564	0.355575629708308
P-0041618-T01-IM6	0.328213424598349	0.00345810247595564	0.355575629708308
P-0041721-T01-IM6	0	0	0
P-0041733-T01-IM6	0.0991310089560167	0.00345810247595564	0.102589111431972
P-0041954-T01-IM6	0	0	0
P-0041962-T02-IM6	0.300033503389621	0.00345810247595564	0.303491605865577
P-0041968-T01-IM6	0.286752908236074	0.00345810247595564	0.355575629708308
P-0041985-T01-IM6	0.333125277363002	0.00345810247595564	0.355575629708308
P-0042152-T01-IM6	0	0	0
P-0042164-T01-IM6	0.325966067736178	0.00345810247595564	0.355575629708308
P-0042216-T01-IM6	0.352117527232352	0.00345810247595564	0.355575629708308
P-0042407-T01-IM6	0.176593455030929	0.00345810247595564	0.180051557506885
P-0042422-T01-IM6	0	0	0
P-0042516-T01-IM6	0.352117527232352	0.00345810247595564	0.355575629708308
P-0042548-T01-IM6	0	0	0
P-0042584-T01-IM6	0	0	0
P-0042701-T02-IM6	0.352117527232352	0.00345810247595564	0.355575629708308
P-0042757-T01-IM6	0	0	0
P-0042788-T01-IM6	0	0	0
P-0042805-T01-IM6	0.338739690873108	0.00345810247595564	0.355575629708308
P-0042866-T01-IM6	0	0	0
P-0042974-T01-IM6	0.152206088353346	0.00345810247595564	0.155664190829302
P-0043037-T01-IM6	0.352117527232352	0.00345810247595564	0.355575629708308
P-0043133-T01-IM6	0.352117527232352	0.00345810247595564	0.355575629708308
P-0043135-T01-IM6	0.294309228460034	0.00345810247595564	0.303491605865577
P-0043201-T01-IM6	0	0	0
P-0043240-T01-IM6	0.352117527232352	0.00345810247595564	0.355575629708308
P-0043290-T01-IM6	0.352117527232352	0.00345810247595564	0.355575629708308
P-0043571-T01-IM6	0.352117527232352	0.00345810247595564	0.355575629708308
P-0043617-T01-IM6	0.352117527232352	0.00345810247595564	0.355575629708308
P-0043633-T01-IM6	0.041350630357962	0.00345810247595564	0.0448087328339176
P-0043634-T01-IM6	0.0302308780426055	0.00345810247595564	0.0336889805185611
P-0043706-T01-IM6	0.0302308780426055	0.00345810247595564	0.0336889805185611
P-0043789-T01-IM6	0.352117527232352	0.00345810247595564	0.355575629708308
P-0043838-T01-IM6	0.352117527232352	0.00345810247595564	0.355575629708308
P-0043942-T01-IM6	0.352117527232352	0.00345810247595564	0.355575629708308
P-0043950-T01-IM6	0	0	0
P-0044023-T01-IM6	0.352117527232352	0.00345810247595564	0.355575629708308
P-0044056-T01-IM6	0	0	0
P-0044131-T01-IM6	0.352117527232352	0.00345810247595564	0.355575629708308
P-0044146-T01-IM6	0	0	0
P-0044224-T01-IM6	0.329266827287023	0.00345810247595564	0.355575629708308
P-0044451-T01-IM6	0.346393252302765	0.00345810247595564	0.355575629708308
P-0044555-T01-IM6	0	0	0
P-0044704-T01-IM6	0.0302308780426055	0.00345810247595564	0.0336889805185611
P-0044770-T01-IM6	0	0	0
P-0044817-T01-IM6	0.200729572919919	0.00345810247595564	0.303491605865577
P-0044905-T01-IM6	0.352117527232352	0.00345810247595564	0.355575629708308
P-0044963-T01-IM6	0.232544861438616	0.00345810247595564	0.355575629708308
P-0045312-T01-IM6	0.352117527232352	0.00345810247595564	0.355575629708308
P-0045469-T01-IM6	0	0	0
P-0045528-T01-IM6	0	0	0
P-0045578-T01-IM6	0.352117527232352	0.00345810247595564	0.355575629708308
P-0045641-T01-IM6	0	0	0
P-0045643-T01-IM6	0.223436615496644	0.00345810247595564	0.2268947179726
P-0045841-T01-IM6	0.352117527232352	0.00345810247595564	0.355575629708308
P-0045890-T01-IM6	0.25825933374007	0.00345810247595564	0.303491605865577
P-0045902-T01-IM6	0.352117527232352	0.00345810247595564	0.355575629708308
P-0045944-T01-IM6	0.350601208546091	0.00345810247595564	0.355575629708308
P-0045987-T01-IM6	0.279521042235602	0.00345810247595564	0.303266212125356
P-0045993-T01-IM6	0.352117527232352	0.00345810247595564	0.355575629708308
P-0046098-T01-IM6	0.111516167161746	0.00345810247595564	0.180338888633981
P-0046249-T01-IM6	0.176903396008566	0.00345810247595564	0.180361498484521
P-0046401-T01-IM6	0.352117527232352	0.00345810247595564	0.355575629708308
P-0046489-T01-IM6	0.304614886841877	0.00345810247595564	0.355575629708308
P-0046496-T01-IM6	0.0302308780426055	0.00345810247595564	0.0336889805185611
P-0046543-T01-IM6	0	0	0
P-0046676-T01-IM6	0.300033503389621	0.00345810247595564	0.303491605865577
P-0046802-T01-IM6	0.112254695516486	0.00345810247595564	0.180361498484521
P-0046854-T01-IM6	0.352117527232352	0.00345810247595564	0.355575629708308
P-0046884-T01-IM6	0	0	0
P-0047149-T01-IM6	0	0	0
P-0047214-T01-IM6	0.176929505100201	0.00345810247595564	0.180387607576157
P-0047352-T01-IM6	0.352117527232352	0.00345810247595564	0.355575629708308
P-0047444-T01-IM6	0	0	0
P-0047466-T01-IM6	0.352117527232352	0.00345810247595564	0.355575629708308
P-0047577-T01-IM6	0.0232050739094216	0.00345810247595564	0.0266631763853772
P-0047853-T01-IM6	0.183490344499794	0.00345810247595564	0.355575629708308
P-0047883-T01-IM6	0.285398234820532	0.00345810247595564	0.303491605865577
P-0048171-T01-IM6	0.16943653998843	0.00345810247595564	0.180361498484521
P-0048214-T01-IM6	0.352117527232352	0.00345810247595564	0.355575629708308
P-0048239-T01-IM6	0.352117527232352	0.00345810247595564	0.355575629708308
P-0048455-T01-IM6	0.352117527232352	0.00345810247595564	0.355575629708308
P-0048463-T01-IM6	0.352117527232352	0.00345810247595564	0.355575629708308
P-0048524-T01-IM6	0.17689836431294	0.00345810247595564	0.180356466788895
P-0048588-T01-IM6	0.233542808941133	0.00345810247595564	0.303491605865577
P-0048664-T01-IM6	0	0	0
P-0048902-T01-IM6	0.176929505100201	0.00345810247595564	0.180387607576157
P-0048923-T01-IM6	0.352117527232352	0.00345810247595564	0.355575629708308
P-0049040-T01-IM6	0.222984746283591	0.00345810247595564	0.2268947179726
P-0049127-T01-IM6	0	0	0
P-0049292-T01-IM6	0.300033503389621	0.00345810247595564	0.303491605865577
P-0049483-T01-IM6	0.352117527232352	0.00345810247595564	0.355575629708308
P-0049519-T01-IM6	0.300033503389621	0.00345810247595564	0.303491605865577
P-0049532-T01-IM6	0.0302308780426055	0.00345810247595564	0.0336889805185611
P-0049560-T01-IM6	0.208758864337774	0.00345810247595564	0.254968121299004
P-0049686-T01-IM6	0.352117527232352	0.00345810247595564	0.355575629708308
P-0049759-T01-IM6	0.352117527232352	0.00345810247595564	0.355575629708308
P-0049812-T01-IM6	0	0	0
P-0049848-T01-IM6	0	0	0
P-0049921-T01-IM6	0.195469803807058	0.00345810247595564	0.303491605865577
P-0049943-T01-IM6	0	0	0
P-0049980-T01-IM6	0.352117527232352	0.00345810247595564	0.355575629708308
P-0050114-T01-IM6	0	0	0
P-0050400-T01-IM6	0.176415010124976	0.00345810247595564	0.180361498484521
P-0050410-T01-IM6	0.300033503389621	0.00345810247595564	0.303491605865577
P-0050452-T01-IM6	0.152206088353346	0.00345810247595564	0.155664190829302
P-0000185-T01-IM3	0	0	0
P-0001497-T01-IM3	0.352117527232352	0.00345810247595564	0.355575629708308
P-0001747-T02-IM5	0.352117527232352	0.00345810247595564	0.355575629708308
P-0002136-T01-IM3	0	0	0
P-0002242-T01-IM3	0	0	0
P-0002257-T01-IM3	0	0	0
P-0002373-T01-IM3	0.277105631656492	0.00345810247595564	0.355575629708308
P-0002664-T01-IM3	0.352117527232352	0.00345810247595564	0.355575629708308
P-0003050-T01-IM3	0.134295177736822	0.00345810247595564	0.180387607576157
P-0003708-T01-IM5	0.352117527232352	0.00345810247595564	0.355575629708308
P-0004262-T01-IM5	0.0302308780426055	0.00345810247595564	0.0336889805185611
P-0004524-T01-IM5	0.13120310243535	0.00345810247595564	0.155664190829302
P-0004530-T01-IM5	0.352117527232352	0.00345810247595564	0.355575629708308
P-0004791-T01-IM5	0.352117527232352	0.00345810247595564	0.355575629708308
P-0006444-T01-IM5	0.352117527232352	0.00345810247595564	0.355575629708308
P-0006531-T01-IM5	0.352117527232352	0.00345810247595564	0.355575629708308
P-0007221-T01-IM5	0	0	0
P-0007370-T01-IM5	0.300033503389621	0.00345810247595564	0.303491605865577
P-0008787-T01-IM5	0.26607842484391	0.00345810247595564	0.269536527319866
P-0009061-T01-IM5	0	0	0
P-0012310-T01-IM5	0.209675829403523	0.00345810247595564	0.355575629708308
P-0012338-T01-IM5	0.352117527232352	0.00345810247595564	0.355575629708308
TCGA-72-4233-01	0	0	0
TCGA-72-4238-01	0	0	0
TCGA-72-4236-01	0	0	0
TCGA-72-4235-01	0	0	0
TCGA-09-1669-01	0	0	0
TCGA-25-1635-01	0	0	0
TCGA-25-1632-01	0	0	0
TCGA-09-1665-01	0	0	0
TCGA-36-1577-01	0	0	0
TCGA-36-1580-01	0	0	0
TCGA-57-1585-01	0	0	0
TCGA-24-1567-01	0	0	0
TCGA-36-1575-01	0	0	0
TCGA-24-1558-01	0	0	0
TCGA-04-1536-01	0	0	0
TCGA-09-1662-01	0	0	0
TCGA-25-1628-01	0	0	0
TCGA-24-1544-01	0	0	0
TCGA-09-1666-01	0	0	0
TCGA-36-1574-01	0	0	0
TCGA-36-1581-01	0	0	0
TCGA-25-1630-01	0	0	0
TCGA-24-1546-01	0	0	0
TCGA-25-1633-01	0	0	0
TCGA-36-1576-01	0	0	0
TCGA-36-1570-01	0	0	0
TCGA-09-1668-01	0	0	0
TCGA-04-1517-01	0	0	0
TCGA-36-1578-01	0	0	0
TCGA-25-1631-01	0	0	0
TCGA-57-1584-01	0	0	0
TCGA-24-1556-01	0	0	0
TCGA-25-1625-01	0	0	0
TCGA-24-1548-01	0	0	0
TCGA-61-1740-01	0	0	0
TCGA-61-1738-01	0	0	0
TCGA-29-1775-01	0	0	0
TCGA-61-1907-01	0	0	0
TCGA-09-1664-01	0	0	0
TCGA-24-1846-01	0	0	0
TCGA-23-1029-01	0	0	0
TCGA-04-1651-01	0	0	0
TCGA-24-1842-01	0	0	0
TCGA-24-1849-01	0	0	0
TCGA-29-1774-01	0	0	0
TCGA-61-1722-01	0	0	0
TCGA-61-1737-01	0	0	0
TCGA-04-1648-01	0	0	0
TCGA-30-1855-01	0	0	0
TCGA-04-1649-01	0	0	0
TCGA-61-1900-01	0	0	0
TCGA-61-1906-01	0	0	0
TCGA-61-1895-01	0	0	0
TCGA-61-1904-01	0	0	0
TCGA-61-1899-01	0	0	0
TCGA-24-1844-01	0	0	0
TCGA-24-1845-01	0	0	0
TCGA-61-1727-01	0	0	0
TCGA-04-1646-01	0	0	0
TCGA-30-1856-01	0	0	0
TCGA-61-1725-01	0	0	0
TCGA-61-1903-01	0	0	0
TCGA-61-1901-01	0	0	0
TCGA-29-1776-01	0	0	0
TCGA-61-1913-01	0	0	0
TCGA-29-1777-01	0	0	0
TCGA-23-1111-01	0	0	0
TCGA-29-1769-01	0	0	0
TCGA-61-1741-01	0	0	0
TCGA-30-1857-01	0	0	0
TCGA-24-1850-01	0	0	0
TCGA-61-1910-01	0	0	0
TCGA-13-1494-01	0	0	0
TCGA-24-1418-01	0	0	0
TCGA-13-1482-01	0	0	0
TCGA-13-1511-01	0	0	0
TCGA-13-1507-01	0	0	0
TCGA-13-1492-01	0	0	0
TCGA-24-1435-01	0	0	0
TCGA-24-1422-01	0	0	0
TCGA-13-1512-01	0	0	0
TCGA-24-1467-01	0	0	0
TCGA-13-1504-01	0	0	0
TCGA-24-1464-01	0	0	0
TCGA-24-1430-01	0	0	0
TCGA-24-1436-01	0	0	0
TCGA-13-1489-02	0	0	0
TCGA-13-1501-01	0	0	0
TCGA-13-1510-01	0	0	0
TCGA-24-1417-01	0	0	0
TCGA-13-1487-01	0	0	0
TCGA-24-1416-01	0	0	0
TCGA-13-1484-01	0	0	0
TCGA-13-1509-01	0	0	0
TCGA-24-1434-01	0	0	0
TCGA-24-1428-01	0	0	0
TCGA-13-1505-01	0	0	0
TCGA-13-1481-01	0	0	0
TCGA-13-1495-01	0	0	0
TCGA-13-1499-01	0	0	0
TCGA-13-1497-01	0	0	0
TCGA-13-1496-01	0	0	0
TCGA-13-1488-01	0	0	0
TCGA-13-1498-01	0	0	0
TCGA-24-1423-01	0	0	0
TCGA-24-1431-01	0	0	0
TCGA-24-1466-01	0	0	0
TCGA-13-1506-01	0	0	0
TCGA-24-1424-01	0	0	0
TCGA-13-1500-01	0	0	0
TCGA-13-1489-01	0	0	0
TCGA-13-0723-01	0	0	0
TCGA-13-0800-01	0	0	0
TCGA-13-0802-01	0	0	0
TCGA-13-0755-01	0	0	0
TCGA-13-0761-01	0	0	0
TCGA-13-0791-01	0	0	0
TCGA-13-0792-01	0	0	0
TCGA-13-0714-01	0	0	0
TCGA-13-0768-01	0	0	0
TCGA-13-0793-01	0	0	0
TCGA-09-0367-01	0	0	0
TCGA-13-0751-01	0	0	0
TCGA-13-0797-01	0	0	0
TCGA-13-0725-01	0	0	0
TCGA-13-0764-01	0	0	0
TCGA-13-0720-01	0	0	0
TCGA-09-0366-01	0	0	0
TCGA-13-0801-01	0	0	0
TCGA-13-0760-01	0	0	0
TCGA-13-0791-02	0	0	0
TCGA-13-0758-01	0	0	0
TCGA-13-0803-01	0	0	0
TCGA-13-0757-01	0	0	0
TCGA-13-0799-01	0	0	0
TCGA-13-0794-01	0	0	0
TCGA-13-0730-01	0	0	0
TCGA-13-0726-01	0	0	0
TCGA-13-0766-01	0	0	0
TCGA-13-1407-01	0	0	0
TCGA-04-1351-01	0	0	0
TCGA-13-1403-01	0	0	0
TCGA-04-1356-01	0	0	0
TCGA-25-1320-01	0	0	0
TCGA-13-0900-01	0	0	0
TCGA-13-0905-01	0	0	0
TCGA-25-1315-01	0	0	0
TCGA-04-1367-01	0	0	0
TCGA-04-1365-01	0	0	0
TCGA-13-1405-01	0	0	0
TCGA-25-1319-01	0	0	0
TCGA-04-1348-01	0	0	0
TCGA-25-1329-01	0	0	0
TCGA-13-1408-01	0	0	0
TCGA-13-1412-01	0	0	0
TCGA-13-0901-01	0	0	0
TCGA-13-0908-01	0	0	0
TCGA-04-1349-01	0	0	0
TCGA-24-1413-01	0	0	0
TCGA-13-1409-01	0	0	0
TCGA-13-0884-01	0	0	0
TCGA-25-1322-01	0	0	0
TCGA-13-1410-01	0	0	0
TCGA-13-0893-01	0	0	0
TCGA-25-1313-01	0	0	0
TCGA-13-1404-01	0	0	0
TCGA-04-1361-01	0	0	0
TCGA-04-1371-01	0	0	0
TCGA-25-1314-01	0	0	0
TCGA-24-2267-01	0	0	0
TCGA-09-2050-01	0	0	0
TCGA-09-2044-01	0	0	0
TCGA-24-2297-01	0	0	0
TCGA-09-2045-01	0	0	0
TCGA-24-2280-01	0	0	0
TCGA-09-2043-01	0	0	0
TCGA-25-2397-01	0	0	0
TCGA-25-2391-01	0	0	0
TCGA-25-2409-01	0	0	0
TCGA-29-2427-01	0	0	0
TCGA-29-2414-01	0	0	0
TCGA-09-2055-01	0	0	0
TCGA-24-2271-01	0	0	0
TCGA-25-2042-01	0	0	0
TCGA-09-2051-01	0	0	0
TCGA-25-2399-01	0	0	0
TCGA-24-2298-01	0	0	0
TCGA-25-2404-01	0	0	0
TCGA-29-2428-01	0	0	0
TCGA-24-2289-01	0	0	0
TCGA-25-2408-01	0	0	0
TCGA-59-2355-01	0	0	0
TCGA-24-2290-01	0	0	0
TCGA-25-2396-01	0	0	0
TCGA-24-2288-01	0	0	0
TCGA-09-2049-01	0	0	0
TCGA-59-2348-01	0	0	0
TCGA-24-2281-01	0	0	0
TCGA-24-2262-01	0	0	0
TCGA-09-2048-01	0	0	0
TCGA-59-2354-01	0	0	0
TCGA-25-2401-01	0	0	0
TCGA-25-2400-01	0	0	0
TCGA-59-2350-01	0	0	0
TCGA-25-2393-01	0	0	0
TCGA-29-1707-02	0	0	0
TCGA-13-1819-01	0	0	0
TCGA-13-1817-02	0	0	0
TCGA-29-1710-02	0	0	0
TCGA-13-1817-01	0	0	0
TCGA-29-1692-01	0	0	0
TCGA-29-1704-01	0	0	0
TCGA-13-1819-02	0	0	0
TCGA-29-1704-02	0	0	0
TCGA-29-1692-02	0	0	0
TCGA-13-0913-02	0	0	0
TCGA-24-1852-01	0	0	0
TCGA-29-1705-02	0	0	0
TCGA-29-2414-02	0	0	0
TCGA-36-2543-01	0	0	0
TCGA-04-1353-01	0	0	0
TCGA-36-2538-01	0	0	0
TCGA-36-2534-01	0	0	0
TCGA-13-2059-01	0	0	0
TCGA-23-2641-01	0	0	0
TCGA-13-2071-01	0	0	0
TCGA-04-1369-01	0	0	0
TCGA-36-2547-01	0	0	0
TCGA-36-2530-01	0	0	0
TCGA-13-2065-01	0	0	0
TCGA-04-1644-01	0	0	0
TCGA-29-2429-01	0	0	0
TCGA-29-2431-01	0	0	0
TCGA-04-1516-01	0	0	0
TCGA-61-2613-01	0	0	0
TCGA-13-2066-01	0	0	0
TCGA-23-2647-01	0	0	0
TCGA-36-2549-01	0	0	0
TCGA-36-2544-01	0	0	0
TCGA-36-2548-01	0	0	0
TCGA-36-2532-01	0	0	0
TCGA-42-2590-01	0	0	0
TCGA-29-2434-01	0	0	0
TCGA-36-2539-01	0	0	0
TCGA-23-2649-01	0	0	0
TCGA-42-2582-01	0	0	0
TCGA-36-2551-01	0	0	0
TCGA-42-2588-01	0	0	0
TCGA-42-2591-01	0	0	0
TCGA-42-2587-01	0	0	0
TCGA-61-2614-01	0	0	0
TCGA-42-2593-01	0	0	0
TCGA-61-2610-02	0	0	0
TCGA-29-2432-01	0	0	0
TCGA-36-2533-01	0	0	0
TCGA-36-2545-01	0	0	0
TCGA-3P-A9WA-01	0	0	0
TCGA-13-A5FT-01	0	0	0
TCGA-WR-A838-01	0	0	0
TCGA-OY-A56Q-01	0	0	0
TCGA-OY-A56P-01	0	0	0
TCGA-5X-AA5U-01	0	0	0
TCGA-13-A5FU-01	0	0	0
TCGA-VG-A8LO-01	0	0	0
TCGA-59-A5PD-01	0	0	0
TCGA-13-0910-01	0	0	0
TCGA-24-0980-01	0	0	0
TCGA-13-0897-01	0	0	0
TCGA-10-0937-01	0	0	0
TCGA-13-0903-01	0	0	0
TCGA-13-0891-01	0	0	0
TCGA-13-0886-01	0	0	0
TCGA-13-0807-01	0	0	0
TCGA-10-0935-01	0	0	0
TCGA-10-0928-01	0	0	0
TCGA-24-0966-01	0	0	0
TCGA-13-0904-01	0	0	0
TCGA-13-0916-01	0	0	0
TCGA-13-0923-01	0	0	0
TCGA-10-0933-01	0	0	0
TCGA-13-0921-01	0	0	0
TCGA-13-0887-01	0	0	0
TCGA-10-0938-01	0	0	0
TCGA-13-0899-01	0	0	0
TCGA-13-0906-01	0	0	0
TCGA-13-0889-01	0	0	0
TCGA-13-0885-01	0	0	0
TCGA-13-0890-01	0	0	0
TCGA-10-0936-01	0	0	0
TCGA-13-0920-01	0	0	0
TCGA-13-0912-01	0	0	0
TCGA-13-0913-01	0	0	0
TCGA-10-0934-01	0	0	0
TCGA-10-0931-01	0	0	0
TCGA-10-0926-01	0	0	0
TCGA-13-0919-01	0	0	0
TCGA-13-0911-01	0	0	0
TCGA-61-1728-01	0	0	0
TCGA-57-1994-01	0	0	0
TCGA-30-1860-01	0	0	0
TCGA-31-1956-01	0	0	0
TCGA-31-1944-01	0	0	0
TCGA-24-1930-01	0	0	0
TCGA-30-1862-01	0	0	0
TCGA-24-1920-01	0	0	0
TCGA-30-1859-01	0	0	0
TCGA-04-1654-01	0	0	0
TCGA-24-1924-01	0	0	0
TCGA-31-1950-01	0	0	0
TCGA-24-1923-01	0	0	0
TCGA-25-1878-01	0	0	0
TCGA-24-2020-01	0	0	0
TCGA-30-1891-01	0	0	0
TCGA-30-1861-01	0	0	0
TCGA-31-1946-01	0	0	0
TCGA-30-1867-01	0	0	0
TCGA-24-1928-01	0	0	0
TCGA-24-2023-01	0	0	0
TCGA-61-1743-01	0	0	0
TCGA-61-1917-01	0	0	0
TCGA-61-1918-01	0	0	0
TCGA-61-1724-01	0	0	0
TCGA-24-2026-01	0	0	0
TCGA-30-1892-01	0	0	0
TCGA-31-1953-01	0	0	0
TCGA-10-0925-01	0	0	0
TCGA-30-1866-01	0	0	0
TCGA-31-1951-01	0	0	0
TCGA-24-1927-01	0	0	0
TCGA-61-1919-01	0	0	0
TCGA-24-2027-01	0	0	0
TCGA-30-1880-01	0	0	0
TCGA-29-1784-01	0	0	0
TCGA-09-1673-01	0	0	0
TCGA-20-1686-01	0	0	0
TCGA-29-1688-01	0	0	0
TCGA-20-1684-01	0	0	0
TCGA-24-1847-01	0	0	0
TCGA-29-1711-01	0	0	0
TCGA-29-1768-01	0	0	0
TCGA-29-1697-01	0	0	0
TCGA-29-1701-01	0	0	0
TCGA-20-1682-01	0	0	0
TCGA-29-1699-01	0	0	0
TCGA-29-1695-01	0	0	0
TCGA-29-1770-02	0	0	0
TCGA-29-1764-01	0	0	0
TCGA-20-1683-01	0	0	0
TCGA-29-1763-01	0	0	0
TCGA-09-1675-01	0	0	0
TCGA-30-1718-01	0	0	0
TCGA-57-1586-01	0	0	0
TCGA-29-1703-01	0	0	0
TCGA-29-1698-01	0	0	0
TCGA-20-1687-01	0	0	0
TCGA-29-1691-01	0	0	0
TCGA-29-1707-01	0	0	0
TCGA-29-1761-01	0	0	0
TCGA-29-1705-01	0	0	0
TCGA-09-1674-01	0	0	0
TCGA-29-1781-01	0	0	0
TCGA-04-1655-01	0	0	0
TCGA-29-1762-01	0	0	0
TCGA-23-1809-01	0	0	0
TCGA-29-1785-01	0	0	0
TCGA-29-1696-01	0	0	0
TCGA-23-1114-01	0	0	0
TCGA-29-1693-01	0	0	0
TCGA-24-1425-01	0	0	0
TCGA-24-1471-01	0	0	0
TCGA-24-1562-01	0	0	0
TCGA-24-1563-01	0	0	0
TCGA-24-1603-01	0	0	0
TCGA-04-1514-01	0	0	0
TCGA-24-1551-01	0	0	0
TCGA-24-1555-01	0	0	0
TCGA-24-1614-01	0	0	0
TCGA-24-1549-01	0	0	0
TCGA-24-1550-01	0	0	0
TCGA-24-1470-01	0	0	0
TCGA-24-1553-01	0	0	0
TCGA-24-1469-01	0	0	0
TCGA-24-0968-01	0	0	0
TCGA-04-1337-01	0	0	0
TCGA-24-0982-01	0	0	0
TCGA-23-1120-01	0	0	0
TCGA-20-0987-01	0	0	0
TCGA-04-1332-01	0	0	0
TCGA-23-1027-01	0	0	0
TCGA-23-1028-01	0	0	0
TCGA-20-0996-01	0	0	0
TCGA-23-1021-01	0	0	0
TCGA-23-1116-01	0	0	0
TCGA-24-0979-01	0	0	0
TCGA-23-1032-01	0	0	0
TCGA-04-1336-01	0	0	0
TCGA-24-0970-01	0	0	0
TCGA-04-1335-01	0	0	0
TCGA-24-1104-01	0	0	0
TCGA-23-1119-01	0	0	0
TCGA-24-0975-01	0	0	0
TCGA-23-1023-01	0	0	0
TCGA-23-1122-01	0	0	0
TCGA-20-0990-01	0	0	0
TCGA-23-1124-01	0	0	0
TCGA-23-1121-01	0	0	0
TCGA-23-1026-01	0	0	0
TCGA-23-1110-01	0	0	0
TCGA-24-1103-01	0	0	0
TCGA-23-1030-01	0	0	0
TCGA-04-1341-01	0	0	0
TCGA-04-1338-01	0	0	0
TCGA-23-1109-01	0	0	0
TCGA-23-1123-01	0	0	0
TCGA-04-1331-01	0	0	0
TCGA-23-1024-01	0	0	0
TCGA-23-1118-01	0	0	0
TCGA-23-1113-01	0	0	0
TCGA-23-1117-01	0	0	0
TCGA-61-2098-01	0	0	0
TCGA-24-2019-01	0	0	0
TCGA-61-2109-01	0	0	0
TCGA-23-2078-01	0	0	0
TCGA-23-2081-01	0	0	0
TCGA-61-2102-01	0	0	0
TCGA-61-2012-01	0	0	0
TCGA-61-2092-01	0	0	0
TCGA-61-1734-01	0	0	0
TCGA-24-2260-01	0	0	0
TCGA-23-2072-01	0	0	0
TCGA-61-2096-01	0	0	0
TCGA-09-2054-01	0	0	0
TCGA-61-2018-01	0	0	0
TCGA-61-2111-01	0	0	0
TCGA-61-2008-02	0	0	0
TCGA-61-2009-01	0	0	0
TCGA-61-1998-01	0	0	0
TCGA-23-2084-01	0	0	0
TCGA-24-2254-01	0	0	0
TCGA-61-2110-01	0	0	0
TCGA-61-2000-01	0	0	0
TCGA-61-2094-01	0	0	0
TCGA-24-2036-01	0	0	0
TCGA-61-2017-01	0	0	0
TCGA-24-2033-01	0	0	0
TCGA-23-2077-01	0	0	0
TCGA-61-1736-01	0	0	0
TCGA-61-2016-01	0	0	0
TCGA-09-2056-01	0	0	0
TCGA-61-2087-01	0	0	0
TCGA-24-2030-01	0	0	0
TCGA-61-2002-01	0	0	0
X1032	0.355439593637639	9.99783169976275e-05	0.355575629708308
X103	0	0	0
X1040	0.00335910755223996	9.91588225960076e-05	0.00345826637483597
X106	0.0411197705900816	9.91588225960076e-05	0.0412189294126776
X1097	0	0	0
X1098	0.341033701551563	9.91588225960076e-05	0.355575629708308
X1172	0.0545537423158366	9.99783169976275e-05	0.0546537206328342
X1177	0.354172655292735	9.91588225960076e-05	0.355575629708308
X1192	0.00227245797569198	9.99783169976275e-05	0.0023724362926896
X119	0.355242095486848	9.91588225960076e-05	0.355575629708308
X120	0	0	0
X1230	0.349338457817579	9.91588225960076e-05	0.355575629708308
X1237	0.000912097269002946	9.91588225960076e-05	0.00101125609159895
X1269	0.353949752815494	9.99783169976275e-05	0.355575629708308
X1283	0.303901303896723	0.00277808602149145	0.324785299227604
X128	0.353837482082472	9.91588225960076e-05	0.355575629708308
X1341	0	0	0
X1364	0	0	0
X137	0.351981327262803	9.99783169976275e-05	0.355575629708308
X1410	0	0	0
X1419	0	0	0
X1471	0.348937725055187	9.91588225960076e-05	0.355575629708308
X1499	0.00344351547560681	9.91588225960076e-05	0.00354267429820282
X1530	0.352343543788319	9.91588225960076e-05	0.355575629708308
X1552	0.353604745672412	0.000104895283407347	0.355575629708308
X1568	0	0	0
X1580	0.349580208666057	9.91588225960076e-05	0.355575629708308
X1582	0.325880143748169	9.99783169976275e-05	0.326312836792224
X1593	0	0	0
X1605	0.355476470885712	9.91588225960076e-05	0.355575629708308
X1652	0	0	0
X1689	0.345307897527372	9.99783169976275e-05	0.353498744071562
X1718	0.354634030640847	9.99783169976275e-05	0.355575629708308
X1751	0	0	0
X1851	0.355472373413704	9.91588225960076e-05	0.355575629708308
X1922	0.333586136429641	9.91588225960076e-05	0.355575629708308
X1928	0.297347807166969	9.91588225960076e-05	0.298218929715891
X1979	0.340064239674446	9.91588225960076e-05	0.355575629708308
X2090	0.348804680139084	9.91588225960076e-05	0.351972845495746
X2120	0.355347810264657	9.91588225960076e-05	0.355575629708308
X2152	0.0165603428679349	9.99783169976275e-05	0.0166603211849325
X2212	0	0	0
X2316	0.124391055221884	9.91588225960076e-05	0.12449021404448
X2354	0.355410091839181	0.000104895283407347	0.355575629708308
X2357	0.000861288616102513	9.83393281943877e-05	0.0009596279442969
X2362	0.353999741973993	0.000104075789005727	0.355575629708308
X2374	0.323135656997144	9.91588225960076e-05	0.323263498123796
X23	0.355442052120844	9.91588225960076e-05	0.355575629708308
X2401	0.355100322955368	9.91588225960076e-05	0.355575629708308
X2412	0.355471553919302	9.83393281943877e-05	0.355575629708308
X2415	0.00741396585145522	9.99783169976275e-05	0.00751394416845284
X2429	0.354038258210869	9.91588225960076e-05	0.355575629708308
X2438	0	0	0
X2443	0.316296156721224	9.99783169976275e-05	0.316505947288039
X2503	0.355474831896909	9.91588225960076e-05	0.355575629708308
X2529	0.355165063013096	0.000104895283407347	0.355575629708308
X2554	0.354836445758047	9.91588225960076e-05	0.355575629708308
X2556	0.346141323333819	9.91588225960076e-05	0.352158870724914
X2577	0	0	0
X2587	0.0682614251717326	9.91588225960076e-05	0.0683605839943286
X2593	0	0	0
X2638	0.00722712112788588	9.91588225960076e-05	0.00732627995048189
X2648	0	0	0
X2665	0.353918612028232	9.91588225960076e-05	0.355575629708308
X2700	0.35241975676767	9.91588225960076e-05	0.355575629708308
X2716	0.354493077603768	9.99783169976275e-05	0.355575629708308
X2763	0	0	0
X2773	0.323166797784405	9.99783169976275e-05	0.323266776101403
X2797	0	0	0
X2825	0.274215938692444	9.91588225960076e-05	0.27431509751504
X2890	0.180828815167045	9.83393281943877e-05	0.322559552432805
X2902	0.354937243569446	0.000100797811399247	0.355575629708308
X2991	0.349559721306016	9.91588225960076e-05	0.355575629708308
X2998	0.355449427570458	9.91588225960076e-05	0.355575629708308
X300	0.132692533510294	9.91588225960076e-05	0.13279169233289
X301	0	0	0
X3059	0.355476470885712	9.91588225960076e-05	0.355575629708308
X3107	0.0743961602622592	0.000104895283407347	0.0745010555456665
X3144	0.0035008800837202	9.91588225960076e-05	0.00360003890631621
X3151	0.354916756209405	9.91588225960076e-05	0.355575629708308
X3297	0.353992366524378	9.91588225960076e-05	0.355575629708308
X3349	0	0	0
X3391	0.00117105749991483	9.83393281943877e-05	0.00126939682810922
X342	0	0	0
X429	0.0234645832015825	9.91588225960076e-05	0.0235637420241785
X451	0.355415828299992	9.91588225960076e-05	0.355575629708308
X472	0	0	0
X544	0.355474831896909	9.99783169976275e-05	0.355575629708308
X592	0	0	0
X603	0	0	0
X655	0	0	0
X80	0.000901443841781888	9.91588225960076e-05	0.0010006026643779
X88	0.00121285171439745	9.99783169976275e-05	0.00131283003139508
X935	0.00120711525358611	9.91588225960076e-05	0.00130627407618212
X93	0.352573821715174	9.99783169976275e-05	0.355575629708308
X94	0	0	0
X970	0	0	0
X987	0.354685658788149	9.91588225960076e-05	0.355575629708308
X991	0.355476470885712	9.91588225960076e-05	0.355575629708308
OVCA10-02	0.00138740402194249	0.000367133491925714	0.0017545375138682
OVCA104	0.355210135205185	0.000365494503122474	0.355575629708308
OVCA113	0	0	0
OVCA116	0	0	0
OVCA121	0.292074360692545	0.000369591975130574	0.292443952667675
OVCA125	0.3313092941589	0.00160375054397014	0.33291304470287
OVCA127	0.355209315710784	0.000366313997524094	0.355575629708308
OVCA132	0	0	0
OVCA137	0.355210135205185	0.000365494503122474	0.355575629708308
OVCA138	0.0618021702981646	0.000367133491925714	0.0621693037900903
OVCA14	0.355208496216382	0.000367133491925714	0.355575629708308
OVCA140	0	0	0
OVCA141	0.0781051919239908	0.000365494503122474	0.0784706864271133
OVCA144	0	0	0
OVCA145	0.134637193725338	0.000366313997524094	0.135003507722862
OVCA146	0.355209315710784	0.000366313997524094	0.355575629708308
OVCA148	0.138102835549788	0.000367952986327334	0.138470788536116
OVCA149	0.00759179613660673	0.000367133491925714	0.00795892962853245
OVCA155	0	0	0
OVCA158	0	0	0
OVCA159	0	0	0
OVCA160	0	0	0
OVCA164	0.269797224878909	0.000367133491925714	0.270234015394973
OVCA166	0.0781035529351876	0.000367133491925714	0.0784706864271133
OVCA167	0.127934549014489	0.000367133491925714	0.128301682506414
OVCA168	0	0	0
OVCA169	0	0	0
OVCA170	0.308465068219344	0.000367133491925714	0.30883220171127
OVCA172	0.30043975954428	0.000367133491925714	0.300806893036206
OVCA177	0.355206857227579	0.000368772480728954	0.355575629708308
OVCA178	0.355078196606525	0.000366313997524094	0.355575629708308
OVCA181	0.0786845744659361	0.000367952986327334	0.0790525274522634
OVCA182	0.0612432751162598	0.000366313997524094	0.0616095891137839
OVCA183	0.355194564811555	0.000367133491925714	0.355575629708308
OVCA185	0	0	0
OVCA186	0.239687648397632	0.000366313997524094	0.355575629708308
OVCA187	0.00145050509086722	0.000367133491925714	0.00181763858279293
OVCA188	0.245268118449622	0.000366313997524094	0.245634432447147
OVCA189	0.355210135205185	0.000365494503122474	0.355575629708308
OVCA190	0.0129644014336268	0.000366313997524094	0.0133307154311509
OVCA191	0.102790821783987	0.000366313997524094	0.103157135781511
OVCA199	0.0729087779233191	0.000369591975130574	0.0732783698984496
OVCA200	0.0554658395848395	0.000367133491925714	0.0558329730767653
OVCA202	0.223090960952985	0.000366313997524094	0.223587574560366
OVCA205	0.00236588033747665	0.00175371801946658	0.00411959835694323
OVCA206	0.117546637979555	0.00160375054397014	0.119150388523525
OVCA216	0.00347055879086027	0.000366313997524094	0.00383687278838436
OVCA217	0.105275528809699	0.000365494503122474	0.105641023312821
OVCA218	0.00975608085128488	0.000366313997524094	0.010122394848809
OVCA222	0.319685585566324	0.000366313997524094	0.320051899563848
OVCA223	0	0	0
OVCA225	0.0614317588286324	0.00220935690676724	0.0636411157353996
OVCA228	0.355208496216382	0.000367133491925714	0.355575629708308
OVCA229	0.306181956816431	0.000365494503122474	0.306620386321298
OVCA230	0.304669989645442	0.000366313997524094	0.305036303642966
OVCA237	0.285440553511431	0.000366313997524094	0.285806867508956
OVCA239	0.0549175978301558	0.000367133491925714	0.0552847313220816
OVCA243	0.0015980140831588	0.00220935690676724	0.00380737098992605
OVCA25-02	0.355210135205185	0.000365494503122474	0.355575629708308
OVCA250	0.306726101099107	0.000367133491925714	0.307093234591032
OVCA254	0.00725826191514744	0.000369591975130574	0.00762785389027801
OVCA256	0	0	0
OVCA261	0.0738700448564192	0.000365494503122474	0.0742355393595417
OVCA263	0.00482600253113958	0.000365494503122474	0.00519149703426205
OVCA265	0.00375164537061589	0.000365494503122474	0.00411713987373837
OVCA277	0.355206857227579	0.000367133491925714	0.355575629708308
OVCA278	0.221386412597615	0.00175781549147468	0.22314422808909
OVCA279	0	0	0
OVCA28-02	0	0	0
OVCA281	0	0	0
OVCA285	0.355208496216382	0.000367133491925714	0.355575629708308
OVCA294	0.00498006747864412	0.000367952986327334	0.00534802046497145
OVCA305	0.355208496216382	0.000367133491925714	0.355575629708308
OVCA309	0.00366395946964256	0.000367133491925714	0.00403109296156828
OVCA31	0	0	0
OVCA32	0	0	0
OVCA324	0.00487353320643353	0.000366313997524094	0.00523984720395763
OVCA335	0.00473749713576463	0.000366313997524094	0.00510381113328872
OVCA337	0.00497760899543926	0.000367133491925714	0.00534474248736497
OVCA34	0.355209315710784	0.000366313997524094	0.355575629708308
OVCA344	0.00361397031114375	0.000367133491925714	0.00398110380306946
OVCA345	0.355006900593584	0.000366313997524094	0.355575629708308
OVCA348	0	0	0
OVCA350	0.330566012736631	0.000366313997524094	0.330932326734155
OVCA352	0.355209315710784	0.000366313997524094	0.355575629708308
OVCA353	0.0670395590189174	0.000365494503122474	0.0674050535220398
OVCA360	0.349348824421759	0.000367133491925714	0.350038838707923
OVCA368	0.00541767748910914	0.000366313997524094	0.00578399148663324
OVCA384	0.304971563585239	0.000367133491925714	0.305647646466575
OVCA385	0.00498006747864412	0.000366313997524094	0.00534638147616821
OVCA389	0.000915375246609426	0.000365494503122474	0.0012808697497319
OVCA391	0.00353611834298986	0.000367133491925714	0.00390325183491557
OVCA392	0	0	0
OVCA402	0.00366395946964256	0.000367133491925714	0.00403109296156828
OVCA405	0.00366395946964256	0.000367133491925714	0.00403109296156828
OVCA406	0.00482518303673796	0.000366313997524094	0.00519149703426205
OVCA414	0.00366313997524094	0.000367133491925714	0.00403027346716666
OVCA415	0	0	0
OVCA420	0.000865386088110612	0.000367133491925714	0.00123251958003633
OVCA421	0	0	0
OVCA424	0.00396635290384031	0.000367133491925714	0.00433348639576602
OVCA425	0.355209315710784	0.000366313997524094	0.355575629708308
OVCA427	0.00562091210071088	0.000367133491925714	0.00598804559263659
OVCA51	0.355206037733177	0.000369591975130574	0.355575629708308
OVCA54	0	0	0
OVCA56	0.355206857227579	0.000368772480728954	0.355575629708308
OVCA57	0	0	0
OVCA58	0.35520767672198	0.000367952986327334	0.355575629708308
OVCA65	0.0030354072636001	0.00398110380306946	0.00701651106666957
OVCA67	0.351486352644224	0.00408927706408329	0.355575629708308
OVCA72	0.0744863046464374	0.000369591975130574	0.074855896621568
OVCA74	0	0	0
OVCA76	0.355209315710784	0.000366313997524094	0.355575629708308
OVCA77	0	0	0
OVCA79	0.355210135205185	0.000365494503122474	0.355575629708308
OVCA80	0.354956091940683	0.000367133491925714	0.355575629708308
OVCA84	0.351723186526293	0.00383523379958112	0.355575629708308
OVCA87	0.355209315710784	0.000366313997524094	0.355575629708308
OVCA88	0	0	0
OVCA99	0.355210135205185	0.000365494503122474	0.355575629708308
GSM692776_JB0175	0.352214768438048	0.00336086127025943	0.355575629708308
GSM692783_JB0717	0.352214768438048	0.00336086127025943	0.355575629708308
GSM692791_JB0727	0.352214768438048	0.00336086127025943	0.355575629708308
GSM692795_JB0733	0.0332861334606128	0.00336086127025943	0.0370148575728154
GSM692796_JB0734	0	0	0
GSM692802_JB0782	0.352214768438048	0.00336086127025943	0.355575629708308
GSM692803_JB0783	0.352214768438048	0.00336086127025943	0.355575629708308
GSM692805_JB0785	0.352214768438048	0.00336086127025943	0.355575629708308
GSM692808_JB0788	0.351093200205047	0.00336086127025943	0.355575629708308
GSM692812_JB0793	0	0	0
GSM692813_JB0794	0	0	0
