Sample	Percent	Start	End
P-0000067-T02-IM5	0	0	0
P-0000236-T01-IM3	0	0	0
P-0000269-T01-IM3	0	0	0
P-0000366-T01-IM3	0.385749544695057	0.75799196959407	1.14374151428913
P-0000633-T01-IM3	0.77071947978102	0.373022034508106	1.14374151428913
P-0000667-T01-IM3	0	0	0
P-0001036-T01-IM3	0	0	0
P-0001105-T01-IM3	0.485330972359036	0.658410541930091	1.14374151428913
P-0001285-T01-IM3	0	0	0
P-0001570-T01-IM3	0.48479062233544	0.658950891953687	1.14374151428913
P-0001796-T01-IM3	0	0	0
P-0001799-T01-IM3	0.77071947978102	0.373022034508106	1.14374151428913
P-0001907-T01-IM3	0.77071947978102	0.373022034508106	1.14374151428913
P-0001965-T01-IM3	0	0	0
P-0001985-T01-IM3	0	0	0
P-0002310-T01-IM3	0.528735050813857	0.61500646347527	1.14374151428913
P-0002536-T01-IM3	0.485389754692464	0.658351759596663	1.14374151428913
P-0002771-T01-IM3	0.428439515728306	0.71530199856082	1.14374151428913
P-0003050-T01-IM5	0.430869783740918	0.649296387433483	1.14374151428913
P-0003191-T01-IM5	0	0	0
P-0003355-T01-IM5	0	0	0
P-0003744-T01-IM5	0	0	0
P-0003873-T01-IM5	0	0	0
P-0004167-T01-IM5	0.772797037403175	0.373022034508106	1.14581907191128
P-0004340-T01-IM5	0	0	0
P-0004360-T01-IM5	0	0	0
P-0004524-T02-IM5	0	0	0
P-0004568-T01-IM5	0	0	0
P-0004794-T01-IM5	0.772797037403175	0.373022034508106	1.14581907191128
P-0005341-T01-IM5	0.408353994767643	0.658351759596663	1.14581907191128
P-0005592-T01-IM5	0.487467312314619	0.658351759596663	1.14581907191128
P-0007134-T01-IM5	0.0515566218306802	0.715542495582864	0.767099117413544
P-0008474-T01-IM5	0	0	0
P-0009479-T01-IM5	0.772797037403175	0.373022034508106	1.14581907191128
P-0009750-T01-IM5	0.218664412772971	0.92715465913831	1.14581907191128
P-0009979-T02-IM6	0.0331760999473073	1.11264297196397	1.14581907191128
P-0010011-T01-IM5	0	0	0
P-0010225-T01-IM5	0	0	0
P-0010510-T01-IM5	0	0	0
P-0012367-T01-IM5	0.496522684477798	0.649296387433483	1.14581907191128
P-0013630-T01-IM5	0.0510583446496632	1.09476072726162	1.14581907191128
P-0013699-T01-IM5	0.0510583446496632	1.09476072726162	1.14581907191128
P-0014409-T02-IM6	0	0	0
P-0014861-T01-IM6	0	0	0
P-0015076-T01-IM6	0.772797037403175	0.373022034508106	1.14581907191128
P-0015095-T01-IM6	0.0473989661537257	0.75799196959407	0.805390935747796
P-0015457-T01-IM6	0	0	0
P-0015810-T01-IM6	0.287343050739512	0.61500646347527	1.14581907191128
P-0016322-T01-IM6	0	0	0
P-0016553-T01-IM6	0.0331760999473073	1.11264297196397	1.14581907191128
P-0017005-T01-IM6	0.0510583446496632	1.09476072726162	1.14581907191128
P-0017470-T01-IM6	0.047943970905523	1.09476072726162	1.14270469816714
P-0017563-T01-IM5	0.0694794478958043	0.767520804647785	0.83700025254359
P-0018026-T01-IM6	0.528735050813857	0.61500646347527	1.14374151428913
P-0018184-T01-IM6	0.467009167249539	0.678809904661742	1.14581907191128
P-0018534-T01-IM6	0	0	0
P-0018612-T01-IM6	0.0331760999473073	1.11264297196397	1.14581907191128
P-0018647-T01-IM6	0	0	0
P-0018757-T01-IM6	0	0	0
P-0018944-T01-IM6	0.0944092625026512	0.621133233080213	0.715542495582864
P-0019008-T01-IM6	0.0268093086270741	1.11900976328421	1.14581907191128
P-0019026-T01-IM6	0.772797037403175	0.373022034508106	1.14581907191128
P-0019325-T01-IM6	0	0	0
P-0019338-T01-IM6	0	0	0
P-0019383-T01-IM6	0.530812608436011	0.61500646347527	1.14581907191128
P-0019391-T01-IM6	0.772797037403175	0.373022034508106	1.14581907191128
P-0019423-T01-IM6	0.661580510174437	0.373022034508106	1.14581907191128
P-0019814-T01-IM6	0.524685838831069	0.621133233080213	1.14581907191128
P-0019841-T01-IM6	0	0	0
P-0019934-T01-IM6	0.772797037403175	0.373022034508106	1.14581907191128
P-0019940-T01-IM6	0	0	0
P-0020007-T01-IM6	0.530812608436011	0.61500646347527	1.14581907191128
P-0020058-T01-IM6	0	0	0
P-0020115-T01-IM6	0.495764226019211	0.649296387433483	1.14581907191128
P-0020298-T01-IM6	0.0954777356933712	1.04826377859576	1.14374151428913
P-0020364-T01-IM6	0	0	0
P-0020434-T01-IM6	0.745821904083933	0.373022034508106	1.14581907191128
P-0020549-T01-IM6	0.241984428967164	0.373022034508106	0.61500646347527
P-0020687-T01-IM6	0.772797037403175	0.373022034508106	1.14581907191128
P-0020688-T01-IM6	0	0	0
P-0020767-T01-IM6	0	0	0
P-0020831-T01-IM6	0.0510583446496632	1.09476072726162	1.14581907191128
P-0021114-T01-IM6	0.772797037403175	0.373022034508106	1.14581907191128
P-0021272-T01-IM6	0.772797037403175	0.373022034508106	1.14581907191128
P-0021409-T01-IM6	0.530812608436011	0.61500646347527	1.14581907191128
P-0021524-T01-IM6	0.430517073350461	0.71530199856082	1.14581907191128
P-0021762-T02-IM6	0.121698253982769	0.71530199856082	0.83700025254359
P-0021891-T01-IM6	0	0	0
P-0022191-T01-IM6	0.772797037403175	0.373022034508106	1.14581907191128
P-0022358-T01-IM6	0.772797037403175	0.373022034508106	1.14581907191128
P-0022522-T01-IM6	0.129436182361073	0.98261778619668	1.14581907191128
P-0023069-T01-IM6	0.0975867700954922	1.04823230181579	1.14581907191128
P-0023091-T01-IM6	0	0	0
P-0023507-T01-IM6	0	0	0
P-0023632-T01-IM6	0	0	0
P-0023661-T01-IM6	0.485821480733125	0.659997591178156	1.14581907191128
P-0023920-T01-IM6	0	0	0
P-0023996-T01-IM6	0	0	0
P-0024019-T01-IM6	0.772797037403175	0.373022034508106	1.14581907191128
P-0024318-T01-IM6	0	0	0
P-0024405-T01-IM6	0	0	0
P-0024740-T01-IM6	0.0848234480031908	1.06099562390809	1.14581907191128
P-0024935-T01-IM6	0	0	0
P-0025014-T01-IM6	0.772797037403175	0.373022034508106	1.14581907191128
P-0025026-T01-IM6	0	0	0
P-0025279-T01-IM6	0	0	0
P-0025454-T01-IM6	0.454274691360175	0.691544380551107	1.14581907191128
P-0025545-T01-IM6	0.401268236424037	0.373022034508106	1.14374151428913
P-0025761-T01-IM6	0.487467312314619	0.658351759596663	1.14581907191128
P-0025802-T02-IM6	0	0	0
P-0025811-T01-IM6	0	0	0
P-0025949-T01-IM6	0	0	0
P-0025993-T01-IM6	0	0	0
P-0026190-T01-IM6	0.496522684477798	0.649296387433483	1.14581907191128
P-0026490-T01-IM6	0	0	0
P-0026514-T01-IM6	0.660244963758229	0.373022034508106	1.14581907191128
P-0026707-T01-IM6	0	0	0
P-0027035-T01-IM6	0.530812608436011	0.61500646347527	1.14581907191128
P-0027239-T01-IM6	0	0	0
P-0027262-T01-IM6	0.118167109970797	0.649296387433483	0.76746349740428
P-0027714-T01-IM6	0	0	0
P-0027978-T01-IM6	0.772797037403175	0.373022034508106	1.14581907191128
P-0028009-T01-IM6	0.769668789618815	0.373022034508106	1.14269082412692
P-0028250-T01-IM6	0.772797037403175	0.373022034508106	1.14581907191128
P-0028326-T01-IM6	0.772797037403175	0.373022034508106	1.14581907191128
P-0028328-T01-IM6	0	0	0
P-0028329-T01-IM6	0	0	0
P-0028549-T01-IM6	0.772797037403175	0.373022034508106	1.14581907191128
P-0028702-T01-IM6	0.530812608436011	0.61500646347527	1.14581907191128
P-0029325-T01-IM6	0.772797037403175	0.373022034508106	1.14581907191128
P-0029331-T01-IM6	0.487467312314619	0.658351759596663	1.14581907191128
P-0029354-T01-IM6	0.772797037403175	0.373022034508106	1.14581907191128
P-0029393-T01-IM6	0	0	0
P-0029474-T01-IM6	0	0	0
P-0029537-T01-IM6	0.366670698852287	0.61500646347527	1.14581907191128
P-0029723-T01-IM6	0.530812608436011	0.61500646347527	1.14581907191128
P-0029768-T01-IM6	0.764679658532089	0.373022034508106	1.1377016930402
P-0030010-T01-IM6	0	0	0
P-0030023-T01-IM6	0	0	0
P-0030052-T01-IM6	0.496522684477798	0.649296387433483	1.14581907191128
P-0030139-T01-IM6	0	0	0
P-0030258-T01-IM6	0.0510583446496632	1.09476072726162	1.14581907191128
P-0030380-T01-IM6	0.772797037403175	0.373022034508106	1.14581907191128
P-0030505-T01-IM6	0	0	0
P-0030697-T01-IM6	0	0	0
P-0030779-T01-IM6	0.0975867700954922	1.04823230181579	1.14581907191128
P-0030836-T01-IM6	0.487467312314619	0.658351759596663	1.14581907191128
P-0030874-T01-IM6	0.520442365700376	0.615899679593259	1.13634204529364
P-0030958-T01-IM6	0	0	0
P-0030962-T01-IM6	0.454274691360175	0.691544380551107	1.14581907191128
P-0031382-T01-IM6	0	0	0
P-0031395-T01-IM6	0	0	0
P-0031402-T01-IM6	0.115161122556215	1.03065794935507	1.14581907191128
P-0031498-T01-IM6	0.772797037403175	0.373022034508106	1.14581907191128
P-0031648-T01-IM6	0	0	0
P-0031656-T01-IM6	0.0510583446496632	1.09476072726162	1.14581907191128
P-0031687-T01-IM6	0	0	0
P-0032093-T01-IM6	0	0	0
P-0032335-T01-IM6	0	0	0
P-0032339-T01-IM6	0.772797037403175	0.373022034508106	1.14581907191128
P-0032813-T02-IM6	0.772797037403175	0.373022034508106	1.14581907191128
P-0032819-T01-IM6	0.315272690163041	0.8274320080041	1.14270469816714
P-0033193-T01-IM6	0.769682663659035	0.373022034508106	1.14270469816714
P-0033335-T01-IM6	0.772598400155166	0.373022034508106	1.14581907191128
P-0033523-T01-IM6	0.387827102317211	0.75799196959407	1.14581907191128
P-0033692-T01-IM6	0	0	0
P-0033715-T01-IM6	0	0	0
P-0033798-T01-IM6	0.772797037403175	0.373022034508106	1.14581907191128
P-0034043-T01-IM6	0	0	0
P-0034102-T01-IM6	0	0	0
P-0034428-T01-IM6	0.378719954497737	0.767099117413544	1.14581907191128
P-0034470-T01-IM6	0	0	0
P-0034561-T01-IM6	0	0	0
P-0034814-T01-IM6	0	0	0
P-0034885-T01-IM6	0	0	0
P-0034907-T01-IM6	0	0	0
P-0034976-T01-IM6	0.772797037403175	0.373022034508106	1.14581907191128
P-0035075-T01-IM6	0	0	0
P-0035378-T01-IM6	0.396047376905364	0.71530199856082	1.14581907191128
P-0035594-T01-IM6	0	0	0
P-0036061-T01-IM6	0.697242300540738	0.373022034508106	1.14581907191128
P-0036236-T01-IM6	0.530812608436011	0.61500646347527	1.14581907191128
P-0036409-T01-IM6	0	0	0
P-0036488-T01-IM6	0.0510583446496632	1.09476072726162	1.14581907191128
P-0036515-T01-IM6	0.417516958350811	0.61500646347527	1.14374151428913
P-0036673-T01-IM6	0.0510583446496632	1.09476072726162	1.14581907191128
P-0036750-T01-IM6	0.772797037403175	0.373022034508106	1.14581907191128
P-0036766-T01-IM6	0	0	0
P-0036872-T01-IM6	0	0	0
P-0036874-T01-IM6	0	0	0
P-0037025-T01-IM6	0	0	0
P-0037049-T01-IM6	0.0694400384100304	0.75799196959407	0.8274320080041
P-0037128-T01-IM6	0	0	0
P-0037167-T01-IM6	0.459700801446676	0.373022034508106	1.14581907191128
P-0037178-T01-IM6	0.163201285714601	0.98261778619668	1.14581907191128
P-0037196-T01-IM6	0	0	0
P-0037263-T01-IM6	0.39945195820195	0.658351759596663	1.14581907191128
P-0037373-T01-IM6	0.772797037403175	0.373022034508106	1.14581907191128
P-0037375-T01-IM6	0.467009167249539	0.678809904661742	1.14581907191128
P-0037425-T01-IM6	0	0	0
P-0037553-T01-IM6	0	0	0
P-0037702-T01-IM6	0	0	0
P-0037905-T01-IM6	0.409578180089615	0.649296387433483	1.14269082412692
P-0037909-T01-IM6	0.772797037403175	0.373022034508106	1.14581907191128
P-0037974-T01-IM6	0.497047505082484	0.61500646347527	1.14581907191128
P-0038069-T01-IM6	0	0	0
P-0038097-T01-IM6	0.445304759683308	0.649296387433483	1.14374151428913
P-0038154-T01-IM6	0	0	0
P-0038238-T01-IM6	0.772797037403175	0.373022034508106	1.14581907191128
P-0038387-T01-IM6	0.530812608436011	0.61500646347527	1.14581907191128
P-0038427-T01-IM6	0.020705681544033	1.12511339036725	1.14581907191128
P-0038534-T01-IM6	0	0	0
P-0038543-T01-IM6	0	0	0
P-0038663-T01-IM6	0.764679658532089	0.373022034508106	1.1377016930402
P-0038779-T01-IM6	0.033192620954444	0.658351759596663	0.691544380551107
P-0038791-T01-IM6	0.772797037403175	0.373022034508106	1.14581907191128
P-0038996-T01-IM6	0.05043650410277	1.09476072726162	1.14581907191128
P-0038997-T01-IM6	0.772797037403175	0.373022034508106	1.14581907191128
P-0039001-T01-IM6	0.472248285103479	0.649296387433483	1.14581907191128
P-0039012-T01-IM6	0.331028142019593	0.621133233080213	1.14581907191128
P-0039070-T01-IM6	0.772797037403175	0.373022034508106	1.14581907191128
P-0039120-T01-IM6	0.529919392318022	0.615899679593259	1.14581907191128
P-0039132-T01-IM6	0	0	0
P-0039148-T01-IM6	0	0	0
P-0039242-T01-IM6	0.488405305606713	0.649296387433483	1.1377016930402
P-0039273-T01-IM6	0.0489507935324092	1.09476072726162	1.14371152079403
P-0039289-T01-IM6	0.772797037403175	0.373022034508106	1.14581907191128
P-0039297-T01-IM6	0.105267661663443	1.04055141024784	1.14581907191128
P-0039301-T01-IM6	0.496522684477798	0.649296387433483	1.14581907191128
P-0039377-T01-IM6	0	0	0
P-0039422-T01-IM6	0.0331760999473073	1.11264297196397	1.14581907191128
P-0039468-T01-IM6	0.294569385152772	0.71530199856082	1.14581907191128
P-0039511-T02-IM6	0	0	0
P-0039514-T01-IM6	0.772797037403175	0.373022034508106	1.14581907191128
P-0039563-T01-IM6	0	0	0
P-0039685-T01-IM6	0	0	0
P-0039734-T01-IM6	0.0510583446496632	1.09476072726162	1.14581907191128
P-0039772-T01-IM6	0.772797037403175	0.373022034508106	1.14581907191128
P-0039782-T01-IM6	0.76332001078553	0.373022034508106	1.13634204529364
P-0039811-T01-IM6	0.0848234480031908	1.06099562390809	1.14581907191128
P-0039816-T01-IM6	0	0	0
P-0039871-T01-IM6	0.296871885793228	0.61500646347527	1.14581907191128
P-0039927-T01-IM6	0	0	0
P-0039932-T01-IM6	0.343552851926974	0.802266219984307	1.14581907191128
P-0039993-T01-IM6	0.772797037403175	0.373022034508106	1.14581907191128
P-0040007-T01-IM6	0	0	0
P-0040044-T01-IM6	0	0	0
P-0040110-T01-IM6	0.772797037403175	0.373022034508106	1.14581907191128
P-0040118-T01-IM6	0	0	0
P-0040119-T01-IM6	0.268626421422259	0.877192650489022	1.14581907191128
P-0040212-T01-IM6	0	0	0
P-0040343-T01-IM6	0	0	0
P-0040365-T01-IM6	0	0	0
P-0040386-T01-IM6	0	0	0
P-0040410-T01-IM6	0	0	0
P-0040504-T01-IM6	0	0	0
P-0040555-T02-IM6	0	0	0
P-0040605-T01-IM6	0.279127406294728	0.658351759596663	1.14581907191128
P-0040702-T01-IM6	0	0	0
P-0040800-T01-IM6	0	0	0
P-0040812-T01-IM6	0	0	0
P-0040827-T01-IM6	0.530812608436011	0.61500646347527	1.14581907191128
P-0040860-T01-IM6	0	0	0
P-0041191-T01-IM6	0.772797037403175	0.373022034508106	1.14581907191128
P-0041234-T01-IM6	0	0	0
P-0041235-T01-IM6	0	0	0
P-0041269-T01-IM6	0.530812608436011	0.61500646347527	1.14581907191128
P-0041279-T01-IM6	0	0	0
P-0041285-T01-IM6	0	0	0
P-0041464-T01-IM6	0	0	0
P-0041544-T01-IM6	0.487467312314619	0.658351759596663	1.14581907191128
P-0041614-T01-IM6	0	0	0
P-0041618-T01-IM6	0.0848234480031908	1.06099562390809	1.14581907191128
P-0041962-T02-IM6	0.530812608436011	0.61500646347527	1.14581907191128
P-0041968-T01-IM6	0	0	0
P-0041985-T01-IM6	0.144357544620712	1.00146152729057	1.14581907191128
P-0042152-T01-IM6	0	0	0
P-0042164-T01-IM6	0.020705681544033	1.12511339036725	1.14581907191128
P-0042500-T01-IM6	0.757919395169862	0.373022034508106	1.14374151428913
P-0042511-T01-IM6	0	0	0
P-0042516-T01-IM6	0	0	0
P-0042757-T01-IM6	0.335711191947314	0.801990501092882	1.1377016930402
P-0042764-T02-IM6	0	0	0
P-0042788-T01-IM6	0.530812608436011	0.61500646347527	1.14581907191128
P-0042805-T01-IM6	0.529919392318022	0.615899679593259	1.14581907191128
P-0042831-T01-IM6	0.242341900620094	0.903477171291187	1.14581907191128
P-0043135-T01-IM6	0.0510583446496632	1.09476072726162	1.14581907191128
P-0043201-T01-IM6	0	0	0
P-0043240-T01-IM6	0	0	0
P-0043295-T01-IM6	0.772797037403175	0.373022034508106	1.14581907191128
P-0043587-T01-IM6	0	0	0
P-0043617-T01-IM6	0.0975867700954922	1.04823230181579	1.14581907191128
P-0043634-T01-IM6	0	0	0
P-0043789-T01-IM6	0.0380167222585718	0.767374213489224	0.805390935747796
P-0044136-T01-IM6	0.772797037403175	0.373022034508106	1.14581907191128
P-0044146-T01-IM6	0.772797037403175	0.373022034508106	1.14581907191128
P-0044224-T01-IM6	0	0	0
P-0044338-T01-IM6	0.772797037403175	0.373022034508106	1.14581907191128
P-0044349-T01-IM6	0.772797037403175	0.373022034508106	1.14581907191128
P-0044402-T01-IM6	0.0510583446496632	1.09476072726162	1.14581907191128
P-0044451-T01-IM6	0.0969712396554914	1.04823230181579	1.14581907191128
P-0044555-T01-IM6	0	0	0
P-0044700-T01-IM6	0.738878975419585	0.373022034508106	1.14581907191128
P-0044784-T01-IM6	0.4638084433803	0.658351759596663	1.14581907191128
P-0044817-T01-IM6	0.0510583446496632	1.09476072726162	1.14581907191128
P-0045411-T01-IM6	0	0	0
P-0045432-T01-IM6	0	0	0
P-0045473-T01-IM6	0.0213212119840337	1.12449785992725	1.14581907191128
P-0045578-T01-IM6	0	0	0
P-0045902-T01-IM6	0.0510583446496632	1.09476072726162	1.14581907191128
P-0045944-T01-IM6	0	0	0
P-0046054-T01-IM6	0.772797037403175	0.373022034508106	1.14581907191128
P-0046280-T01-IM6	0	0	0
P-0046443-T01-IM6	0.772797037403175	0.373022034508106	1.14581907191128
P-0046478-T01-IM6	0.496522684477798	0.649296387433483	1.14581907191128
P-0046489-T01-IM6	0.0510583446496632	1.09476072726162	1.14581907191128
P-0046496-T01-IM6	0	0	0
P-0046578-T01-IM6	0	0	0
P-0046676-T01-IM6	0.530812608436011	0.61500646347527	1.14581907191128
P-0046749-T02-IM6	0.487400007239414	0.658351759596663	1.14581907191128
P-0046854-T01-IM6	0.454274691360175	0.691544380551107	1.14581907191128
P-0046940-T01-IM6	0.487467312314619	0.658351759596663	1.14581907191128
P-0047214-T01-IM6	0.0499064551238023	1.09591261678748	1.14581907191128
P-0047352-T01-IM6	0.482707106988985	0.659997591178156	1.14270469816714
P-0047362-T01-IM6	0.772797037403175	0.373022034508106	1.14581907191128
P-0047577-T01-IM6	0.479349933443533	0.658351759596663	1.1377016930402
P-0047853-T01-IM6	0	0	0
P-0048171-T01-IM6	0.378719954497737	0.767099117413544	1.14581907191128
P-0048214-T01-IM6	0.529919392318022	0.615899679593259	1.14581907191128
P-0048525-T01-IM6	0.772797037403175	0.373022034508106	1.14581907191128
P-0048554-T01-IM6	0.772797037403175	0.373022034508106	1.14581907191128
P-0048556-T01-IM6	0.772797037403175	0.373022034508106	1.14581907191128
P-0048593-T01-IM6	0	0	0
P-0049412-T01-IM6	0.0329370698202428	1.11288200209104	1.14581907191128
P-0049417-T01-IM6	0.772797037403175	0.373022034508106	1.14581907191128
P-0049444-T01-IM6	0	0	0
P-0049532-T01-IM6	0	0	0
P-0049541-T01-IM6	0	0	0
P-0049560-T01-IM6	0.772797037403175	0.373022034508106	1.14581907191128
P-0049686-T01-IM6	0	0	0
P-0049848-T01-IM6	0	0	0
P-0049921-T01-IM6	0	0	0
P-0050148-T01-IM6	0.772797037403175	0.373022034508106	1.14581907191128
P-0050400-T01-IM6	0	0	0
P-0050452-T01-IM6	0.0510583446496632	1.09476072726162	1.14581907191128
P-0050454-T01-IM6	0.486832982673045	0.6589759357026	1.14581907191128
P-0050523-T01-IM6	0.430517073350461	0.71530199856082	1.14581907191128
P-0001265-T01-IM3	0	0	0
P-0002645-T01-IM3	0.720757471131732	0.373022034508106	1.14374151428913
P-0002664-T01-IM3	0	0	0
P-0003050-T01-IM3	0.430869783740918	0.649296387433483	1.14374151428913
P-0004524-T01-IM5	0	0	0
P-0004722-T01-IM5	0.772797037403175	0.373022034508106	1.14581907191128
P-0006380-T01-IM5	0	0	0
P-0006537-T01-IM5	0.0331760999473073	1.11264297196397	1.14581907191128
P-0007150-T01-IM5	0	0	0
P-0007221-T01-IM5	0.147039176151133	0.658351759596663	0.805390935747796
P-0010250-T01-IM5	0	0	0
TCGA-72-4233-01	0	0	0
TCGA-72-4234-01	0	0	0
TCGA-72-4238-01	1.3545812961761	0.373022034508106	1.15498518235295
TCGA-72-4232-01	0	0	0
TCGA-72-4237-01	1.49348868674457	0.373022034508106	1.10661363204844
TCGA-72-4236-01	0	0	0
TCGA-72-4235-01	1.14564024184296	0.582160988544296	1.15498518235295
TCGA-72-4241-01	1.06319719561804	0.607079403984016	1.13870417234675
TCGA-72-4231-01	1.12270733021926e-06	0.740111970306374	0.740113093013705
TCGA-72-4240-01	0	0	0
TCGA-09-1669-01	0	0	0
TCGA-25-1635-01	0	0	0
TCGA-04-1519-01	0.781963147844846	0.373022034508106	1.15498518235295
TCGA-09-1667-01	0.572735475344736	0.582160988544296	1.15498518235295
TCGA-09-1665-01	0	0	0
TCGA-24-1557-01	0.000241423050717222	0.863051225636237	0.863292648686954
TCGA-36-1577-01	0.000109205823959868	1.00245508230309	1.00256428812705
TCGA-36-1580-01	0	0	0
TCGA-57-1585-01	0.387137055251271	0.582160988544296	1.14308463216162
TCGA-24-1567-01	0	0	0
TCGA-36-1575-01	0	0	0
TCGA-24-1558-01	0.572787709917896	0.582160988544296	1.15498518235295
TCGA-04-1525-01	0.781856375919259	0.373022034508106	1.15498518235295
TCGA-04-1536-01	3.25339277443099e-06	0.806071861841046	0.80607511523382
TCGA-09-1662-01	0.0792278992542101	1.07575728309874	1.15498518235295
TCGA-25-1628-01	0	0	0
TCGA-24-1544-01	0.552885264006554	0.596826144074213	1.15498518235295
TCGA-09-1666-01	0	0	0
TCGA-36-1574-01	0	0	0
TCGA-57-1582-01	0	0	0
TCGA-57-1583-01	0	0	0
TCGA-25-1630-01	0	0	0
TCGA-36-1571-01	0.781963147844846	0.373022034508106	1.15498518235295
TCGA-09-1659-01	1.97416201350233e-05	0.728281642590317	0.728301384210452
TCGA-25-1633-01	0	0	0
TCGA-25-1627-01	0	0	0
TCGA-36-1576-01	0	0	0
TCGA-36-1570-01	0	0	0
TCGA-09-1668-01	0	0	0
TCGA-04-1517-01	0.559877813056921	0.582160988544296	1.14689365033529
TCGA-36-1569-01	0.781963147844846	0.373022034508106	1.15498518235295
TCGA-09-1661-01	0.781960574632425	0.373022034508106	1.15498518235295
TCGA-36-1578-01	0	0	0
TCGA-25-1626-01	0	0	0
TCGA-25-1631-01	0.572824193808656	0.582160988544296	1.15498518235295
TCGA-57-1584-01	2.63057702919987e-05	0.900244306851517	0.900270612621809
TCGA-25-1634-01	0.781963147844846	0.373022034508106	1.15498518235295
TCGA-24-1548-01	0	0	0
TCGA-61-1730-01	0.681038659000996	0.373022034508106	1.15044176607632
TCGA-61-1738-01	0	0	0
TCGA-29-1775-01	0.00626581322006566	0.582160988544296	0.588426801764362
TCGA-61-1907-01	0	0	0
TCGA-04-1638-01	0.572689444344198	0.582168331214134	1.15498518235295
TCGA-24-1846-01	0	0	0
TCGA-23-1029-01	0.578048568958311	0.373022034508106	1.15498518235295
TCGA-04-1651-01	0.0612457417944087	1.09373944055854	1.15498518235295
TCGA-24-1842-01	9.83393281943877e-06	0.587906685057542	0.587916518990361
TCGA-24-1849-01	0.000109484452056418	0.689860532624322	0.689970017076379
TCGA-29-1774-01	0.572824193808656	0.582160988544296	1.15498518235295
TCGA-24-1843-01	0	0	0
TCGA-61-1722-01	0	0	0
TCGA-04-1648-01	0.0710947860906133	1.08382727880353	1.15498518235295
TCGA-30-1855-01	0	0	0
TCGA-04-1649-01	0	0	0
TCGA-61-1900-01	0	0	0
TCGA-61-1906-01	0.389340700282059	0.689397624821679	1.13952230638767
TCGA-61-1895-01	0	0	0
TCGA-61-1904-01	0.781963147844846	0.373022034508106	1.15498518235295
TCGA-61-1899-01	0	0	0
TCGA-61-1915-01	0.781858498409759	0.373022034508106	1.15498518235295
TCGA-24-1845-01	0.571602696428321	0.582160988544296	1.15498518235295
TCGA-61-1727-01	0	0	0
TCGA-04-1646-01	0.781870102450486	0.373022034508106	1.15498518235295
TCGA-30-1856-01	0	0	0
TCGA-61-1725-01	0.298222297837881	0.856684311391843	1.15498518235295
TCGA-61-1901-01	0	0	0
TCGA-61-1913-01	0.198301796170288	0.949704203085988	1.15044176607632
TCGA-29-1777-01	0.570611952281595	0.582160988544296	1.15498518235295
TCGA-23-1111-01	0.781794168099232	0.373022034508106	1.15498518235295
TCGA-29-1769-01	0	0	0
TCGA-61-1914-01	0.781963147844846	0.373022034508106	1.15498518235295
TCGA-61-1741-01	0	0	0
TCGA-04-1652-01	0.647447485139268	0.373022034508106	1.14799729622573
TCGA-61-1911-01	0	0	0
TCGA-30-1857-01	0	0	0
TCGA-24-1850-01	0	0	0
TCGA-61-1910-01	0	0	0
TCGA-13-1494-01	0	0	0
TCGA-24-1418-01	0	0	0
TCGA-13-1482-01	0	0	0
TCGA-13-1511-01	0	0	0
TCGA-24-1426-01	0.756574399983204	0.373022034508106	1.1342767227229
TCGA-13-1507-01	0	0	0
TCGA-24-1419-01	0	0	0
TCGA-24-1435-01	0	0	0
TCGA-24-1422-01	0.194895248087138	0.960054925464976	1.15498518235295
TCGA-13-1512-01	0	0	0
TCGA-24-1467-01	0	0	0
TCGA-24-1464-01	0.765065771514357	0.373022034508106	1.13809130526356
TCGA-24-1430-01	0.000580546223995568	0.660426563717628	0.661007109941623
TCGA-24-1436-01	0	0	0
TCGA-13-1501-01	0	0	0
TCGA-13-1510-01	0	0	0
TCGA-24-1417-01	8.8013698733977e-06	0.637965164587788	0.637973965957662
TCGA-13-1487-01	0	0	0
TCGA-13-1484-01	0	0	0
TCGA-13-1509-01	4.40068493669885e-06	0.584487016869022	0.584491417553959
TCGA-24-1434-01	0	0	0
TCGA-24-1427-01	0	0	0
TCGA-13-1491-01	0.781914142079629	0.373022034508106	1.15498518235295
TCGA-24-1428-01	0.136859867416131	1.01812531493682	1.15498518235295
TCGA-13-1505-01	0	0	0
TCGA-13-1483-01	0.000142633000601943	0.737426183939337	0.737568816939939
TCGA-13-1481-01	0	0	0
TCGA-13-1495-01	0.336478181342622	0.782544169375594	1.15498518235295
TCGA-13-1488-01	0	0	0
TCGA-13-1498-01	0.390023347313553	0.582160988544296	1.15498518235295
TCGA-24-1431-01	0.0639879831307733	0.847097751152478	0.911085734283251
TCGA-24-1466-01	0.215850990152882	0.914409283973404	1.15498518235295
TCGA-24-1463-01	3.80245402351633e-06	0.73806926578112	0.738073068235144
TCGA-13-1506-01	0	0	0
TCGA-13-1500-01	0.572800633344609	0.582160988544296	1.15498518235295
TCGA-13-1489-01	0.361005599613441	0.724775837345243	1.15498518235295
TCGA-13-0723-01	0	0	0
TCGA-13-0800-01	0	0	0
TCGA-13-0802-01	0	0	0
TCGA-13-0727-01	0	0	0
TCGA-13-0755-01	0.411126450862595	0.743858731490357	1.15498518235295
TCGA-13-0761-01	0	0	0
TCGA-13-0791-01	0.494412748631836	0.619737945522126	1.15498518235295
TCGA-13-0792-01	0	0	0
TCGA-13-0805-01	0.781939382507199	0.373022034508106	1.15498518235295
TCGA-09-0364-01	0.781936047164984	0.373022034508106	1.15498518235295
TCGA-09-0365-01	0.781954985680606	0.373022034508106	1.15498518235295
TCGA-13-0714-01	0	0	0
TCGA-13-0804-01	0.78194128373421	0.373022034508106	1.15498518235295
TCGA-13-0768-01	0	0	0
TCGA-13-0793-01	0	0	0
TCGA-09-0367-01	0	0	0
TCGA-13-0751-01	0.766435007345415	0.373022034508106	1.15498518235295
TCGA-13-0797-01	0.00333708773766843	0.950828934567379	0.954166022305048
TCGA-13-0725-01	0.0467594245277575	1.10822575782519	1.15498518235295
TCGA-13-0795-01	0	0	0
TCGA-13-0764-01	0	0	0
TCGA-13-0720-01	3.35992704664158e-07	1.03859337588416	1.03859371187686
TCGA-13-0801-01	0	0	0
TCGA-13-0717-01	0	0	0
TCGA-13-0760-01	0	0	0
TCGA-13-0762-01	0.572731582746329	0.582160988544296	1.15498518235295
TCGA-13-0791-02	0.995746283189288	0.619737945522126	1.15498518235295
TCGA-13-0803-01	0.0148010850663134	0.582160988544296	0.596962073610609
TCGA-13-0757-01	0	0	0
TCGA-13-0799-01	0.131919061914269	0.982473104460075	1.13877307543604
TCGA-13-0730-01	0	0	0
TCGA-13-0726-01	0	0	0
TCGA-13-0766-01	0.362883823417346	0.792101358935606	1.15498518235295
TCGA-13-1407-01	0.572824193808656	0.582160988544296	1.15498518235295
TCGA-04-1350-01	0.781550016132157	0.373022034508106	1.15498518235295
TCGA-04-1351-01	0	0	0
TCGA-13-1403-01	0.572730755056983	0.582168331214134	1.15498518235295
TCGA-04-1356-01	0	0	0
TCGA-25-1320-01	0	0	0
TCGA-25-1312-01	0.405274539679956	0.749662669470725	1.15498518235295
TCGA-13-0900-01	0	0	0
TCGA-13-0905-01	0.139805802280963	0.983061739093814	1.14330563341185
TCGA-25-1317-01	0.781930777815982	0.373022034508106	1.15498518235295
TCGA-25-1315-01	3.92537818375931e-06	0.718930555872313	0.718934481250497
TCGA-04-1357-01	0.164792809402099	0.990192372950853	1.15498518235295
TCGA-04-1362-01	0	0	0
TCGA-04-1367-01	0	0	0
TCGA-04-1365-01	0	0	0
TCGA-25-1318-01	0	0	0
TCGA-25-1321-01	0.764050753943454	0.373022034508106	1.13733468247243
TCGA-25-1319-01	0	0	0
TCGA-04-1348-01	4.17942144826148e-06	0.616952746289229	0.616956925710677
TCGA-13-1408-01	0	0	0
TCGA-13-0901-01	0	0	0
TCGA-13-0908-01	0	0	0
TCGA-04-1349-01	0.781914535436942	0.373022034508106	1.15498518235295
TCGA-24-1413-01	0.572793479158483	0.582160988544296	1.15498518235295
TCGA-13-1409-01	0.536143681756757	0.612479847505859	1.15498518235295
TCGA-25-1323-01	0.767326863102698	0.373022034508106	1.15180317573585
TCGA-25-1322-01	4.08927706408329e-06	0.9549149418488	0.954919031125864
TCGA-04-1364-01	0.781855859637786	0.373022034508106	1.15498518235295
TCGA-13-1410-01	0.572652558901181	0.582270899133441	1.15498518235295
TCGA-13-0893-01	0	0	0
TCGA-04-1360-01	0.781822612749912	0.373022034508106	1.15498518235295
TCGA-25-1313-01	0.300506753211613	0.654981810133489	1.15498518235295
TCGA-13-1404-01	0	0	0
TCGA-25-1316-01	0.781914732115598	0.373022034508106	1.15498518235295
TCGA-04-1361-01	0	0	0
TCGA-04-1371-01	0.777568945108864	0.373022034508106	1.15498518235295
TCGA-25-1314-01	0.342572621893421	0.798177647685409	1.15498518235295
TCGA-24-2267-01	0	0	0
TCGA-24-2295-01	0.5595901049624	0.582160988544296	1.14177545707526
TCGA-09-2050-01	0	0	0
TCGA-09-2044-01	0.43562704708165	0.708758983164463	1.14541964214499
TCGA-24-2297-01	0	0	0
TCGA-59-2352-01	0	0	0
TCGA-59-2351-01	0	0	0
TCGA-25-2392-01	0.510571727726689	0.64418261124827	1.15498518235295
TCGA-09-2045-01	0	0	0
TCGA-24-2280-01	0.144590690777973	1.01039449157498	1.15498518235295
TCGA-09-2043-01	0	0	0
TCGA-25-2397-01	1.95859161987156e-06	0.591997978077853	0.591999936669473
TCGA-25-2391-01	0.189311639371589	0.965542612360816	1.15498518235295
TCGA-29-2414-01	0.0943617564121893	0.633846287385919	0.728208043798108
TCGA-09-2055-01	0.527001107194301	0.607139022201734	1.13426524980127
TCGA-24-2271-01	0	0	0
TCGA-09-2051-01	0	0	0
TCGA-25-2399-01	0.274723041828166	0.582160988544296	1.15498518235295
TCGA-24-2298-01	0	0	0
TCGA-25-2404-01	0	0	0
TCGA-29-2428-01	0	0	0
TCGA-24-2289-01	0	0	0
TCGA-13-2060-01	0.572824193808656	0.582160988544296	1.15498518235295
TCGA-25-2408-01	0	0	0
TCGA-59-2355-01	0	0	0
TCGA-59-2363-01	0.781883034072143	0.373022034508106	1.15498518235295
TCGA-24-2290-01	0	0	0
TCGA-25-2396-01	0	0	0
TCGA-24-2288-01	0	0	0
TCGA-25-2398-01	0	0	0
TCGA-09-2049-01	0.572804517748073	0.582160988544296	1.15498518235295
TCGA-24-2281-01	0	0	0
TCGA-09-2048-01	0	0	0
TCGA-29-2425-01	0	0	0
TCGA-59-2354-01	7.72127625206268e-05	0.795696759503609	0.79577397226613
TCGA-25-2401-01	0.0831912937832606	1.07179388856969	1.15498518235295
TCGA-25-2393-01	0	0	0
TCGA-29-1707-02	1.06452322770425e-05	0.873063906574557	0.873074551806834
TCGA-13-1819-01	0	0	0
TCGA-13-1817-02	0	0	0
TCGA-61-1916-02	0	0	0
TCGA-61-2095-02	0	0	0
TCGA-29-1710-02	0.781907151792383	0.373022034508106	1.15498518235295
TCGA-29-1692-01	0.00122577514111099	0.620250965407429	0.62147674054854
TCGA-29-1704-01	0	0	0
TCGA-29-1704-02	0	0	0
TCGA-29-1692-02	0	0	0
TCGA-13-0913-02	0	0	0
TCGA-24-1852-01	0	0	0
TCGA-29-2414-02	0.491773714420411	0.373022034508106	1.15498518235295
TCGA-23-2643-01	0.781963147844846	0.373022034508106	1.15498518235295
TCGA-36-2543-01	0	0	0
TCGA-04-1353-01	0	0	0
TCGA-36-2538-01	0	0	0
TCGA-36-2534-01	0	0	0
TCGA-13-2059-01	0	0	0
TCGA-36-2542-01	0	0	0
TCGA-36-2529-01	0.57191786578024	0.582160988544296	1.15498518235295
TCGA-23-2641-01	0	0	0
TCGA-13-2057-01	0	0	0
TCGA-13-2071-01	0	0	0
TCGA-04-1369-01	4.08436009767357e-05	0.60224196131103	0.602282804912007
TCGA-36-2547-01	7.44920411072487e-06	0.672227619093659	0.67223506829777
TCGA-36-2530-01	0	0	0
TCGA-13-2065-01	0.443468067855677	0.582160988544296	1.15498518235295
TCGA-04-1644-01	0	0	0
TCGA-29-2429-01	0	0	0
TCGA-36-2552-01	0.50081139369946	0.624358492611836	1.15498518235295
TCGA-29-2431-01	0	0	0
TCGA-36-2537-01	0	0	0
TCGA-04-1516-01	0	0	0
TCGA-61-2613-01	0.572816851138817	0.582168331214134	1.15498518235295
TCGA-13-2066-01	0	0	0
TCGA-23-2647-01	0	0	0
TCGA-36-2549-01	0	0	0
TCGA-36-2544-01	0.412747607467656	0.740997065234844	1.15498518235295
TCGA-36-2548-01	0.309801048967585	0.373022034508106	1.14218342597321
TCGA-13-2061-01	0	0	0
TCGA-36-2532-01	0	0	0
TCGA-61-2611-02	0	0	0
TCGA-42-2590-01	0.409495927436524	0.745489254916428	1.15498518235295
TCGA-29-2434-01	0.337011295230652	0.729600504100508	1.15498518235295
TCGA-42-2589-01	0.615280994099812	0.373022034508106	1.15498518235295
TCGA-23-2649-01	1.68733897293537e-05	0.618836575434841	0.61885344882457
TCGA-42-2582-01	0	0	0
TCGA-36-2551-01	0	0	0
TCGA-42-2588-01	0.063179428979415	1.09180575337354	1.15498518235295
TCGA-42-2591-01	0.132715487548483	1.01528180867725	1.14799729622573
TCGA-42-2587-01	0	0	0
TCGA-61-2614-01	0.572779154396343	0.582160988544296	1.15498518235295
TCGA-42-2593-01	0.766335102782914	0.373022034508106	1.13952230638767
TCGA-23-2645-01	0	0	0
TCGA-61-2610-02	0.26370878302713	0.582160988544296	1.13934223068785
TCGA-36-2533-01	0	0	0
TCGA-59-2372-01	0.781952838605273	0.373022034508106	1.15498518235295
TCGA-36-2545-01	0.572461551146051	0.582160988544296	1.15498518235295
TCGA-3P-A9WA-01	0	0	0
TCGA-13-A5FT-01	0	0	0
TCGA-WR-A838-01	0	0	0
TCGA-OY-A56Q-01	0	0	0
TCGA-OY-A56P-01	0.572066800692791	0.582160988544296	1.15498518235295
TCGA-5X-AA5U-01	0.395535520702113	0.747033624896056	1.14266591969206
TCGA-VG-A8LO-01	0	0	0
TCGA-59-A5PD-01	0	0	0
TCGA-13-0910-01	0.083934648960026	1.0586485263823	1.1433435678077
TCGA-13-0903-01	0.0593928485624581	1.04275855451972	1.15498518235295
TCGA-13-0924-01	0.781963147844846	0.373022034508106	1.15498518235295
TCGA-13-0891-01	0	0	0
TCGA-13-0886-01	0	0	0
TCGA-13-0807-01	0	0	0
TCGA-10-0935-01	0.25213503900822	0.902850143344731	1.15498518235295
TCGA-10-0928-01	0	0	0
TCGA-24-0966-01	7.71963726325944e-06	0.740409610673043	0.740417330310306
TCGA-13-0888-01	0	0	0
TCGA-13-0904-01	0	0	0
TCGA-13-0916-01	0	0	0
TCGA-13-0923-01	0	0	0
TCGA-10-0933-01	0	0	0
TCGA-13-0921-01	0.553032813973566	0.582160988544296	1.1360814050992
TCGA-13-0887-01	0.140578946079227	1.01440623627372	1.15498518235295
TCGA-10-0938-01	0	0	0
TCGA-10-0927-01	0	0	0
TCGA-13-0899-01	0	0	0
TCGA-13-0906-01	0	0	0
TCGA-13-0889-01	0	0	0
TCGA-13-0883-01	0	0	0
TCGA-13-0890-01	0	0	0
TCGA-10-0936-01	0	0	0
TCGA-13-0920-01	0	0	0
TCGA-13-0912-01	0	0	0
TCGA-13-0913-01	0.437250604805307	0.707222095168721	1.14462472438047
TCGA-10-0934-01	0	0	0
TCGA-13-0919-01	0	0	0
TCGA-13-0911-01	1.41772531480242e-06	0.618817653309107	0.618819071034422
TCGA-61-1728-01	0	0	0
TCGA-30-1860-01	0	0	0
TCGA-31-1956-01	0	0	0
TCGA-31-1944-01	0.647505382418742	0.373022034508106	1.13426524980127
TCGA-24-1930-01	0	0	0
TCGA-30-1862-01	0	0	0
TCGA-24-1920-01	0.28229216255468	0.630746459667407	1.15498518235295
TCGA-30-1859-01	0	0	0
TCGA-04-1654-01	0	0	0
TCGA-57-1993-01	0	0	0
TCGA-24-1924-01	0.572824193808656	0.582160988544296	1.15498518235295
TCGA-25-1871-01	0.774761414653522	0.373022034508106	1.15230284605735
TCGA-31-1950-01	0	0	0
TCGA-24-1923-01	0	0	0
TCGA-25-1878-01	0	0	0
TCGA-24-2020-01	0	0	0
TCGA-30-1891-01	0	0	0
TCGA-30-1861-01	0	0	0
TCGA-31-1946-01	1.86516925808689e-05	1.01976844218679	1.01978709387937
TCGA-30-1867-01	0	0	0
TCGA-25-1877-01	0	0	0
TCGA-24-2023-01	0.755998279028977	0.373022034508106	1.15498518235295
TCGA-61-1743-01	0	0	0
TCGA-30-1887-01	0	0	0
TCGA-25-1870-01	0.761111252109676	0.373022034508106	1.13422284916093
TCGA-61-1917-01	0	0	0
TCGA-61-1918-01	0.126116648193487	0.582208896187015	0.708325544380502
TCGA-30-1853-01	0	0	0
TCGA-61-1721-01	0	0	0
TCGA-61-1724-01	0.000367190856533828	0.777395785941801	0.777762976798335
TCGA-24-2026-01	0.553002058348673	0.582160988544296	1.15498518235295
TCGA-30-1892-01	0	0	0
TCGA-31-1953-01	0.188753621048694	0.94523124693801	1.14443842052321
TCGA-10-0925-01	0.0949289694622705	1.0600305791058	1.15498518235295
TCGA-57-1992-01	0.776620609797421	0.373022034508106	1.15044176607632
TCGA-30-1866-01	0	0	0
TCGA-24-1927-01	0	0	0
TCGA-61-1919-01	0	0	0
TCGA-30-1880-01	0.569874071327432	0.582160988544296	1.15498518235295
TCGA-24-2029-01	0.777347058804681	0.373022034508106	1.15498518235295
TCGA-31-1955-01	0.781915969552144	0.373022034508106	1.15498518235295
TCGA-29-1784-01	0	0	0
TCGA-20-1685-01	0.551919137471653	0.373022034508106	1.14799729622573
TCGA-30-1714-01	0.771530517000415	0.373022034508106	1.15498518235295
TCGA-09-1673-01	0	0	0
TCGA-20-1686-01	0.781963147844846	0.373022034508106	1.15498518235295
TCGA-29-1688-01	0.109987711763397	1.04495286550927	1.15498518235295
TCGA-20-1684-01	0.0348061316767374	0.601149985020872	0.635956116697609
TCGA-24-1847-01	1.54720543025837e-05	0.90407556610325	0.904091038157552
TCGA-29-1711-01	7.18532691340327e-05	0.598920198118672	0.598992051387806
TCGA-29-1768-01	0	0	0
TCGA-29-1697-01	0	0	0
TCGA-29-1701-01	0	0	0
TCGA-20-1682-01	0	0	0
TCGA-29-1699-01	0.465396221978383	0.582160988544296	1.13499036303266
TCGA-29-1695-01	0.559398564535909	0.582208896187015	1.14343780966389
TCGA-29-1770-02	0	0	0
TCGA-29-1764-01	0	0	0
TCGA-20-1683-01	0	0	0
TCGA-29-1763-01	0.568345968311676	0.582184213015638	1.15280077905071
TCGA-29-1702-01	0.758807415693346	0.373022034508106	1.13637709506919
TCGA-09-1675-01	0.57281736742029	0.582160988544296	1.15498518235295
TCGA-30-1718-01	0	0	0
TCGA-29-1766-01	0	0	0
TCGA-29-1705-02	0	0	0
TCGA-57-1586-01	0	0	0
TCGA-29-1710-01	0.781963147844846	0.373022034508106	1.15498518235295
TCGA-29-1703-01	0	0	0
TCGA-29-1698-01	0	0	0
TCGA-29-1691-01	0.0302299356240436	0.582160988544296	0.61239092416834
TCGA-29-1707-01	0.444473767775233	0.373022034508106	1.15498518235295
TCGA-29-1761-01	0	0	0
TCGA-09-1672-01	0	0	0
TCGA-29-1705-01	0	0	0
TCGA-09-1674-01	0.781951289760854	0.373022034508106	1.15498518235295
TCGA-29-1781-01	0.431214454891295	0.597413787119726	1.15498518235295
TCGA-29-1783-01	0.774327910310009	0.373022034508106	1.15498518235295
TCGA-04-1655-01	0.570885565072408	0.583964261390229	1.15498518235295
TCGA-29-1771-01	0	0	0
TCGA-29-1770-01	0	0	0
TCGA-29-1762-01	0	0	0
TCGA-29-1785-01	0	0	0
TCGA-29-1694-01	0	0	0
TCGA-23-1114-01	0	0	0
TCGA-09-1670-01	0.781944815755081	0.373022034508106	1.15498518235295
TCGA-29-1693-01	0.781963147844846	0.373022034508106	1.15498518235295
TCGA-24-1565-01	0	0	0
TCGA-24-1604-01	0.531589267865259	0.607079403984016	1.13866867184927
TCGA-24-1471-01	0	0	0
TCGA-24-1474-01	0	0	0
TCGA-24-1562-01	0.572824193808656	0.582160988544296	1.15498518235295
TCGA-24-1563-01	0.321435779759863	0.812766205073606	1.13420198483347
TCGA-24-1603-01	0.753195985142862	0.373022034508106	1.15498518235295
TCGA-04-1514-01	0	0	0
TCGA-24-1551-01	0.134877666162549	1.00723747953712	1.15498518235295
TCGA-24-1555-01	0	0	0
TCGA-24-1614-01	0.195821465244681	0.959163717108271	1.15498518235295
TCGA-24-1549-01	0	0	0
TCGA-24-1550-01	0.781963147844846	0.373022034508106	1.15498518235295
TCGA-04-1542-01	0.781839510724473	0.373022034508106	1.15498518235295
TCGA-24-1470-01	0	0	0
TCGA-24-1616-01	0.572811278576886	0.582168331214134	1.15498518235295
TCGA-04-1530-01	0	0	0
TCGA-24-1553-01	0	0	0
TCGA-24-1469-01	0.53378979881732	0.582160988544296	1.15498518235295
TCGA-24-1564-01	0	0	0
TCGA-24-0968-01	0	0	0
TCGA-04-1337-01	0	0	0
TCGA-23-1120-01	8.85627599830624e-05	0.60543609644528	0.605524659205263
TCGA-20-0991-01	0	0	0
TCGA-20-0987-01	0	0	0
TCGA-04-1332-01	0	0	0
TCGA-23-1027-01	0	0	0
TCGA-23-1028-01	0.571409377698979	0.582160988544296	1.15498518235295
TCGA-20-0996-01	0	0	0
TCGA-23-1031-01	0	0	0
TCGA-23-1021-01	0.763792170679967	0.373022034508106	1.13689221286016
TCGA-23-1116-01	0	0	0
TCGA-24-0979-01	0	0	0
TCGA-23-1032-01	0	0	0
TCGA-04-1342-01	0	0	0
TCGA-23-1022-01	0	0	0
TCGA-04-1336-01	0	0	0
TCGA-24-0970-01	0	0	0
TCGA-04-1335-01	0	0	0
TCGA-24-0981-01	0	0	0
TCGA-23-1119-01	0.488171889016299	0.373022034508106	1.15498518235295
TCGA-23-1122-01	0	0	0
TCGA-20-0990-01	0.571885913693521	0.582160988544296	1.15498518235295
TCGA-04-1347-01	2.29458432453571e-07	0.611826554763832	0.611826784222264
TCGA-04-1346-01	0.567861761849535	0.582160988544296	1.15498518235295
TCGA-23-1124-01	0	0	0
TCGA-23-1121-01	0	0	0
TCGA-23-1026-01	0	0	0
TCGA-23-1110-01	0.496714749380706	0.582168331214134	1.15498518235295
TCGA-24-1103-01	0	0	0
TCGA-23-1030-01	0.762045639626403	0.373022034508106	1.14427665232833
TCGA-04-1341-01	0	0	0
TCGA-04-1338-01	0	0	0
TCGA-23-1109-01	0	0	0
TCGA-23-1123-01	0	0	0
TCGA-04-1331-01	0	0	0
TCGA-24-1105-01	0.781946667812429	0.373022034508106	1.15498518235295
TCGA-23-1024-01	8.6366514986721e-05	0.582168331214134	0.582254697729121
TCGA-04-1343-01	0.111025626007881	1.04391793422441	1.15498518235295
TCGA-23-1118-01	0	0	0
TCGA-23-1117-01	0	0	0
TCGA-61-2098-01	0.781917067674643	0.373022034508106	1.15498518235295
TCGA-09-2053-01	0.776630927231937	0.373022034508106	1.15498518235295
TCGA-61-2101-01	0.781921574893852	0.373022034508106	1.15498518235295
TCGA-24-2019-01	0	0	0
TCGA-61-2109-01	0	0	0
TCGA-23-2078-01	0	0	0
TCGA-23-2081-01	0	0	0
TCGA-61-2102-01	0	0	0
TCGA-61-2012-01	0	0	0
TCGA-61-2104-01	0	0	0
TCGA-61-2092-01	0	0	0
TCGA-24-2024-01	0.512244078147019	0.64268714869453	1.15498518235295
TCGA-61-1995-01	0.781928114459176	0.373022034508106	1.15498518235295
TCGA-24-2035-01	0	0	0
TCGA-61-1734-01	0.0314238570177637	1.12356132533519	1.15498518235295
TCGA-24-2260-01	0	0	0
TCGA-23-2072-01	0	0	0
TCGA-61-2096-01	0.772449096470135	0.373022034508106	1.15498518235295
TCGA-09-2054-01	0.773408675244768	0.373022034508106	1.14771205480936
TCGA-61-2018-01	0.33179892567398	0.823186256678972	1.15498518235295
TCGA-61-2095-01	0	0	0
TCGA-61-2111-01	0.398715724431535	0.755633726944416	1.15498518235295
TCGA-61-2008-02	0	0	0
TCGA-61-2009-01	0.781963147844846	0.373022034508106	1.15498518235295
TCGA-61-1998-01	0	0	0
TCGA-23-2084-01	4.56868128903093e-05	0.797280850376884	0.797326537189775
TCGA-61-2110-01	0.572799985944032	0.582160988544296	1.15498518235295
TCGA-61-2000-01	0	0	0
TCGA-61-2094-01	0.572821612401291	0.582160988544296	1.15498518235295
TCGA-24-2036-01	0	0	0
TCGA-24-2261-01	0	0	0
TCGA-61-2017-01	0	0	0
TCGA-24-2033-01	0.773895118926626	0.373022034508106	1.15498518235295
TCGA-61-2003-01	0.762356432878217	0.373022034508106	1.13542484257451
TCGA-61-2008-01	0	0	0
TCGA-23-2077-01	0.572816851138817	0.582168331214134	1.15498518235295
TCGA-61-1736-01	0.208154864184005	0.945462139485667	1.15498518235295
TCGA-61-2097-01	0.781773336551542	0.373022034508106	1.15498518235295
TCGA-61-2016-01	0.781963147844846	0.373022034508106	1.15498518235295
TCGA-09-2056-01	0	0	0
TCGA-61-2087-01	0	0	0
TCGA-61-2002-01	0	0	0
X1097	0	0	0
X1172	0	0	0
X1177	0	0	0
X1196	0	0	0
X120	0	0	0
X1265	0	0	0
X1283	0	0	0
X1530	0	0	0
X1548	0	0	0
X1568	0	0	0
X1582	0	0	0
X1922	0	0	0
X1928	0	0	0
X2120	0	0	0
X2176	0	0	0
X2212	0	0	0
X2316	0	0	0
X2360	0	0	0
X2362	0	0	0
X2429	0	0	0
X2438	0	0	0
X2443	0	0	0
X2529	0	0	0
X2556	0	0	0
X2577	0	0	0
X2638	0	0	0
X2716	0	0	0
X2763	0	0	0
X2797	0	0	0
X2890	0	0	0
X2949	0	0	0
X300	0	0	0
X3056	0	0	0
X3080	0	0	0
X3349	0	0	0
X342	0	0	0
X429	0	0	0
X736	0	0	0
X860	0	0	0
X970	0	0	0
OVCA102	0	0	0
OVCA104	0	0	0
OVCA105	0	0	0
OVCA109	0	0	0
OVCA110	0	0	0
OVCA114	0	0	0
OVCA115	0	0	0
OVCA116	0	0	0
OVCA118	0	0	0
OVCA119	0	0	0
OVCA121	0	0	0
OVCA124	0	0	0
OVCA125	0	0	0
OVCA126	0	0	0
OVCA127	0	0	0
OVCA128	0	0	0
OVCA130	0	0	0
OVCA131	0	0	0
OVCA132	0	0	0
OVCA133	0	0	0
OVCA134	0	0	0
OVCA135	0	0	0
OVCA136	0	0	0
OVCA137	0	0	0
OVCA138	0	0	0
OVCA139	0	0	0
OVCA14	0	0	0
OVCA140	0	0	0
OVCA142	0	0	0
OVCA143	0	0	0
OVCA144	0	0	0
OVCA145	0	0	0
OVCA146	0	0	0
OVCA148	0	0	0
OVCA149	0	0	0
OVCA15	0	0	0
OVCA150	0	0	0
OVCA152	0	0	0
OVCA153	0	0	0
OVCA156	0	0	0
OVCA158	0	0	0
OVCA159	0	0	0
OVCA16-02	0	0	0
OVCA160	0	0	0
OVCA161	0	0	0
OVCA162	0	0	0
OVCA163	0	0	0
OVCA164	0	0	0
OVCA165	0	0	0
OVCA168	0	0	0
OVCA169	0	0	0
OVCA17	0	0	0
OVCA171	0	0	0
OVCA172	0	0	0
OVCA173	0	0	0
OVCA174	0	0	0
OVCA176	0	0	0
OVCA179	0	0	0
OVCA18	0	0	0
OVCA180	0	0	0
OVCA181	0	0	0
OVCA184	0	0	0
OVCA185	0	0	0
OVCA186	0	0	0
OVCA189	0	0	0
OVCA19	0	0	0
OVCA190	0	0	0
OVCA193	0	0	0
OVCA194	0	0	0
OVCA195	0	0	0
OVCA196	0	0	0
OVCA197	0	0	0
OVCA198	0	0	0
OVCA199	0	0	0
OVCA2	0	0	0
OVCA20-02	0	0	0
OVCA200	0	0	0
OVCA202	0	0	0
OVCA206	0	0	0
OVCA210	0	0	0
OVCA211	0	0	0
OVCA212	0	0	0
OVCA214	0	0	0
OVCA216	0	0	0
OVCA217	0	0	0
OVCA218	0	0	0
OVCA221	0	0	0
OVCA222	0	0	0
OVCA223	0	0	0
OVCA225	0	0	0
OVCA227	0	0	0
OVCA229	0	0	0
OVCA231	0	0	0
OVCA232	0	0	0
OVCA233	0	0	0
OVCA234	0	0	0
OVCA235	0	0	0
OVCA237	0	0	0
OVCA24	0	0	0
OVCA240	0	0	0
OVCA242	0	0	0
OVCA245R	0	0	0
OVCA246	0	0	0
OVCA247	0	0	0
OVCA248	0	0	0
OVCA249	0	0	0
OVCA252	0	0	0
OVCA253	0	0	0
OVCA254	0	0	0
OVCA256	0	0	0
OVCA257	0	0	0
OVCA258	0	0	0
OVCA259	0	0	0
OVCA260	0	0	0
OVCA261	0	0	0
OVCA262	0	0	0
OVCA264	0	0	0
OVCA265	0	0	0
OVCA266	0	0	0
OVCA267	0	0	0
OVCA268	0	0	0
OVCA269R	0	0	0
OVCA27	0	0	0
OVCA270R	0	0	0
OVCA272	0	0	0
OVCA273	0	0	0
OVCA274	0	0	0
OVCA275	0	0	0
OVCA276	0	0	0
OVCA278	0	0	0
OVCA279	0	0	0
OVCA280	0	0	0
OVCA281	0	0	0
OVCA282	0	0	0
OVCA285	0	0	0
OVCA286	0	0	0
OVCA288	0	0	0
OVCA289	0	0	0
OVCA291	0	0	0
OVCA292	0	0	0
OVCA293	0	0	0
OVCA294	0	0	0
OVCA295	0	0	0
OVCA297	0	0	0
OVCA298	0	0	0
OVCA299	0	0	0
OVCA3	0	0	0
OVCA300	0	0	0
OVCA301	0	0	0
OVCA302	0	0	0
OVCA303	0	0	0
OVCA304	0	0	0
OVCA305	0	0	0
OVCA306	0	0	0
OVCA308	0	0	0
OVCA309	0	0	0
OVCA31	0	0	0
OVCA310	0	0	0
OVCA311	0	0	0
OVCA312	0	0	0
OVCA313	0	0	0
OVCA314	0	0	0
OVCA315	0	0	0
OVCA316	0	0	0
OVCA317	0	0	0
OVCA318	0	0	0
OVCA319	0	0	0
OVCA32	0	0	0
OVCA321	0	0	0
OVCA322	0	0	0
OVCA325	0	0	0
OVCA328	0	0	0
OVCA329	0	0	0
OVCA33	0	0	0
OVCA331	0	0	0
OVCA334	0	0	0
OVCA335	0	0	0
OVCA336	0	0	0
OVCA337	0	0	0
OVCA338	0	0	0
OVCA339	0	0	0
OVCA34	0	0	0
OVCA340	0	0	0
OVCA341	0	0	0
OVCA342	0	0	0
OVCA343	0	0	0
OVCA345	0	0	0
OVCA346	0	0	0
OVCA347	0	0	0
OVCA348	0	0	0
OVCA349	0	0	0
OVCA350	0	0	0
OVCA351	0	0	0
OVCA352	0	0	0
OVCA353	0	0	0
OVCA354	0	0	0
OVCA355	0	0	0
OVCA356	0	0	0
OVCA357	0	0	0
OVCA358	0	0	0
OVCA359	0	0	0
OVCA36	0	0	0
OVCA361	0	0	0
OVCA363	0	0	0
OVCA364	0	0	0
OVCA366	0	0	0
OVCA368	0	0	0
OVCA369	0	0	0
OVCA37	0	0	0
OVCA371	0	0	0
OVCA372	0	0	0
OVCA373	0	0	0
OVCA375	0	0	0
OVCA376	0	0	0
OVCA378	0	0	0
OVCA379	0	0	0
OVCA38	0	0	0
OVCA381	0	0	0
OVCA383	0	0	0
OVCA384	0	0	0
OVCA387	0	0	0
OVCA390	0	0	0
OVCA391	0	0	0
OVCA392	0	0	0
OVCA394	0	0	0
OVCA395	0	0	0
OVCA396	0	0	0
OVCA398	0	0	0
OVCA399	0	0	0
OVCA4	0	0	0
OVCA40	0	0	0
OVCA400	0	0	0
OVCA401	0	0	0
OVCA402	0	0	0
OVCA403	0	0	0
OVCA405	0	0	0
OVCA406	0	0	0
OVCA407	0	0	0
OVCA408	0	0	0
OVCA409	0	0	0
OVCA41	0	0	0
OVCA410	0	0	0
OVCA412	0	0	0
OVCA414	0	0	0
OVCA415	0	0	0
OVCA417	0	0	0
OVCA419	0	0	0
OVCA42	0	0	0
OVCA420	0	0	0
OVCA421	0	0	0
OVCA423	0	0	0
OVCA424	0	0	0
OVCA426	0	0	0
OVCA427	0	0	0
OVCA43	0	0	0
OVCA44	0	0	0
OVCA46	0	0	0
OVCA52	0	0	0
OVCA53	0	0	0
OVCA54	0	0	0
OVCA56	0	0	0
OVCA57	0	0	0
OVCA59	0	0	0
OVCA60	0	0	0
OVCA63	0	0	0
OVCA67	0	0	0
OVCA69	0	0	0
OVCA70	0	0	0
OVCA71	0	0	0
OVCA74	0	0	0
OVCA75	0	0	0
OVCA76	0	0	0
OVCA77	0	0	0
OVCA8	0	0	0
OVCA80	0	0	0
OVCA83	0	0	0
OVCA84	0	0	0
OVCA87	0	0	0
OVCA88	0	0	0
OVCA89	0	0	0
OVCA9	0	0	0
OVCA93	0	0	0
OVCA94	0	0	0
OVCA96	0	0	0
OVCA98	0	0	0
OVCA99	0	0	0
GSM692789_JB0725	0	0	0
